dx_1
-3.141592653589793,-1.0
-3.141592653589793,-0.9980594385839632
-3.141592653589793,-0.9941750765600883
-3.141592653589793,-0.9902874421433635
-3.141592653589793,-0.9863965018541463
-3.141592653589793,-0.9825022218884699
-3.141592653589793,-0.9786045681123646
-3.141592653589793,-0.9747035060561363
-3.141592653589793,-0.9707990009082162
-3.141592653589793,-0.9668910175093164
-3.141592653589793,-0.9629795203459243
-3.141592653589793,-0.9590644735438527
-3.141592653589793,-0.9551458408619954
-3.141592653589793,-0.9512235856854833
-3.141592653589793,-0.9472976710189935
-3.141592653589793,-0.9433680594795231
-3.141592653589793,-0.9394347132897972
-3.141592653589793,-0.9354975942704654
-3.141592653589793,-0.9315566638326175
-3.141592653589793,-0.9276118829706486
-3.141592653589793,-0.9236632122542595
-3.141592653589793,-0.9197106118201536
-3.141592653589793,-0.9157540413643004
-3.141592653589793,-0.9117934601336097
-3.141592653589793,-0.9078288269168551
-3.141592653589793,-0.9038601000363929
-3.141592653589793,-0.8998872373393095
-3.141592653589793,-0.8959101961879898
-3.141592653589793,-0.8919289334505572
-3.141592653589793,-0.8879434054915349
-3.141592653589793,-0.8839535681619992
-3.141592653589793,-0.8799593767893995
-3.141592653589793,-0.8759607861672314
-3.141592653589793,-0.8719577505441971
-3.141592653589793,-0.8679502236137541
-3.141592653589793,-0.8639381585027632
-3.141592653589793,-0.8599215077600731
-3.141592653589793,-0.8559002233445162
-3.141592653589793,-0.8518742566134566
-3.141592653589793,-0.8478435583099109
-3.141592653589793,-0.8438080785504283
-3.141592653589793,-0.8397677668114876
-3.141592653589793,-0.8357225719166801
-3.141592653589793,-0.8316724420228497
-3.141592653589793,-0.8276173246056288
-3.141592653589793,-0.8235571664460176
-3.141592653589793,-0.8194919136146122
-3.141592653589793,-0.8154215114565272
-3.141592653589793,-0.8113459045762377
-3.141592653589793,-0.8072650368211843
-3.141592653589793,-0.8031788512651339
-3.141592653589793,-0.7990872901914738
-3.141592653589793,-0.7949902950754372
-3.141592653589793,-0.7908878065665952
-3.141592653589793,-0.7867797644698776
-3.141592653589793,-0.7826661077266218
-3.141592653589793,-0.7785467743954492
-3.141592653589793,-0.7744217016319381
-3.141592653589793,-0.770290825667605
-3.141592653589793,-0.7661540817888918
-3.141592653589793,-0.7620114043149265
-3.141592653589793,-0.7578627265751826
-3.141592653589793,-0.7537079808859231
-3.141592653589793,-0.7495470985263897
-3.141592653589793,-0.7453800097136297
-3.141592653589793,-0.7412066435774127
-3.141592653589793,-0.7370269281336357
-3.141592653589793,-0.7328407902572374
-3.141592653589793,-0.7286481556541006
-3.141592653589793,-0.7244489488322815
-3.141592653589793,-0.7202430930718731
-3.141592653589793,-0.716030510394383
-3.141592653589793,-0.7118111215310178
-3.141592653589793,-0.7075848458893592
-3.141592653589793,-0.703351601519783
-3.141592653589793,-0.6991113050803556
-3.141592653589793,-0.6948638718003262
-3.141592653589793,-0.6906092154427071
-3.141592653589793,-0.6863472482653864
-3.141592653589793,-0.6820778809812891
-3.141592653589793,-0.6778010227161241
-3.141592653589793,-0.6735165809662949
-3.141592653589793,-0.669224461553211
-3.141592653589793,-0.6649245685783429
-3.141592653589793,-0.6606168043745939
-3.141592653589793,-0.6563010694571082
-3.141592653589793,-0.6519772624718583
-3.141592653589793,-0.6476452801422269
-3.141592653589793,-0.6433050172137015
-3.141592653589793,-0.6389563663971114
-3.141592653589793,-0.634599218308318
-3.141592653589793,-0.6302334614072445
-3.141592653589793,-0.6258589819327386
-3.141592653589793,-0.6214756638366775
-3.141592653589793,-0.6170833887141829
-3.141592653589793,-0.6126820357318133
-3.141592653589793,-0.6082714815523192
-3.141592653589793,-0.6038516002566794
-3.141592653589793,-0.599422263262904
-3.141592653589793,-0.5949833392414678
-3.141592653589793,-0.5905346940269935
-3.141592653589793,-0.5860761905266801
-3.141592653589793,-0.5816076886244532
-3.141592653589793,-0.5771290450807954
-3.141592653589793,-0.5726401134287998
-3.141592653589793,-0.5681407438652903
-3.141592653589793,-0.5636307831369735
-3.141592653589793,-0.559110074421869
-3.141592653589793,-0.5545784572050665
-3.141592653589793,-0.5500357671490544
-3.141592653589793,-0.5454818359576357
-3.141592653589793,-0.540916491233361
-3.141592653589793,-0.5363395563292415
-3.141592653589793,-0.53175085019215
-3.141592653589793,-0.5271501871993524
-3.141592653589793,-0.5225373769862277
-3.141592653589793,-0.5179122242667876
-3.141592653589793,-0.5132745286435862
-3.141592653589793,-0.5086240844092763
-3.141592653589793,-0.5039606803372233
-3.141592653589793,-0.49928409946129615
-3.141592653589793,-0.4945941188443519
-3.141592653589793,-0.4898905093340128
-3.141592653589793,-0.4851730353057136
-3.141592653589793,-0.48044145439068625
-3.141592653589793,-0.47569551719013864
-3.141592653589793,-0.4709349669722763
-3.141592653589793,-0.4661595393531199
-3.141592653589793,-0.4613689619573834
-3.141592653589793,-0.45656295406112435
-3.141592653589793,-0.45174122621211693
-3.141592653589793,-0.4469034798276802
-3.141592653589793,-0.44204940676792903
-3.141592653589793,-0.43717868888241396
-3.141592653589793,-0.4322909975288573
-3.141592653589793,-0.4273859930600597
-3.141592653589793,-0.4224633242786652
-3.141592653589793,-0.4175226278550822
-3.141592653589793,-0.41256352770719096
-3.141592653589793,-0.4075856343378793
-3.141592653589793,-0.4025885441260576
-3.141592653589793,-0.39757183856865463
-3.141592653589793,-0.3925350834683069
-3.141592653589793,-0.38747782806209713
-3.141592653589793,-0.3823996040856439
-3.141592653589793,-0.37729992476709456
-3.141592653589793,-0.3721782837446628
-3.141592653589793,-0.3670341538985428
-3.141592653589793,-0.36186698609114176
-3.141592653589793,-0.3566762078048098
-3.141592653589793,-0.3514612216677659
-3.141592653589793,-0.34622140385530004
-3.141592653589793,-0.340956102354757
-3.141592653589793,-0.33566463507754674
-3.141592653589793,-0.3303462878027834
-3.141592653589793,-0.32500031193316997
-3.141592653589793,-0.3196259220412824
-3.141592653589793,-0.31422229318127126
-3.141592653589793,-0.308788557939033
-3.141592653589793,-0.30332380318611296
-3.141592653589793,-0.2978270665023727
-3.141592653589793,-0.29229733222308263
-3.141592653589793,-0.2867335270608158
-3.141592653589793,-0.28113451524429073
-3.141592653589793,-0.2754990931067519
-3.141592653589793,-0.2698259830436599
-3.141592653589793,-0.2641138267487142
-3.141592653589793,-0.2583611776148817
-3.141592653589793,-0.2525664921738613
-3.141592653589793,-0.24672812041481212
-3.141592653589793,-0.24084429479795913
-3.141592653589793,-0.23491311773774853
-3.141592653589793,-0.22893254728318602
-3.141592653589793,-0.2229003806628835
-3.141592653589793,-0.21681423528834762
-3.141592653589793,-0.21067152671076306
-3.141592653589793,-0.20446944290463187
-3.141592653589793,-0.19820491409137136
-3.141592653589793,-0.19187457710611072
-3.141592653589793,-0.18547473303430098
-3.141592653589793,-0.17900129647504187
-3.141592653589793,-0.1724497342856745
-3.141592653589793,-0.16581499097666016
-3.141592653589793,-0.15909139696535624
-3.141592653589793,-0.15227255454601685
-3.141592653589793,-0.14535119448340275
-3.141592653589793,-0.13831899327313688
-3.141592653589793,-0.1311663368204758
-3.141592653589793,-0.12388200968257304
-3.141592653589793,-0.1164527785806992
-3.141592653589793,-0.10886282185422089
-3.141592653589793,-0.10109292770745655
-3.141592653589793,-0.09311933322015724
-3.141592653589793,-0.08491198166112242
-3.141592653589793,-0.07643178950647064
-3.141592653589793,-0.06762611952277546
-3.141592653589793,-0.058420736037555675
-3.141592653589793,-0.04870409709032263
-3.141592653589793,-0.038292301411546145
-3.141592653589793,-0.026832827404648527
-3.141592653589793,-0.013416278661541188
-3.141592653589793,0.0
-3.141592653589793,0.017340711097459938
-3.141592653589793,0.030031025285465817
-3.141592653589793,0.04113302228828984
-3.141592653589793,0.0513098495684833
-3.141592653589793,0.06085592662392863
-3.141592653589793,0.069926783202968
-3.141592653589793,0.07862209884861206
-3.141592653589793,0.0870087954337916
-3.141592653589793,0.09513509850833528
-3.141592653589793,0.10303717434621265
-3.141592653589793,0.11074305873724198
-3.141592653589793,0.11827505773632178
-3.141592653589793,0.12565129864276917
-3.141592653589793,0.1328867740899844
-3.141592653589793,0.1399940693266054
-3.141592653589793,0.14698388354806768
-3.141592653589793,0.15386541283158003
-3.141592653589793,0.16064663739500173
-3.141592653589793,0.16733454107062615
-3.141592653589793,0.17393528171325653
-3.141592653589793,0.18045432541477494
-3.141592653589793,0.1868965535682992
-3.141592653589793,0.19326634925703756
-3.141592653589793,0.1995676676845431
-3.141592653589793,0.2058040941355455
-3.141592653589793,0.2119788920844529
-3.141592653589793,0.2180950434400956
-3.141592653589793,0.22415528245516325
-3.141592653589793,0.23016212448766457
-3.141592653589793,0.23611789054628718
-3.141592653589793,0.24202472835715522
-3.141592653589793,0.24788463054102214
-3.141592653589793,0.25369945037501973
-3.141592653589793,0.25947091552312995
-3.141592653589793,0.26520064004908644
-3.141592653589793,0.27089013496932335
-3.141592653589793,0.27654081755911003
-3.141592653589793,0.28215401958866243
-3.141592653589793,0.28773099463707347
-3.141592653589793,0.2932729246084246
-3.141592653589793,0.2987809255548382
-3.141592653589793,0.3042560528951446
-3.141592653589793,0.30969930610473173
-3.141592653589793,0.31511163294139083
-3.141592653589793,0.3204939332625249
-3.141592653589793,0.3258470624812705
-3.141592653589793,0.33117183470293265
-3.141592653589793,0.3364690255774062
-3.141592653589793,0.34173937489873546
-3.141592653589793,0.3469835889789449
-3.141592653589793,0.3522023428197803
-3.141592653589793,0.3573962821032863
-3.141592653589793,0.36256602501954227
-3.141592653589793,0.36771216394759393
-3.141592653589793,0.3728352670039598
-3.141592653589793,0.3779358794714108
-3.141592653589793,0.3830145251191487
-3.141592653589793,0.3880717074245053
-3.141592653589793,0.39310791070508744
-3.141592653589793,0.3981236011692218
-3.141592653589793,0.4031192278919935
-3.141592653589793,0.4080952237232409
-3.141592653589793,0.4130520061333362
-3.141592653589793,0.41798997800184656
-3.141592653589793,0.42290952835378315
-3.141592653589793,0.4278110330478129
-3.141592653589793,0.43269485542006936
-3.141592653589793,0.4375613468872063
-3.141592653589793,0.4424108475116882
-3.141592653589793,0.44724368653237473
-3.141592653589793,0.4520601828629081
-3.141592653589793,0.4568606455602001
-3.141592653589793,0.46164537426543545
-3.141592653589793,0.4664146596193148
-3.141592653589793,0.47116878365355747
-3.141592653589793,0.47590802016027406
-3.141592653589793,0.48063263504064624
-3.141592653589793,0.48534288663442576
-3.141592653589793,0.49003902603154315
-3.141592653589793,0.4947212973670386
-3.141592653589793,0.4993899381002763
-3.141592653589793,0.5040451792796183
-3.141592653589793,0.5086872457933785
-3.141592653589793,0.5133163566079932
-3.141592653589793,0.5179327249942486
-3.141592653589793,0.5225365587421
-3.141592653589793,0.5271280603650285
-3.141592653589793,0.5317074272944741
-3.141592653589793,0.5362748520648202
-3.141592653589793,0.5408305224896394
-3.141592653589793,0.5453746218297567
-3.141592653589793,0.5499073289533456
-3.141592653589793,0.5544288184887078
-3.141592653589793,0.5589392609702433
-3.141592653589793,0.5634388229777119
-3.141592653589793,0.5679276672693944
-3.141592653589793,0.5724059529092951
-3.141592653589793,0.5768738353889719
-3.141592653589793,0.5813314667439902
-3.141592653589793,0.5857789956653661
-3.141592653589793,0.5902165676065584
-3.141592653589793,0.5946443248858022
-3.141592653589793,0.5990624067841618
-3.141592653589793,0.603470949639764
-3.141592653589793,0.6078700869380974
-3.141592653589793,0.6122599493986228
-3.141592653589793,0.6166406650581141
-3.141592653589793,0.6210123593506257
-3.141592653589793,0.625375155184404
-3.141592653589793,0.6297291730157424
-3.141592653589793,0.6340745309200408
-3.141592653589793,0.6384113446602362
-3.141592653589793,0.6427397277525888
-3.141592653589793,0.6470597915301142
-3.141592653589793,0.6513716452035978
-3.141592653589793,0.6556753959203848
-3.141592653589793,0.65997114882113
-3.141592653589793,0.6642590070944151
-3.141592653589793,0.6685390720294957
-3.141592653589793,0.6728114430671097
-3.141592653589793,0.6770762178486178
-3.141592653589793,0.6813334922633968
-3.141592653589793,0.685583360494516
-3.141592653589793,0.6898259150630429
-3.141592653589793,0.6940612468707136
-3.141592653589793,0.6982894452411995
-3.141592653589793,0.7025105979600748
-3.141592653589793,0.706724791313343
-3.141592653589793,0.7109321101248104
-3.141592653589793,0.715132637792286
-3.141592653589793,0.7193264563224312
-3.141592653589793,0.7235136463646772
-3.141592653589793,0.7276942872440819
-3.141592653589793,0.731868456993023
-3.141592653589793,0.73603623238194
-3.141592653589793,0.740197688949186
-3.141592653589793,0.7443529010300176
-3.141592653589793,0.7485019417845242
-3.141592653589793,0.7526448832248067
-3.141592653589793,0.7567817962414666
-3.141592653589793,0.7609127506291111
-3.141592653589793,0.7650378151112122
-3.141592653589793,0.7691570573641859
-3.141592653589793,0.7732705440408131
-3.141592653589793,0.7773783407930286
-3.141592653589793,0.7814805122940032
-3.141592653589793,0.7855771222595146
-3.141592653589793,0.7896682334688297
-3.141592653589793,0.7937539077850144
-3.141592653589793,0.7978342061746294
-3.141592653589793,0.8019091887269123
-3.141592653589793,0.8059789146723522
-3.141592653589793,0.8100434424008552
-3.141592653589793,0.8141028294793679
-3.141592653589793,0.8181571326690834
-3.141592653589793,0.8222064079421331
-3.141592653589793,0.8262507104978389
-3.141592653589793,0.8302900947785895
-3.141592653589793,0.8343246144852016
-3.141592653589793,0.838354322592009
-3.141592653589793,0.842379271361486
-3.141592653589793,0.8463995123584599
-3.141592653589793,0.850415096464121
-3.141592653589793,0.8544260738895315
-3.141592653589793,0.858432494188785
-3.141592653589793,0.8624344062719137
-3.141592653589793,0.8664318584175019
-3.141592653589793,0.8704248982849538
-3.141592653589793,0.8744135729263623
-3.141592653589793,0.8783979287982133
-3.141592653589793,0.8823780117728289
-3.141592653589793,0.8863538671494394
-3.141592653589793,0.8903255396650299
-3.141592653589793,0.8942930735049153
-3.141592653589793,0.89825651231313
-3.141592653589793,0.9022158992025258
-3.141592653589793,0.9061712767646035
-3.141592653589793,0.9101226870791945
-3.141592653589793,0.9140701717239004
-3.141592653589793,0.918013771783258
-3.141592653589793,0.921953527857703
-3.141592653589793,0.9258894800724654
-3.141592653589793,0.9298216680861254
-3.141592653589793,0.933750131098988
-3.141592653589793,0.9376749078613915
-3.141592653589793,0.9415960366816948
-3.141592653589793,0.945513555434133
-3.141592653589793,0.9494275015665891
-3.141592653589793,0.9533379121080792
-3.141592653589793,0.9572448236760847
-3.141592653589793,0.9611482724838625
-3.141592653589793,0.9650482943474528
-3.141592653589793,0.9689449246925897
-3.141592653589793,0.9728381985517566
-3.141592653589793,0.9767281507377192
-3.141592653589793,0.980614814950224
-3.141592653589793,0.9844982247103152
-3.141592653589793,0.9883784177992413
-3.141592653589793,0.9922554332538909
-3.141592653589793,0.9961292962357111
-3.141592653589793,1.0
-3.135706241345738,-1.0
-3.135706241345738,1.0
-3.1239186649138864,-1.0
-3.1239186649138864,1.0
-3.1121162436479772,-1.0
-3.1121162436479772,1.0
-3.1002988835998306,-1.0
-3.1002988835998306,1.0
-3.0884664897448455,-1.0
-3.0884664897448455,1.0
-3.076618965965331,-1.0
-3.076618965965331,1.0
-3.064756215031547,-1.0
-3.064756215031547,1.0
-3.052878138583514,-1.0
-3.052878138583514,1.0
-3.0409846371114053,-1.0
-3.0409846371114053,1.0
-3.029075609936478,-1.0
-3.029075609936478,1.0
-3.017150955190507,-1.0
-3.017150955190507,1.0
-3.00521056979666,-1.0
-3.00521056979666,1.0
-2.9932543494470547,-1.0
-2.9932543494470547,1.0
-2.981282188582608,-1.0
-2.981282188582608,1.0
-2.969293980370755,-1.0
-2.969293980370755,1.0
-2.9572896166833855,-1.0
-2.9572896166833855,1.0
-2.9452689880730745,-1.0
-2.9452689880730745,1.0
-2.9332319837513783,-1.0
-2.9332319837513783,1.0
-2.9211784915636874,-1.0
-2.9211784915636874,1.0
-2.9091083979649426,-1.0
-2.9091083979649426,1.0
-2.897021587995448,-1.0
-2.897021587995448,1.0
-2.8849179452539326,-1.0
-2.8849179452539326,1.0
-2.872797351872189,-1.0
-2.872797351872189,1.0
-2.8606596884882283,-1.0
-2.8606596884882283,1.0
-2.84850483421819,-1.0
-2.84850483421819,1.0
-2.8363326666288655,-1.0
-2.8363326666288655,1.0
-2.824143061708153,-1.0
-2.824143061708153,1.0
-2.8119358938361856,-1.0
-2.8119358938361856,1.0
-2.799711035754681,-1.0
-2.799711035754681,1.0
-2.78746835853582,-1.0
-2.78746835853582,1.0
-2.775207731550347,-1.0
-2.775207731550347,1.0
-2.7629290224350336,-1.0
-2.7629290224350336,1.0
-2.7506320970598974,-1.0
-2.7506320970598974,1.0
-2.738316819492676,-1.0
-2.738316819492676,1.0
-2.725983051964778,-1.0
-2.725983051964778,1.0
-2.7136306548344966,-1.0
-2.7136306548344966,1.0
-2.7012594865507795,-1.0
-2.7012594865507795,1.0
-2.6888694036140044,-1.0
-2.6888694036140044,1.0
-2.6764602605380654,-1.0
-2.6764602605380654,1.0
-2.6640319098105296,-1.0
-2.6640319098105296,1.0
-2.6515842018507496,-1.0
-2.6515842018507496,1.0
-2.639116984968075,-1.0
-2.639116984968075,1.0
-2.6266301053191357,-1.0
-2.6266301053191357,1.0
-2.614123406862683,-1.0
-2.614123406862683,1.0
-2.6015967313142134,-1.0
-2.6015967313142134,1.0
-2.589049918099145,-1.0
-2.589049918099145,1.0
-2.576482804304769,-1.0
-2.576482804304769,1.0
-2.563895224630387,-1.0
-2.563895224630387,1.0
-2.551287011336632,-1.0
-2.551287011336632,1.0
-2.5386579941933993,-1.0
-2.5386579941933993,1.0
-2.5260080004257177,-1.0
-2.5260080004257177,1.0
-2.5133368546584003,-1.0
-2.5133368546584003,1.0
-2.500644378859228,-1.0
-2.500644378859228,1.0
-2.4879303922808074,-1.0
-2.4879303922808074,1.0
-2.4751947113996984,-1.0
-2.4751947113996984,1.0
-2.462437149854721,-1.0
-2.462437149854721,1.0
-2.4496575183832596,-1.0
-2.4496575183832596,1.0
-2.436855624755363,-1.0
-2.436855624755363,1.0
-2.4240312737061203,-1.0
-2.4240312737061203,1.0
-2.4111842668659227,-1.0
-2.4111842668659227,1.0
-2.398314402688619,-1.0
-2.398314402688619,1.0
-2.385421476377835,-1.0
-2.385421476377835,1.0
-2.372505279810323,-1.0
-2.372505279810323,1.0
-2.3595656014574398,-1.0
-2.3595656014574398,1.0
-2.3466022263042587,-1.0
-2.3466022263042587,1.0
-2.3336149357656626,-1.0
-2.3336149357656626,1.0
-2.3206035076003886,-1.0
-2.3206035076003886,1.0
-2.307567715821463,-1.0
-2.307567715821463,1.0
-2.294507330605424,-1.0
-2.294507330605424,1.0
-2.2814221181961316,-1.0
-2.2814221181961316,1.0
-2.2683118408081433,-1.0
-2.2683118408081433,1.0
-2.2551762565245888,-1.0
-2.2551762565245888,1.0
-2.242015119193157,-1.0
-2.242015119193157,1.0
-2.2288281783182113,-1.0
-2.2288281783182113,1.0
-2.2156151789489167,-1.0
-2.2156151789489167,1.0
-2.2023758615642834,-1.0
-2.2023758615642834,1.0
-2.189109961953314,-1.0
-2.189109961953314,1.0
-2.1758172110921965,-1.0
-2.1758172110921965,1.0
-2.1624973350160297,-1.0
-2.1624973350160297,1.0
-2.1491500546872984,-1.0
-2.1491500546872984,1.0
-2.1357750858585507,-1.0
-2.1357750858585507,1.0
-2.1223721389311505,-1.0
-2.1223721389311505,1.0
-2.108940918807958,-1.0
-2.108940918807958,1.0
-2.0954811247419602,-1.0
-2.0954811247419602,1.0
-2.08199245017808,-1.0
-2.08199245017808,1.0
-2.0684745825900146,-1.0
-2.0684745825900146,1.0
-2.0549272033108674,-1.0
-2.0549272033108674,1.0
-2.0413499873571532,-1.0
-2.0413499873571532,1.0
-2.0277426032463435,-1.0
-2.0277426032463435,1.0
-2.0141047128074923,-1.0
-2.0141047128074923,1.0
-2.0004359709846646,-1.0
-2.0004359709846646,1.0
-1.9867360256324207,-1.0
-1.9867360256324207,1.0
-1.9730045173034476,-1.0
-1.9730045173034476,1.0
-1.9592410790280568,-1.0
-1.9592410790280568,1.0
-1.9454453360845327,-1.0
-1.9454453360845327,1.0
-1.9316169057602344,-1.0
-1.9316169057602344,1.0
-1.917755397103429,-1.0
-1.917755397103429,1.0
-1.903860410664061,-1.0
-1.903860410664061,1.0
-1.889931538224894,-1.0
-1.889931538224894,1.0
-1.8759683625205104,-1.0
-1.8759683625205104,1.0
-1.8619704569447184,-1.0
-1.8619704569447184,1.0
-1.8479373852456509,-1.0
-1.8479373852456509,1.0
-1.833868701207462,-1.0
-1.833868701207462,1.0
-1.819763948318109,-1.0
-1.819763948318109,1.0
-1.805622659422863,-1.0
-1.805622659422863,1.0
-1.7914443563620246,-1.0
-1.7914443563620246,1.0
-1.7772285495925546,-1.0
-1.7772285495925546,1.0
-1.762974737792236,-1.0
-1.762974737792236,1.0
-1.7486824074461649,-1.0
-1.7486824074461649,1.0
-1.7343510324135607,-1.0
-1.7343510324135607,1.0
-1.7199800734743946,-1.0
-1.7199800734743946,1.0
-1.7055689778545358,-1.0
-1.7055689778545358,1.0
-1.691117178728105,-1.0
-1.691117178728105,1.0
-1.6766240946954178,-1.0
-1.6766240946954178,1.0
-1.6620891292357909,-1.0
-1.6620891292357909,1.0
-1.6475116701326893,-1.0
-1.6475116701326893,1.0
-1.632891088869917,-1.0
-1.632891088869917,1.0
-1.6182267399976007,-1.0
-1.6182267399976007,1.0
-1.6035179604651268,-1.0
-1.6035179604651268,1.0
-1.5887640689191367,-1.0
-1.5887640689191367,1.0
-1.573964364964866,-1.0
-1.573964364964866,1.0
-1.559118128387853,-1.0
-1.559118128387853,1.0
-1.5442246183333488,-1.0
-1.5442246183333488,1.0
-1.5292830724409625,-1.0
-1.5292830724409625,1.0
-1.514292705931194,-1.0
-1.514292705931194,1.0
-1.4992527106403246,-1.0
-1.4992527106403246,1.0
-1.4841622540007269,-1.0
-1.4841622540007269,1.0
-1.4690204779615421,-1.0
-1.4690204779615421,1.0
-1.4538264978468236,-1.0
-1.4538264978468236,1.0
-1.4385794011452646,-1.0
-1.4385794011452646,1.0
-1.4232782462272604,-1.0
-1.4232782462272604,1.0
-1.4079220609835505,-1.0
-1.4079220609835505,1.0
-1.39250984137916,-1.0
-1.39250984137916,1.0
-1.377040549916419,-1.0
-1.377040549916419,1.0
-1.3615131140000227,-1.0
-1.3615131140000227,1.0
-1.3459264241955737,-1.0
-1.3459264241955737,1.0
-1.3302793323737745,-1.0
-1.3302793323737745,1.0
-1.3145706497301368,-1.0
-1.3145706497301368,1.0
-1.2987991446703575,-1.0
-1.2987991446703575,1.0
-1.2829635405492505,-1.0
-1.2829635405492505,1.0
-1.2670625132511015,-1.0
-1.2670625132511015,1.0
-1.2510946885971916,-1.0
-1.2510946885971916,1.0
-1.2350586395648726,-1.0
-1.2350586395648726,1.0
-1.218952883301125,-1.0
-1.218952883301125,1.0
-1.2027758779118163,-1.0
-1.2027758779118163,1.0
-1.186526019004682,-1.0
-1.186526019004682,1.0
-1.1702016359630234,-1.0
-1.1702016359630234,1.0
-1.153800987923465,-1.0
-1.153800987923465,1.0
-1.1373222594279109,-1.0
-1.1373222594279109,1.0
-1.1207635557170892,-1.0
-1.1207635557170892,1.0
-1.1041228976276416,-1.0
-1.1041228976276416,1.0
-1.0873982160515625,-1.0
-1.0873982160515625,1.0
-1.0705873459098296,-1.0
-1.0705873459098296,1.0
-1.053688019587187,-1.0
-1.053688019587187,1.0
-1.036697859766881,-1.0
-1.036697859766881,1.0
-1.019614371596125,-1.0
-1.019614371596125,1.0
-1.0024349341035574,-1.0
-1.0024349341035574,1.0
-0.985156790778151,-1.0
-0.985156790778151,1.0
-0.9677770392062951,-1.0
-0.9677770392062951,1.0
-0.9502926196477421,-1.0
-0.9502926196477421,1.0
-0.9327003024128341,-1.0
-0.9327003024128341,1.0
-0.9149966738818152,-1.0
-0.9149966738818152,1.0
-0.8971781209810105,-1.0
-0.8971781209810105,1.0
-0.879240813899999,-1.0
-0.879240813899999,1.0
-0.8611806867964493,-1.0
-0.8611806867964493,1.0
-0.8429934161915458,-1.0
-0.8429934161915458,1.0
-0.8246743967041562,-1.0
-0.8246743967041562,1.0
-0.8062187137068979,-1.0
-0.8062187137068979,1.0
-0.7876211124070109,-1.0
-0.7876211124070109,1.0
-0.7688759627560208,-1.0
-0.7688759627560208,1.0
-0.7499772194702664,-1.0
-0.7499772194702664,1.0
-0.7309183762923586,-1.0
-0.7309183762923586,1.0
-0.7116924134326328,-1.0
-0.7116924134326328,1.0
-0.6922917368885919,-1.0
-0.6922917368885919,1.0
-0.6727081080333086,-1.0
-0.6727081080333086,1.0
-0.6529325614693199,-1.0
-0.6529325614693199,1.0
-0.6329553086333295,-1.0
-0.6329553086333295,1.0
-0.6127656239681337,-1.0
-0.6127656239681337,1.0
-0.5923517095940343,-1.0
-0.5923517095940343,1.0
-0.5717005332284155,-1.0
-0.5717005332284155,1.0
-0.5507976325018269,-1.0
-0.5507976325018269,1.0
-0.5296268766209528,-1.0
-0.5296268766209528,1.0
-0.5081701732713325,-1.0
-0.5081701732713325,1.0
-0.48640710432577233,-1.0
-0.48640710432577233,1.0
-0.46431446769609375,-1.0
-0.46431446769609375,1.0
-0.4418656935210932,-1.0
-0.4418656935210932,1.0
-0.4190300891619469,-1.0
-0.4190300891619469,1.0
-0.3957718463756523,-1.0
-0.3957718463756523,1.0
-0.372048710680324,-1.0
-0.372048710680324,1.0
-0.34781015849968033,-1.0
-0.34781015849968033,1.0
-0.32299483558257025,-1.0
-0.32299483558257025,1.0
-0.2975268476202212,-1.0
-0.2975268476202212,1.0
-0.27131019224435626,-1.0
-0.27131019224435626,1.0
-0.24422002680317106,-1.0
-0.24422002680317106,1.0
-0.21608820397532633,-1.0
-0.21608820397532633,1.0
-0.18667756661588114,-1.0
-0.18667756661588114,1.0
-0.1556317552877417,-1.0
-0.1556317552877417,1.0
-0.12236319710395678,-1.0
-0.12236319710395678,1.0
-0.08574549791908277,-1.0
-0.08574549791908277,1.0
-0.04287274895954211,-1.0
-0.04287274895954211,1.0
0.0,-1.0
0.0,1.0
0.055347888947147164,-1.0
0.055347888947147164,1.0
0.09586531888541161,-1.0
0.09586531888541161,1.0
0.13130071985571073,-1.0
0.13130071985571073,1.0
0.16379123378865412,-1.0
0.16379123378865412,1.0
0.19425886438277623,-1.0
0.19425886438277623,1.0
0.2232090226847608,-1.0
0.2232090226847608,1.0
0.2509573760905755,-1.0
0.2509573760905755,1.0
0.27771812438864607,-1.0
0.27771812438864607,1.0
0.30364526627971566,-1.0
0.30364526627971566,1.0
0.328854340945501,-1.0
0.328854340945501,1.0
0.35343492346461103,-1.0
0.35343492346461103,1.0
0.37745829130634434,-1.0
0.37745829130634434,1.0
0.4009823759723829,-1.0
0.4009823759723829,1.0
0.4240550964333935,-1.0
0.4240550964333935,1.0
0.4467166811704101,-1.0
0.4467166811704101,1.0
0.46900133273037076,-1.0
0.46900133273037076,1.0
0.49093845045474444,-1.0
0.49093845045474444,1.0
0.5125535477639324,-1.0
0.5125535477639324,1.0
0.5338689530369148,-1.0
0.5338689530369148,1.0
0.5549043538463365,-1.0
0.5549043538463365,1.0
0.5756772256418972,-1.0
0.5756772256418972,1.0
0.596203173750627,-1.0
0.596203173750627,1.0
0.6164962093655066,-1.0
0.6164962093655066,1.0
0.6365689745797362,-1.0
0.6365689745797362,1.0
0.6564329276049478,-1.0
0.6564329276049478,1.0
0.6760984965287332,-1.0
0.6760984965287332,1.0
0.6955752079595862,-1.0
0.6955752079595862,1.0
0.7148717954387481,-1.0
0.7148717954387481,1.0
0.73399629140995,-1.0
0.73399629140995,1.0
0.7529561057215299,-1.0
0.7529561057215299,1.0
0.7717580930161072,-1.0
0.7717580930161072,1.0
0.7904086108884344,-1.0
0.7904086108884344,1.0
0.808913570324997,-1.0
0.808913570324997,1.0
0.827278479652426,-1.0
0.827278479652426,1.0
0.8455084829963587,-1.0
0.8455084829963587,1.0
0.8636083940736405,-1.0
0.8636083940736405,1.0
0.8815827259979597,-1.0
0.8815827259979597,1.0
0.8994357176642415,-1.0
0.8994357176642415,1.0
0.9171713571841619,-1.0
0.9171713571841619,1.0
0.9347934027694877,-1.0
0.9347934027694877,1.0
0.9523054013980149,-1.0
0.9523054013980149,1.0
0.9697107055458845,-1.0
0.9697107055458845,1.0
0.987012488227799,-1.0
0.987012488227799,1.0
1.0042137565516496,-1.0
1.0042137565516496,1.0
1.0213173639646977,-1.0
1.0213173639646977,1.0
1.0383260213438559,-1.0
1.0383260213438559,1.0
1.0552423070619517,-1.0
1.0552423070619517,1.0
1.0720686761442686,-1.0
1.0720686761442686,1.0
1.0888074686148195,-1.0
1.0888074686148195,1.0
1.105460917119129,-1.0
1.105460917119129,1.0
1.1220311538994427,-1.0
1.1220311538994427,1.0
1.1385202171889837,-1.0
1.1385202171889837,1.0
1.1549300570839065,-1.0
1.1549300570839065,1.0
1.1712625409446447,-1.0
1.1712625409446447,1.0
1.1875194583723487,-1.0
1.1875194583723487,1.0
1.2037025258010285,-1.0
1.2037025258010285,1.0
1.2198133907413378,-1.0
1.2198133907413378,1.0
1.2358536357081147,-1.0
1.2358536357081147,1.0
1.2518247818602874,-1.0
1.2518247818602874,1.0
1.2677282923786999,-1.0
1.2677282923786999,1.0
1.2835655756047957,-1.0
1.2835655756047957,1.0
1.2993379879607476,-1.0
1.2993379879607476,1.0
1.3150468366695327,-1.0
1.3150468366695327,1.0
1.3306933822915528,-1.0
1.3306933822915528,1.0
1.3462788410929314,-1.0
1.3462788410929314,1.0
1.3618043872590329,-1.0
1.3618043872590329,1.0
1.3772711549655101,-1.0
1.3772711549655101,1.0
1.3926802403180507,-1.0
1.3926802403180507,1.0
1.408032703170919,-1.0
1.408032703170919,1.0
1.4233295688335785,-1.0
1.4233295688335785,1.0
1.4385718296737249,-1.0
1.4385718296737249,1.0
1.453760446624416,-1.0
1.453760446624416,1.0
1.468896350602298,-1.0
1.468896350602298,1.0
1.4839804438432735,-1.0
1.4839804438432735,1.0
1.4990136011615178,-1.0
1.4990136011615178,1.0
1.5139966711371953,-1.0
1.5139966711371953,1.0
1.5289304772377499,-1.0
1.5289304772377499,1.0
1.543815818877351,-1.0
1.543815818877351,1.0
1.5586534724186705,-1.0
1.5586534724186705,1.0
1.573444192120771,-1.0
1.573444192120771,1.0
1.5881887110366553,-1.0
1.5881887110366553,1.0
1.602887741863745,-1.0
1.602887741863745,1.0
1.6175419777502988,-1.0
1.6175419777502988,1.0
1.6321520930605964,-1.0
1.6321520930605964,1.0
1.646718744101371,-1.0
1.646718744101371,1.0
1.6612425698119608,-1.0
1.6612425698119608,1.0
1.6757241924203814,-1.0
1.6757241924203814,1.0
1.6901642180673386,-1.0
1.6901642180673386,1.0
1.7045632374001574,-1.0
1.7045632374001574,1.0
1.7189218261383166,-1.0
1.7189218261383166,1.0
1.7332405456122968,-1.0
1.7332405456122968,1.0
1.747519943277344,-1.0
1.747519943277344,1.0
1.7617605532034226,-1.0
1.7617605532034226,1.0
1.7759628965428162,-1.0
1.7759628965428162,1.0
1.7901274819766153,-1.0
1.7901274819766153,1.0
1.8042548061412107,-1.0
1.8042548061412107,1.0
1.8183453540359489,-1.0
1.8183453540359489,1.0
1.832399599412906,-1.0
1.832399599412906,1.0
1.8464180051497934,-1.0
1.8464180051497934,1.0
1.8604010236068451,-1.0
1.8604010236068451,1.0
1.8743490969685213,-1.0
1.8743490969685213,1.0
1.8882626575708763,-1.0
1.8882626575708763,1.0
1.9021421282152793,-1.0
1.9021421282152793,1.0
1.9159879224691956,-1.0
1.9159879224691956,1.0
1.9298004449546957,-1.0
1.9298004449546957,1.0
1.9435800916252546,-1.0
1.9435800916252546,1.0
1.9573272500315013,-1.0
1.9573272500315013,1.0
1.9710422995763996,-1.0
1.9710422995763996,1.0
1.9847256117603775,-1.0
1.9847256117603775,1.0
1.9983775504169374,-1.0
1.9983775504169374,1.0
2.011998471939128,-1.0
2.011998471939128,1.0
2.0255887254973697,-1.0
2.0255887254973697,1.0
2.0391486532489895,-1.0
2.0391486532489895,1.0
2.0526785905399434,-1.0
2.0526785905399434,1.0
2.066178866098985,-1.0
2.066178866098985,1.0
2.0796498022246226,-1.0
2.0796498022246226,1.0
2.0930917149652806,-1.0
2.0930917149652806,1.0
2.1065049142929175,-1.0
2.1065049142929175,1.0
2.119889704270366,-1.0
2.119889704270366,1.0
2.1332463832127093,-1.0
2.1332463832127093,1.0
2.146575243842946,-1.0
2.146575243842946,1.0
2.15987657344221,-1.0
2.15987657344221,1.0
2.1731506539947136,-1.0
2.1731506539947136,1.0
2.186397762327719,-1.0
2.186397762327719,1.0
2.19961817024672,-1.0
2.19961817024672,1.0
2.212812144666021,-1.0
2.212812144666021,1.0
2.2259799477348925,-1.0
2.2259799477348925,1.0
2.2391218369594794,-1.0
2.2391218369594794,1.0
2.252238065320766,-1.0
2.252238065320766,1.0
2.2653288813885935,-1.0
2.2653288813885935,1.0
2.278394529431913,-1.0
2.278394529431913,1.0
2.2914352495255246,-1.0
2.2914352495255246,1.0
2.304451277653349,-1.0
2.304451277653349,1.0
2.3174428458084266,-1.0
2.3174428458084266,1.0
2.330410182089754,-1.0
2.330410182089754,1.0
2.3433535107959598,-1.0
2.3433535107959598,1.0
2.3562730525162103,-1.0
2.3562730525162103,1.0
2.3691690242182166,-1.0
2.3691690242182166,1.0
2.3820416393334987,-1.0
2.3820416393334987,1.0
2.3948911078401722,-1.0
2.3948911078401722,1.0
2.4077176363430843,-1.0
2.4077176363430843,1.0
2.4205214281515817,-1.0
2.4205214281515817,1.0
2.4333026833549822,-1.0
2.4333026833549822,1.0
2.446061598895738,-1.0
2.446061598895738,1.0
2.4587983686405397,-1.0
2.4587983686405397,1.0
2.4715131834492463,-1.0
2.4715131834492463,1.0
2.4842062312418434,-1.0
2.4842062312418434,1.0
2.4968776970634905,-1.0
2.4968776970634905,1.0
2.5095277631476,-1.0
2.5095277631476,1.0
2.5221566089772582,-1.0
2.5221566089772582,1.0
2.5347644113448324,-1.0
2.5347644113448324,1.0
2.547351344409894,-1.0
2.547351344409894,1.0
2.5599175797555476,-1.0
2.5599175797555476,1.0
2.57246328644317,-1.0
2.57246328644317,1.0
2.5849886310656602,-1.0
2.5849886310656602,1.0
2.597493777799207,-1.0
2.597493777799207,1.0
2.6099788884536634,-1.0
2.6099788884536634,1.0
2.6224441225216046,-1.0
2.6224441225216046,1.0
2.634889637225958,-1.0
2.634889637225958,1.0
2.6473155875664274,-1.0
2.6473155875664274,1.0
2.6597221263647053,-1.0
2.6597221263647053,1.0
2.672109404308412,-1.0
2.672109404308412,1.0
2.68447756999399,-1.0
2.68447756999399,1.0
2.6968267699684243,-1.0
2.6968267699684243,1.0
2.7091571487698167,-1.0
2.7091571487698167,1.0
2.7214688489670156,-1.0
2.7214688489670156,1.0
2.733762011198218,-1.0
2.733762011198218,1.0
2.7460367742085134,-1.0
2.7460367742085134,1.0
2.758293274886556,-1.0
2.758293274886556,1.0
2.7705316483002775,-1.0
2.7705316483002775,1.0
2.782752027731742,-1.0
2.782752027731742,1.0
2.7949545447111035,-1.0
2.7949545447111035,1.0
2.807139329049702,-1.0
2.807139329049702,1.0
2.8193065088723888,-1.0
2.8193065088723888,1.0
2.831456210649046,-1.0
2.831456210649046,1.0
2.8435885592253602,-1.0
2.8435885592253602,1.0
2.855703677852858,-1.0
2.855703677852858,1.0
2.8678016882181248,-1.0
2.8678016882181248,1.0
2.879882710471418,-1.0
2.879882710471418,1.0
2.8919468632546472,-1.0
2.8919468632546472,1.0
2.90399426372857,-1.0
2.90399426372857,1.0
2.916025027599394,-1.0
2.916025027599394,1.0
2.9280392691448,-1.0
2.9280392691448,1.0
2.9400371012393363,-1.0
2.9400371012393363,1.0
2.9520186353791975,-1.0
2.9520186353791975,1.0
2.963983981706469,-1.0
2.963983981706469,1.0
2.975933249032832,-1.0
2.975933249032832,1.0
2.9878665448626682,-1.0
2.9878665448626682,1.0
2.9997839754156974,-1.0
2.9997839754156974,1.0
3.011685645649048,-1.0
3.011685645649048,1.0
3.023571659278874,-1.0
3.023571659278874,1.0
3.0354421188015093,-1.0
3.0354421188015093,1.0
3.0472971255141883,-1.0
3.0472971255141883,1.0
3.059136779535146,-1.0
3.059136779535146,1.0
3.070961179824489,-1.0
3.070961179824489,1.0
3.0827704241970624,-1.0
3.0827704241970624,1.0
3.094564609347522,-1.0
3.094564609347522,1.0
3.106343830906439,-1.0
3.106343830906439,1.0
3.11810818343962,-1.0
3.11810818343962,1.0
3.1298577603286137,-1.0
3.1298577603286137,1.0
3.141592653589793,-1.0
3.141592653589793,-0.9980594385839632
3.141592653589793,-0.9941750765600883
3.141592653589793,-0.9902874421433635
3.141592653589793,-0.9863965018541463
3.141592653589793,-0.9825022218884699
3.141592653589793,-0.9786045681123646
3.141592653589793,-0.9747035060561363
3.141592653589793,-0.9707990009082162
3.141592653589793,-0.9668910175093164
3.141592653589793,-0.9629795203459243
3.141592653589793,-0.9590644735438527
3.141592653589793,-0.9551458408619954
3.141592653589793,-0.9512235856854833
3.141592653589793,-0.9472976710189935
3.141592653589793,-0.9433680594795231
3.141592653589793,-0.9394347132897972
3.141592653589793,-0.9354975942704654
3.141592653589793,-0.9315566638326175
3.141592653589793,-0.9276118829706486
3.141592653589793,-0.9236632122542595
3.141592653589793,-0.9197106118201536
3.141592653589793,-0.9157540413643004
3.141592653589793,-0.9117934601336097
3.141592653589793,-0.9078288269168551
3.141592653589793,-0.9038601000363929
3.141592653589793,-0.8998872373393095
3.141592653589793,-0.8959101961879898
3.141592653589793,-0.8919289334505572
3.141592653589793,-0.8879434054915349
3.141592653589793,-0.8839535681619992
3.141592653589793,-0.8799593767893995
3.141592653589793,-0.8759607861672314
3.141592653589793,-0.8719577505441971
3.141592653589793,-0.8679502236137541
3.141592653589793,-0.8639381585027632
3.141592653589793,-0.8599215077600731
3.141592653589793,-0.8559002233445162
3.141592653589793,-0.8518742566134566
3.141592653589793,-0.8478435583099109
3.141592653589793,-0.8438080785504283
3.141592653589793,-0.8397677668114876
3.141592653589793,-0.8357225719166801
3.141592653589793,-0.8316724420228497
3.141592653589793,-0.8276173246056288
3.141592653589793,-0.8235571664460176
3.141592653589793,-0.8194919136146122
3.141592653589793,-0.8154215114565272
3.141592653589793,-0.8113459045762377
3.141592653589793,-0.8072650368211843
3.141592653589793,-0.8031788512651339
3.141592653589793,-0.7990872901914738
3.141592653589793,-0.7949902950754372
3.141592653589793,-0.7908878065665952
3.141592653589793,-0.7867797644698776
3.141592653589793,-0.7826661077266218
3.141592653589793,-0.7785467743954492
3.141592653589793,-0.7744217016319381
3.141592653589793,-0.770290825667605
3.141592653589793,-0.7661540817888918
3.141592653589793,-0.7620114043149265
3.141592653589793,-0.7578627265751826
3.141592653589793,-0.7537079808859231
3.141592653589793,-0.7495470985263897
3.141592653589793,-0.7453800097136297
3.141592653589793,-0.7412066435774127
3.141592653589793,-0.7370269281336357
3.141592653589793,-0.7328407902572374
3.141592653589793,-0.7286481556541006
3.141592653589793,-0.7244489488322815
3.141592653589793,-0.7202430930718731
3.141592653589793,-0.716030510394383
3.141592653589793,-0.7118111215310178
3.141592653589793,-0.7075848458893592
3.141592653589793,-0.703351601519783
3.141592653589793,-0.6991113050803556
3.141592653589793,-0.6948638718003262
3.141592653589793,-0.6906092154427071
3.141592653589793,-0.6863472482653864
3.141592653589793,-0.6820778809812891
3.141592653589793,-0.6778010227161241
3.141592653589793,-0.6735165809662949
3.141592653589793,-0.669224461553211
3.141592653589793,-0.6649245685783429
3.141592653589793,-0.6606168043745939
3.141592653589793,-0.6563010694571082
3.141592653589793,-0.6519772624718583
3.141592653589793,-0.6476452801422269
3.141592653589793,-0.6433050172137015
3.141592653589793,-0.6389563663971114
3.141592653589793,-0.634599218308318
3.141592653589793,-0.6302334614072445
3.141592653589793,-0.6258589819327386
3.141592653589793,-0.6214756638366775
3.141592653589793,-0.6170833887141829
3.141592653589793,-0.6126820357318133
3.141592653589793,-0.6082714815523192
3.141592653589793,-0.6038516002566794
3.141592653589793,-0.599422263262904
3.141592653589793,-0.5949833392414678
3.141592653589793,-0.5905346940269935
3.141592653589793,-0.5860761905266801
3.141592653589793,-0.5816076886244532
3.141592653589793,-0.5771290450807954
3.141592653589793,-0.5726401134287998
3.141592653589793,-0.5681407438652903
3.141592653589793,-0.5636307831369735
3.141592653589793,-0.559110074421869
3.141592653589793,-0.5545784572050665
3.141592653589793,-0.5500357671490544
3.141592653589793,-0.5454818359576357
3.141592653589793,-0.540916491233361
3.141592653589793,-0.5363395563292415
3.141592653589793,-0.53175085019215
3.141592653589793,-0.5271501871993524
3.141592653589793,-0.5225373769862277
3.141592653589793,-0.5179122242667876
3.141592653589793,-0.5132745286435862
3.141592653589793,-0.5086240844092763
3.141592653589793,-0.5039606803372233
3.141592653589793,-0.49928409946129615
3.141592653589793,-0.4945941188443519
3.141592653589793,-0.4898905093340128
3.141592653589793,-0.4851730353057136
3.141592653589793,-0.48044145439068625
3.141592653589793,-0.47569551719013864
3.141592653589793,-0.4709349669722763
3.141592653589793,-0.4661595393531199
3.141592653589793,-0.4613689619573834
3.141592653589793,-0.45656295406112435
3.141592653589793,-0.45174122621211693
3.141592653589793,-0.4469034798276802
3.141592653589793,-0.44204940676792903
3.141592653589793,-0.43717868888241396
3.141592653589793,-0.4322909975288573
3.141592653589793,-0.4273859930600597
3.141592653589793,-0.4224633242786652
3.141592653589793,-0.4175226278550822
3.141592653589793,-0.41256352770719096
3.141592653589793,-0.4075856343378793
3.141592653589793,-0.4025885441260576
3.141592653589793,-0.39757183856865463
3.141592653589793,-0.3925350834683069
3.141592653589793,-0.38747782806209713
3.141592653589793,-0.3823996040856439
3.141592653589793,-0.37729992476709456
3.141592653589793,-0.3721782837446628
3.141592653589793,-0.3670341538985428
3.141592653589793,-0.36186698609114176
3.141592653589793,-0.3566762078048098
3.141592653589793,-0.3514612216677659
3.141592653589793,-0.34622140385530004
3.141592653589793,-0.340956102354757
3.141592653589793,-0.33566463507754674
3.141592653589793,-0.3303462878027834
3.141592653589793,-0.32500031193316997
3.141592653589793,-0.3196259220412824
3.141592653589793,-0.31422229318127126
3.141592653589793,-0.308788557939033
3.141592653589793,-0.30332380318611296
3.141592653589793,-0.2978270665023727
3.141592653589793,-0.29229733222308263
3.141592653589793,-0.2867335270608158
3.141592653589793,-0.28113451524429073
3.141592653589793,-0.2754990931067519
3.141592653589793,-0.2698259830436599
3.141592653589793,-0.2641138267487142
3.141592653589793,-0.2583611776148817
3.141592653589793,-0.2525664921738613
3.141592653589793,-0.24672812041481212
3.141592653589793,-0.24084429479795913
3.141592653589793,-0.23491311773774853
3.141592653589793,-0.22893254728318602
3.141592653589793,-0.2229003806628835
3.141592653589793,-0.21681423528834762
3.141592653589793,-0.21067152671076306
3.141592653589793,-0.20446944290463187
3.141592653589793,-0.19820491409137136
3.141592653589793,-0.19187457710611072
3.141592653589793,-0.18547473303430098
3.141592653589793,-0.17900129647504187
3.141592653589793,-0.1724497342856745
3.141592653589793,-0.16581499097666016
3.141592653589793,-0.15909139696535624
3.141592653589793,-0.15227255454601685
3.141592653589793,-0.14535119448340275
3.141592653589793,-0.13831899327313688
3.141592653589793,-0.1311663368204758
3.141592653589793,-0.12388200968257304
3.141592653589793,-0.1164527785806992
3.141592653589793,-0.10886282185422089
3.141592653589793,-0.10109292770745655
3.141592653589793,-0.09311933322015724
3.141592653589793,-0.08491198166112242
3.141592653589793,-0.07643178950647064
3.141592653589793,-0.06762611952277546
3.141592653589793,-0.058420736037555675
3.141592653589793,-0.04870409709032263
3.141592653589793,-0.038292301411546145
3.141592653589793,-0.026832827404648527
3.141592653589793,-0.013416278661541188
3.141592653589793,0.0
3.141592653589793,0.017340711097459938
3.141592653589793,0.030031025285465817
3.141592653589793,0.04113302228828984
3.141592653589793,0.0513098495684833
3.141592653589793,0.06085592662392863
3.141592653589793,0.069926783202968
3.141592653589793,0.07862209884861206
3.141592653589793,0.0870087954337916
3.141592653589793,0.09513509850833528
3.141592653589793,0.10303717434621265
3.141592653589793,0.11074305873724198
3.141592653589793,0.11827505773632178
3.141592653589793,0.12565129864276917
3.141592653589793,0.1328867740899844
3.141592653589793,0.1399940693266054
3.141592653589793,0.14698388354806768
3.141592653589793,0.15386541283158003
3.141592653589793,0.16064663739500173
3.141592653589793,0.16733454107062615
3.141592653589793,0.17393528171325653
3.141592653589793,0.18045432541477494
3.141592653589793,0.1868965535682992
3.141592653589793,0.19326634925703756
3.141592653589793,0.1995676676845431
3.141592653589793,0.2058040941355455
3.141592653589793,0.2119788920844529
3.141592653589793,0.2180950434400956
3.141592653589793,0.22415528245516325
3.141592653589793,0.23016212448766457
3.141592653589793,0.23611789054628718
3.141592653589793,0.24202472835715522
3.141592653589793,0.24788463054102214
3.141592653589793,0.25369945037501973
3.141592653589793,0.25947091552312995
3.141592653589793,0.26520064004908644
3.141592653589793,0.27089013496932335
3.141592653589793,0.27654081755911003
3.141592653589793,0.28215401958866243
3.141592653589793,0.28773099463707347
3.141592653589793,0.2932729246084246
3.141592653589793,0.2987809255548382
3.141592653589793,0.3042560528951446
3.141592653589793,0.30969930610473173
3.141592653589793,0.31511163294139083
3.141592653589793,0.3204939332625249
3.141592653589793,0.3258470624812705
3.141592653589793,0.33117183470293265
3.141592653589793,0.3364690255774062
3.141592653589793,0.34173937489873546
3.141592653589793,0.3469835889789449
3.141592653589793,0.3522023428197803
3.141592653589793,0.3573962821032863
3.141592653589793,0.36256602501954227
3.141592653589793,0.36771216394759393
3.141592653589793,0.3728352670039598
3.141592653589793,0.3779358794714108
3.141592653589793,0.3830145251191487
3.141592653589793,0.3880717074245053
3.141592653589793,0.39310791070508744
3.141592653589793,0.3981236011692218
3.141592653589793,0.4031192278919935
3.141592653589793,0.4080952237232409
3.141592653589793,0.4130520061333362
3.141592653589793,0.41798997800184656
3.141592653589793,0.42290952835378315
3.141592653589793,0.4278110330478129
3.141592653589793,0.43269485542006936
3.141592653589793,0.4375613468872063
3.141592653589793,0.4424108475116882
3.141592653589793,0.44724368653237473
3.141592653589793,0.4520601828629081
3.141592653589793,0.4568606455602001
3.141592653589793,0.46164537426543545
3.141592653589793,0.4664146596193148
3.141592653589793,0.47116878365355747
3.141592653589793,0.47590802016027406
3.141592653589793,0.48063263504064624
3.141592653589793,0.48534288663442576
3.141592653589793,0.49003902603154315
3.141592653589793,0.4947212973670386
3.141592653589793,0.4993899381002763
3.141592653589793,0.5040451792796183
3.141592653589793,0.5086872457933785
3.141592653589793,0.5133163566079932
3.141592653589793,0.5179327249942486
3.141592653589793,0.5225365587421
3.141592653589793,0.5271280603650285
3.141592653589793,0.5317074272944741
3.141592653589793,0.5362748520648202
3.141592653589793,0.5408305224896394
3.141592653589793,0.5453746218297567
3.141592653589793,0.5499073289533456
3.141592653589793,0.5544288184887078
3.141592653589793,0.5589392609702433
3.141592653589793,0.5634388229777119
3.141592653589793,0.5679276672693944
3.141592653589793,0.5724059529092951
3.141592653589793,0.5768738353889719
3.141592653589793,0.5813314667439902
3.141592653589793,0.5857789956653661
3.141592653589793,0.5902165676065584
3.141592653589793,0.5946443248858022
3.141592653589793,0.5990624067841618
3.141592653589793,0.603470949639764
3.141592653589793,0.6078700869380974
3.141592653589793,0.6122599493986228
3.141592653589793,0.6166406650581141
3.141592653589793,0.6210123593506257
3.141592653589793,0.625375155184404
3.141592653589793,0.6297291730157424
3.141592653589793,0.6340745309200408
3.141592653589793,0.6384113446602362
3.141592653589793,0.6427397277525888
3.141592653589793,0.6470597915301142
3.141592653589793,0.6513716452035978
3.141592653589793,0.6556753959203848
3.141592653589793,0.65997114882113
3.141592653589793,0.6642590070944151
3.141592653589793,0.6685390720294957
3.141592653589793,0.6728114430671097
3.141592653589793,0.6770762178486178
3.141592653589793,0.6813334922633968
3.141592653589793,0.685583360494516
3.141592653589793,0.6898259150630429
3.141592653589793,0.6940612468707136
3.141592653589793,0.6982894452411995
3.141592653589793,0.7025105979600748
3.141592653589793,0.706724791313343
3.141592653589793,0.7109321101248104
3.141592653589793,0.715132637792286
3.141592653589793,0.7193264563224312
3.141592653589793,0.7235136463646772
3.141592653589793,0.7276942872440819
3.141592653589793,0.731868456993023
3.141592653589793,0.73603623238194
3.141592653589793,0.740197688949186
3.141592653589793,0.7443529010300176
3.141592653589793,0.7485019417845242
3.141592653589793,0.7526448832248067
3.141592653589793,0.7567817962414666
3.141592653589793,0.7609127506291111
3.141592653589793,0.7650378151112122
3.141592653589793,0.7691570573641859
3.141592653589793,0.7732705440408131
3.141592653589793,0.7773783407930286
3.141592653589793,0.7814805122940032
3.141592653589793,0.7855771222595146
3.141592653589793,0.7896682334688297
3.141592653589793,0.7937539077850144
3.141592653589793,0.7978342061746294
3.141592653589793,0.8019091887269123
3.141592653589793,0.8059789146723522
3.141592653589793,0.8100434424008552
3.141592653589793,0.8141028294793679
3.141592653589793,0.8181571326690834
3.141592653589793,0.8222064079421331
3.141592653589793,0.8262507104978389
3.141592653589793,0.8302900947785895
3.141592653589793,0.8343246144852016
3.141592653589793,0.838354322592009
3.141592653589793,0.842379271361486
3.141592653589793,0.8463995123584599
3.141592653589793,0.850415096464121
3.141592653589793,0.8544260738895315
3.141592653589793,0.858432494188785
3.141592653589793,0.8624344062719137
3.141592653589793,0.8664318584175019
3.141592653589793,0.8704248982849538
3.141592653589793,0.8744135729263623
3.141592653589793,0.8783979287982133
3.141592653589793,0.8823780117728289
3.141592653589793,0.8863538671494394
3.141592653589793,0.8903255396650299
3.141592653589793,0.8942930735049153
3.141592653589793,0.89825651231313
3.141592653589793,0.9022158992025258
3.141592653589793,0.9061712767646035
3.141592653589793,0.9101226870791945
3.141592653589793,0.9140701717239004
3.141592653589793,0.918013771783258
3.141592653589793,0.921953527857703
3.141592653589793,0.9258894800724654
3.141592653589793,0.9298216680861254
3.141592653589793,0.933750131098988
3.141592653589793,0.9376749078613915
3.141592653589793,0.9415960366816948
3.141592653589793,0.945513555434133
3.141592653589793,0.9494275015665891
3.141592653589793,0.9533379121080792
3.141592653589793,0.9572448236760847
3.141592653589793,0.9611482724838625
3.141592653589793,0.9650482943474528
3.141592653589793,0.9689449246925897
3.141592653589793,0.9728381985517566
3.141592653589793,0.9767281507377192
3.141592653589793,0.980614814950224
3.141592653589793,0.9844982247103152
3.141592653589793,0.9883784177992413
3.141592653589793,0.9922554332538909
3.141592653589793,0.9961292962357111
3.141592653589793,1.0
dx_2
-3.141592653589793,-1.0
-3.141592653589793,-0.9949999999999996
-3.141592653589793,-0.9849999999999891
-3.141592653589793,-0.975
-3.141592653589793,-0.9649999999999984
-3.141592653589793,-0.9549999999999929
-3.141592653589793,-0.9449999999999963
-3.141592653589793,-0.9349999999999943
-3.141592653589793,-0.9249999999999998
-3.141592653589793,-0.9150000000000014
-3.141592653589793,-0.9050000000000056
-3.141592653589793,-0.895000000000005
-3.141592653589793,-0.8850000000000051
-3.141592653589793,-0.8749999999999992
-3.141592653589793,-0.8649999999999981
-3.141592653589793,-0.8550000000000059
-3.141592653589793,-0.8450000000000105
-3.141592653589793,-0.8350000000000073
-3.141592653589793,-0.8250000000000067
-3.141592653589793,-0.8149999999999972
-3.141592653589793,-0.8050000000000032
-3.141592653589793,-0.7950000000000126
-3.141592653589793,-0.7850000000000227
-3.141592653589793,-0.7750000000000217
-3.141592653589793,-0.7650000000000206
-3.141592653589793,-0.755000000000019
-3.141592653589793,-0.7450000000000272
-3.141592653589793,-0.7350000000000222
-3.141592653589793,-0.725000000000015
-3.141592653589793,-0.7150000000000161
-3.141592653589793,-0.705000000000012
-3.141592653589793,-0.695000000000013
-3.141592653589793,-0.6850000000000098
-3.141592653589793,-0.6750000000000128
-3.141592653589793,-0.6650000000000104
-3.141592653589793,-0.6550000000000094
-3.141592653589793,-0.6450000000000087
-3.141592653589793,-0.6350000000000121
-3.141592653589793,-0.6250000000000084
-3.141592653589793,-0.6150000000000132
-3.141592653589793,-0.6050000000000095
-3.141592653589793,-0.595000000000013
-3.141592653589793,-0.5850000000000182
-3.141592653589793,-0.5750000000000135
-3.141592653589793,-0.565000000000013
-3.141592653589793,-0.5550000000000129
-3.141592653589793,-0.545000000000015
-3.141592653589793,-0.5350000000000162
-3.141592653589793,-0.5250000000000166
-3.141592653589793,-0.515000000000016
-3.141592653589793,-0.5050000000000133
-3.141592653589793,-0.4950000000000136
-3.141592653589793,-0.4850000000000162
-3.141592653589793,-0.4750000000000152
-3.141592653589793,-0.4650000000000144
-3.141592653589793,-0.4550000000000145
-3.141592653589793,-0.4450000000000129
-3.141592653589793,-0.435000000000011
-3.141592653589793,-0.4250000000000125
-3.141592653589793,-0.41500000000001125
-3.141592653589793,-0.40500000000000846
-3.141592653589793,-0.39500000000001034
-3.141592653589793,-0.3850000000000096
-3.141592653589793,-0.37500000000000866
-3.141592653589793,-0.365000000000007
-3.141592653589793,-0.35500000000000687
-3.141592653589793,-0.34500000000000675
-3.141592653589793,-0.3350000000000071
-3.141592653589793,-0.3250000000000064
-3.141592653589793,-0.31500000000000694
-3.141592653589793,-0.30500000000000665
-3.141592653589793,-0.2950000000000072
-3.141592653589793,-0.2850000000000058
-3.141592653589793,-0.27500000000000613
-3.141592653589793,-0.26500000000000634
-3.141592653589793,-0.25500000000000583
-3.141592653589793,-0.24500000000000574
-3.141592653589793,-0.2350000000000052
-3.141592653589793,-0.22500000000000503
-3.141592653589793,-0.2150000000000044
-3.141592653589793,-0.20500000000000387
-3.141592653589793,-0.19500000000000414
-3.141592653589793,-0.18500000000000374
-3.141592653589793,-0.17500000000000346
-3.141592653589793,-0.16500000000000326
-3.141592653589793,-0.1550000000000032
-3.141592653589793,-0.14500000000000313
-3.141592653589793,-0.1350000000000028
-3.141592653589793,-0.12500000000000253
-3.141592653589793,-0.11500000000000225
-3.141592653589793,-0.10500000000000188
-3.141592653589793,-0.09500000000000176
-3.141592653589793,-0.08500000000000153
-3.141592653589793,-0.07500000000000134
-3.141592653589793,-0.06500000000000117
-3.141592653589793,-0.05500000000000094
-3.141592653589793,-0.045000000000000775
-3.141592653589793,-0.0350000000000006
-3.141592653589793,-0.025000000000000393
-3.141592653589793,-0.015000000000000183
-3.141592653589793,-0.004999999999999968
-3.141592653589793,0.005000000000000247
-3.141592653589793,0.015000000000000463
-3.141592653589793,0.025000000000000674
-3.141592653589793,0.035000000000000885
-3.141592653589793,0.04500000000000106
-3.141592653589793,0.055000000000001215
-3.141592653589793,0.06500000000000145
-3.141592653589793,0.07500000000000162
-3.141592653589793,0.08500000000000181
-3.141592653589793,0.09500000000000204
-3.141592653589793,0.10500000000000217
-3.141592653589793,0.11500000000000253
-3.141592653589793,0.1250000000000028
-3.141592653589793,0.1350000000000031
-3.141592653589793,0.1450000000000034
-3.141592653589793,0.15500000000000347
-3.141592653589793,0.16500000000000353
-3.141592653589793,0.17500000000000374
-3.141592653589793,0.18500000000000402
-3.141592653589793,0.19500000000000442
-3.141592653589793,0.20500000000000415
-3.141592653589793,0.2150000000000047
-3.141592653589793,0.2250000000000053
-3.141592653589793,0.23500000000000548
-3.141592653589793,0.24500000000000602
-3.141592653589793,0.2550000000000061
-3.141592653589793,0.2650000000000066
-3.141592653589793,0.2750000000000064
-3.141592653589793,0.2850000000000061
-3.141592653589793,0.2950000000000075
-3.141592653589793,0.3050000000000069
-3.141592653589793,0.3150000000000072
-3.141592653589793,0.3250000000000067
-3.141592653589793,0.33500000000000735
-3.141592653589793,0.345000000000007
-3.141592653589793,0.35500000000000714
-3.141592653589793,0.36500000000000726
-3.141592653589793,0.37500000000000894
-3.141592653589793,0.38500000000000983
-3.141592653589793,0.3950000000000106
-3.141592653589793,0.40500000000000874
-3.141592653589793,0.4150000000000115
-3.141592653589793,0.4250000000000127
-3.141592653589793,0.4350000000000112
-3.141592653589793,0.4450000000000131
-3.141592653589793,0.4550000000000148
-3.141592653589793,0.4650000000000147
-3.141592653589793,0.4750000000000154
-3.141592653589793,0.4850000000000164
-3.141592653589793,0.4950000000000138
-3.141592653589793,0.5050000000000135
-3.141592653589793,0.5150000000000162
-3.141592653589793,0.5250000000000168
-3.141592653589793,0.5350000000000165
-3.141592653589793,0.5450000000000153
-3.141592653589793,0.5550000000000131
-3.141592653589793,0.5650000000000133
-3.141592653589793,0.5750000000000137
-3.141592653589793,0.5850000000000184
-3.141592653589793,0.5950000000000132
-3.141592653589793,0.6050000000000098
-3.141592653589793,0.6150000000000134
-3.141592653589793,0.6250000000000087
-3.141592653589793,0.6350000000000123
-3.141592653589793,0.6450000000000089
-3.141592653589793,0.6550000000000096
-3.141592653589793,0.6650000000000106
-3.141592653589793,0.675000000000013
-3.141592653589793,0.68500000000001
-3.141592653589793,0.6950000000000133
-3.141592653589793,0.7050000000000122
-3.141592653589793,0.7150000000000163
-3.141592653589793,0.7250000000000152
-3.141592653589793,0.7350000000000224
-3.141592653589793,0.7450000000000273
-3.141592653589793,0.7550000000000192
-3.141592653589793,0.7650000000000207
-3.141592653589793,0.7750000000000218
-3.141592653589793,0.7850000000000228
-3.141592653589793,0.7950000000000128
-3.141592653589793,0.8050000000000033
-3.141592653589793,0.8149999999999973
-3.141592653589793,0.8250000000000068
-3.141592653589793,0.8350000000000074
-3.141592653589793,0.8450000000000106
-3.141592653589793,0.855000000000006
-3.141592653589793,0.8649999999999982
-3.141592653589793,0.8749999999999993
-3.141592653589793,0.8850000000000052
-3.141592653589793,0.895000000000005
-3.141592653589793,0.9050000000000057
-3.141592653589793,0.9150000000000014
-3.141592653589793,0.9249999999999998
-3.141592653589793,0.9349999999999943
-3.141592653589793,0.9449999999999963
-3.141592653589793,0.954999999999993
-3.141592653589793,0.9649999999999984
-3.141592653589793,0.975
-3.141592653589793,0.9849999999999891
-3.141592653589793,0.9949999999999996
-3.141592653589793,1.0
-3.1070686126221205,-1.0
-3.1070686126221205,1.0
-3.072539941267836,-1.0
-3.072539941267836,1.0
-3.043042531861026,-1.0
-3.043042531861026,1.0
-3.016235634415759,-1.0
-3.016235634415759,1.0
-2.9912116575357803,-1.0
-2.9912116575357803,1.0
-2.967497002285203,-1.0
-2.967497002285203,1.0
-2.9448043210767634,-1.0
-2.9448043210767634,1.0
-2.9229422999674726,-1.0
-2.9229422999674726,1.0
-2.901775228897942,-1.0
-2.901775228897942,1.0
-2.881202294685517,-1.0
-2.881202294685517,1.0
-2.861145928128957,-1.0
-2.861145928128957,1.0
-2.8415447684668695,-1.0
-2.8415447684668695,1.0
-2.8223491768223026,-1.0
-2.8223491768223026,1.0
-2.8035182469806537,-1.0
-2.8035182469806537,1.0
-2.785017740915754,-1.0
-2.785017740915754,1.0
-2.7668186195223816,-1.0
-2.7668186195223816,1.0
-2.7488959699709503,-1.0
-2.7488959699709503,1.0
-2.7312282052807584,-1.0
-2.7312282052807584,1.0
-2.71379645555324,-1.0
-2.71379645555324,1.0
-2.696584097179073,-1.0
-2.696584097179073,1.0
-2.6795763833338735,-1.0
-2.6795763833338735,1.0
-2.662760150129666,-1.0
-2.662760150129666,1.0
-2.6461235801599416,-1.0
-2.6461235801599416,1.0
-2.629656010193688,-1.0
-2.629656010193688,1.0
-2.613347773259487,-1.0
-2.613347773259487,1.0
-2.597190067825894,-1.0
-2.597190067825894,1.0
-2.581174848555771,-1.0
-2.581174848555771,1.0
-2.5652947343993864,-1.0
-2.5652947343993864,1.0
-2.5495429307489297,-1.0
-2.5495429307489297,1.0
-2.533913163086261,-1.0
-2.533913163086261,1.0
-2.5183996200972483,-1.0
-2.5183996200972483,1.0
-2.5029969046356944,-1.0
-2.5029969046356944,1.0
-2.487699991241441,-1.0
-2.487699991241441,1.0
-2.472504189160627,-1.0
-2.472504189160627,1.0
-2.4574051100135503,-1.0
-2.4574051100135503,1.0
-2.4423986394078137,-1.0
-2.4423986394078137,1.0
-2.4274809119177925,-1.0
-2.4274809119177925,1.0
-2.4126482889501144,-1.0
-2.4126482889501144,1.0
-2.3978973390928613,-1.0
-2.3978973390928613,1.0
-2.383224820613334,-1.0
-2.383224820613334,1.0
-2.368627665820033,-1.0
-2.368627665820033,1.0
-2.3541029670485965,-1.0
-2.3541029670485965,1.0
-2.339647964068117,-1.0
-2.339647964068117,1.0
-2.3252600327327277,-1.0
-2.3252600327327277,1.0
-2.310936674729641,-1.0
-2.310936674729641,1.0
-2.296675508294486,-1.0
-2.296675508294486,1.0
-2.282474259783117,-1.0
-2.282474259783117,1.0
-2.2683307560037678,-1.0
-2.2683307560037678,1.0
-2.2542429172256226,-1.0
-2.2542429172256226,1.0
-2.240208750791038,-1.0
-2.240208750791038,1.0
-2.226226345267624,-1.0
-2.226226345267624,1.0
-2.212293865084024,-1.0
-2.212293865084024,1.0
-2.198409545600603,-1.0
-2.198409545600603,1.0
-2.1845716885712485,-1.0
-2.1845716885712485,1.0
-2.1707786579581216,-1.0
-2.1707786579581216,1.0
-2.1570288760654925,-1.0
-2.1570288760654925,1.0
-2.143320819962169,-1.0
-2.143320819962169,1.0
-2.1296530181658326,-1.0
-2.1296530181658326,1.0
-2.116024047565369,-1.0
-2.116024047565369,1.0
-2.102432530559635,-1.0
-2.102432530559635,1.0
-2.0888771323935784,-1.0
-2.0888771323935784,1.0
-2.0753565586742244,-1.0
-2.0753565586742244,1.0
-2.061869553051251,-1.0
-2.061869553051251,1.0
-2.0484148950484187,-1.0
-2.0484148950484187,1.0
-2.0349913980324925,-1.0
-2.0349913980324925,1.0
-2.02159790730905,-1.0
-2.02159790730905,1.0
-2.00823329833425,-1.0
-2.00823329833425,1.0
-1.9948964750336322,-1.0
-1.9948964750336322,1.0
-1.9815863682190933,-1.0
-1.9815863682190933,1.0
-1.9683019340964412,-1.0
-1.9683019340964412,1.0
-1.9550421528565294,-1.0
-1.9550421528565294,1.0
-1.9418060273429838,-1.0
-1.9418060273429838,1.0
-1.92859258179147,-1.0
-1.92859258179147,1.0
-1.9154008606341837,-1.0
-1.9154008606341837,1.0
-1.902229927365347,-1.0
-1.902229927365347,1.0
-1.8890788634625082,-1.0
-1.8890788634625082,1.0
-1.8759467673597718,-1.0
-1.8759467673597718,1.0
-1.8628327534689033,-1.0
-1.8628327534689033,1.0
-1.8497359512450062,-1.0
-1.8497359512450062,1.0
-1.8366555042928447,-1.0
-1.8366555042928447,1.0
-1.8235905695115526,-1.0
-1.8235905695115526,1.0
-1.8105403162738731,-1.0
-1.8105403162738731,1.0
-1.7975039256381982,-1.0
-1.7975039256381982,1.0
-1.7844805895902713,-1.0
-1.7844805895902713,1.0
-1.771469510312408,-1.0
-1.771469510312408,1.0
-1.7584698994781993,-1.0
-1.7584698994781993,1.0
-1.7454809775703648,-1.0
-1.7454809775703648,1.0
-1.7325019732201083,-1.0
-1.7325019732201083,1.0
-1.7195321225659033,-1.0
-1.7195321225659033,1.0
-1.7065706686302076,-1.0
-1.7065706686302076,1.0
-1.6936168607121314,-1.0
-1.6936168607121314,1.0
-1.6806699537950307,-1.0
-1.6806699537950307,1.0
-1.6677292079669086,-1.0
-1.6677292079669086,1.0
-1.6547938878527777,-1.0
-1.6547938878527777,1.0
-1.641863262057111,-1.0
-1.641863262057111,1.0
-1.6289366026154863,-1.0
-1.6289366026154863,1.0
-1.6160131844538679,-1.0
-1.6160131844538679,1.0
-1.603092284854311,-1.0
-1.603092284854311,1.0
-1.590173182926027,-1.0
-1.590173182926027,1.0
-1.577255159080438,-1.0
-1.577255159080438,1.0
-1.5643374945091244,-1.0
-1.5643374945091244,1.0
-1.5514194706635418,-1.0
-1.5514194706635418,1.0
-1.5385003687352579,-1.0
-1.5385003687352579,1.0
-1.5255794691357096,-1.0
-1.5255794691357096,1.0
-1.512656050974103,-1.0
-1.512656050974103,1.0
-1.4997293915324812,-1.0
-1.4997293915324812,1.0
-1.4867987657367991,-1.0
-1.4867987657367991,1.0
-1.47386344562267,-1.0
-1.47386344562267,1.0
-1.4609226997945646,-1.0
-1.4609226997945646,1.0
-1.4479757928774402,-1.0
-1.4479757928774402,1.0
-1.4350219849593693,-1.0
-1.4350219849593693,1.0
-1.422060531023675,-1.0
-1.422060531023675,1.0
-1.4090906803694683,-1.0
-1.4090906803694683,1.0
-1.396111676019205,-1.0
-1.396111676019205,1.0
-1.3831227541113416,-1.0
-1.3831227541113416,1.0
-1.3701231432771106,-1.0
-1.3701231432771106,1.0
-1.3571120639992267,-1.0
-1.3571120639992267,1.0
-1.3440887279512779,-1.0
-1.3440887279512779,1.0
-1.3310523373156182,-1.0
-1.3310523373156182,1.0
-1.318002084077919,-1.0
-1.318002084077919,1.0
-1.3049371492966202,-1.0
-1.3049371492966202,1.0
-1.2918567023444485,-1.0
-1.2918567023444485,1.0
-1.2787599001205265,-1.0
-1.2787599001205265,1.0
-1.2656458862296676,-1.0
-1.2656458862296676,1.0
-1.2525137901268986,-1.0
-1.2525137901268986,1.0
-1.2393627262240925,-1.0
-1.2393627262240925,1.0
-1.2261917929552621,-1.0
-1.2261917929552621,1.0
-1.213000071797979,-1.0
-1.213000071797979,1.0
-1.1997866262464632,-1.0
-1.1997866262464632,1.0
-1.1865505007329322,-1.0
-1.1865505007329322,1.0
-1.1732907194930282,-1.0
-1.1732907194930282,1.0
-1.1600062853704076,-1.0
-1.1600062853704076,1.0
-1.1466961785558385,-1.0
-1.1466961785558385,1.0
-1.1333593552551866,-1.0
-1.1333593552551866,1.0
-1.1199947462803703,-1.0
-1.1199947462803703,1.0
-1.1066012555569358,-1.0
-1.1066012555569358,1.0
-1.093177758541032,-1.0
-1.093177758541032,1.0
-1.0797231005382324,-1.0
-1.0797231005382324,1.0
-1.0662360949152916,-1.0
-1.0662360949152916,1.0
-1.0527155211959043,-1.0
-1.0527155211959043,1.0
-1.0391601230298415,-1.0
-1.0391601230298415,1.0
-1.0255686060241311,-1.0
-1.0255686060241311,1.0
-1.0119396354236834,-1.0
-1.0119396354236834,1.0
-0.998271833627309,-1.0
-0.998271833627309,1.0
-0.9845637775239497,-1.0
-0.9845637775239497,1.0
-0.9708139956313245,-1.0
-0.9708139956313245,1.0
-0.9570209650181739,-1.0
-0.9570209650181739,1.0
-0.9431831079887641,-1.0
-0.9431831079887641,1.0
-0.9292987885053203,-1.0
-0.9292987885053203,1.0
-0.9153663083216738,-1.0
-0.9153663083216738,1.0
-0.9013839027982731,-1.0
-0.9013839027982731,1.0
-0.8873497363636976,-1.0
-0.8873497363636976,1.0
-0.8732618975855696,-1.0
-0.8732618975855696,1.0
-0.8591183938062292,-1.0
-0.8591183938062292,1.0
-0.8449171452948433,-1.0
-0.8449171452948433,1.0
-0.8306559788596745,-1.0
-0.8306559788596745,1.0
-0.816332620856594,-1.0
-0.816332620856594,1.0
-0.801944689521242,-1.0
-0.801944689521242,1.0
-0.7874896865407778,-1.0
-0.7874896865407778,1.0
-0.7729649877694149,-1.0
-0.7729649877694149,1.0
-0.7583678329761109,-1.0
-0.7583678329761109,1.0
-0.7436953144966194,-1.0
-0.7436953144966194,1.0
-0.7289443646393424,-1.0
-0.7289443646393424,1.0
-0.7141117416716242,-1.0
-0.7141117416716242,1.0
-0.6991940141816432,-1.0
-0.6991940141816432,1.0
-0.6841875435758956,-1.0
-0.6841875435758956,1.0
-0.6690884644288071,-1.0
-0.6690884644288071,1.0
-0.6538926623480029,-1.0
-0.6538926623480029,1.0
-0.6385957489537532,-1.0
-0.6385957489537532,1.0
-0.6231930334922077,-1.0
-0.6231930334922077,1.0
-0.6076794905031431,-1.0
-0.6076794905031431,1.0
-0.5920497228405837,-1.0
-0.5920497228405837,1.0
-0.576297919190122,-1.0
-0.576297919190122,1.0
-0.560417805033708,-1.0
-0.560417805033708,1.0
-0.5444025857634939,-1.0
-0.5444025857634939,1.0
-0.5282448803298805,-1.0
-0.5282448803298805,1.0
-0.5119366433955895,-1.0
-0.5119366433955895,1.0
-0.49546907342938445,-1.0
-0.49546907342938445,1.0
-0.47883250345974604,-1.0
-0.47883250345974604,1.0
-0.46201627025557046,-1.0
-0.46201627025557046,1.0
-0.4450085564104119,-1.0
-0.4450085564104119,1.0
-0.4277961980362424,-1.0
-0.4277961980362424,1.0
-0.41036444830863444,-1.0
-0.41036444830863444,1.0
-0.39269668361841864,-1.0
-0.39269668361841864,1.0
-0.37477403406698057,-1.0
-0.37477403406698057,1.0
-0.35657491267360736,-1.0
-0.35657491267360736,1.0
-0.33807440660876603,-1.0
-0.33807440660876603,1.0
-0.3192434767672414,-1.0
-0.3192434767672414,1.0
-0.30004788512261305,-1.0
-0.30004788512261305,1.0
-0.280446725460477,-1.0
-0.280446725460477,1.0
-0.2603903589040167,-1.0
-0.2603903589040167,1.0
-0.23981742469169273,-1.0
-0.23981742469169273,1.0
-0.21865035362225416,-1.0
-0.21865035362225416,1.0
-0.19678833251291034,-1.0
-0.19678833251291034,1.0
-0.17409565130431529,-1.0
-0.17409565130431529,1.0
-0.15038099605395838,-1.0
-0.15038099605395838,1.0
-0.1253570191739612,-1.0
-0.1253570191739612,1.0
-0.09855012172844244,-1.0
-0.09855012172844244,1.0
-0.06905271232189217,-1.0
-0.06905271232189217,1.0
-0.034524040967731574,-1.0
-0.034524040967731574,1.0
0.0,-1.0
0.0,1.0
0.044609358916219276,-1.0
0.044609358916219276,1.0
0.07727074670941247,-1.0
0.07727074670941247,1.0
0.10584214812305104,-1.0
0.10584214812305104,1.0
0.1320466437532107,-1.0
0.1320466437532107,1.0
0.15662782359981658,-1.0
0.15662782359981658,1.0
0.17999347214674669,-1.0
0.17999347214674669,1.0
0.20239836799191094,-1.0
0.20239836799191094,1.0
0.22401547753876233,-1.0
0.22401547753876233,1.0
0.244969216154369,-1.0
0.244969216154369,1.0
0.26535297891018095,-1.0
0.26535297891018095,1.0
0.28523921600313945,-1.0
0.28523921600313945,1.0
0.3046856151253728,-1.0
0.3046856151253728,1.0
0.32373909493376474,-1.0
0.32373909493376474,1.0
0.3424384937272908,-1.0
0.3424384937272908,1.0
0.3608164425578129,-1.0
0.3608164425578129,1.0
0.37890070811990845,-1.0
0.37890070811990845,1.0
0.3967151793080578,-1.0
0.3967151793080578,1.0
0.4142806074144834,-1.0
0.4142806074144834,1.0
0.43161517176966474,-1.0
0.43161517176966474,1.0
0.4487349190195534,-1.0
0.4487349190195534,1.0
0.46565410918119626,-1.0
0.46565410918119626,1.0
0.4823854917609368,-1.0
0.4823854917609368,1.0
0.4989405286090655,-1.0
0.4989405286090655,1.0
0.5153295756570004,-1.0
0.5153295756570004,1.0
0.5315620325224599,-1.0
0.5315620325224599,1.0
0.5476464667234757,-1.0
0.5476464667234757,1.0
0.563590717622966,-1.0
0.563590717622966,1.0
0.579401984041016,-1.0
0.579401984041016,1.0
0.5950868985939008,-1.0
0.5950868985939008,1.0
0.6106515911602284,-1.0
0.6106515911602284,1.0
0.6261017433748615,-1.0
0.6261017433748615,1.0
0.641442635668525,-1.0
0.641442635668525,1.0
0.656679188074709,-1.0
0.656679188074709,1.0
0.6718159957943558,-1.0
0.6718159957943558,1.0
0.686857360326988,-1.0
0.686857360326988,1.0
0.7018073168325971,-1.0
0.7018073168325971,1.0
0.716669658273373,-1.0
0.716669658273373,1.0
0.7314479567917989,-1.0
0.7314479567917989,1.0
0.746145582706517,-1.0
0.746145582706517,1.0
0.7607657214463704,-1.0
0.7607657214463704,1.0
0.7753113886930552,-1.0
0.7753113886930552,1.0
0.7897854439615295,-1.0
0.7897854439615295,1.0
0.8041906028133576,-1.0
0.8041906028133576,1.0
0.8185294478698376,-1.0
0.8185294478698376,1.0
0.8328044387680169,-1.0
0.8328044387680169,1.0
0.8470179211829101,-1.0
0.8470179211829101,1.0
0.8611721350225127,-1.0
0.8611721350225127,1.0
0.8752692218879969,-1.0
0.8752692218879969,1.0
0.8893112318795008,-1.0
0.8893112318795008,1.0
0.9033001298176837,-1.0
0.9033001298176837,1.0
0.9172378009424682,-1.0
0.9172378009424682,1.0
0.9311260561428413,-1.0
0.9311260561428413,1.0
0.9449666367651883,-1.0
0.9449666367651883,1.0
0.9587612190419813,-1.0
0.9587612190419813,1.0
0.9725114181778876,-1.0
0.9725114181778876,1.0
0.9862187921261034,-1.0
0.9862187921261034,1.0
0.9998848450840498,-1.0
0.9998848450840498,1.0
1.0135110307345,-1.0
1.0135110307345,1.0
1.0270987552553144,-1.0
1.0270987552553144,1.0
1.04064938011848,-1.0
1.04064938011848,1.0
1.0541642246971457,-1.0
1.0541642246971457,1.0
1.0676445686973195,-1.0
1.0676445686973195,1.0
1.0810916544292333,-1.0
1.0810916544292333,1.0
1.0945066889319948,-1.0
1.0945066889319948,1.0
1.10789084596374,-1.0
1.10789084596374,1.0
1.1212452678683733,-1.0
1.1212452678683733,1.0
1.1345710673288991,-1.0
1.1345710673288991,1.0
1.1478693290165007,-1.0
1.1478693290165007,1.0
1.1611411111436905,-1.0
1.1611411111436905,1.0
1.1743874469290094,-1.0
1.1743874469290094,1.0
1.187609345980208,-1.0
1.187609345980208,1.0
1.2008077956022187,-1.0
1.2008077956022187,1.0
1.2139837620356726,-1.0
1.2139837620356726,1.0
1.2271381916312514,-1.0
1.2271381916312514,1.0
1.2402720119647304,-1.0
1.2402720119647304,1.0
1.2533861328971878,-1.0
1.2533861328971878,1.0
1.2664814475845019,-1.0
1.2664814475845019,1.0
1.2795588334399017,-1.0
1.2795588334399017,1.0
1.2926191530531377,-1.0
1.2926191530531377,1.0
1.305663255069517,-1.0
1.305663255069517,1.0
1.3186919750317736,-1.0
1.3186919750317736,1.0
1.3317061361876243,-1.0
1.3317061361876243,1.0
1.3447065502656297,-1.0
1.3447065502656297,1.0
1.3576940182218025,-1.0
1.3576940182218025,1.0
1.3706693309592064,-1.0
1.3706693309592064,1.0
1.3836332700227247,-1.0
1.3836332700227247,1.0
1.3965866082709832,-1.0
1.3965866082709832,1.0
1.4095301105273594,-1.0
1.4095301105273594,1.0
1.422464534211811,-1.0
1.422464534211811,1.0
1.435390629955239,-1.0
1.435390629955239,1.0
1.4483091421980219,-1.0
1.4483091421980219,1.0
1.4612208097741928,-1.0
1.4612208097741928,1.0
1.4741263664827606,-1.0
1.4741263664827606,1.0
1.4870265416475401,-1.0
1.4870265416475401,1.0
1.4999220606668848,-1.0
1.4999220606668848,1.0
1.5128136455545789,-1.0
1.5128136455545789,1.0
1.5257020154731495,-1.0
1.5257020154731495,1.0
1.5385878872608287,-1.0
1.5385878872608287,1.0
1.5514719759533822,-1.0
1.5514719759533822,1.0
1.5643549953019398,-1.0
1.5643549953019398,1.0
1.577237658287954,-1.0
1.577237658287954,1.0
1.5901206776365093,-1.0
1.5901206776365093,1.0
1.6030047663290652,-1.0
1.6030047663290652,1.0
1.61589063811674,-1.0
1.61589063811674,1.0
1.628779008035299,-1.0
1.628779008035299,1.0
1.641670592922987,-1.0
1.641670592922987,1.0
1.6545661119423332,-1.0
1.6545661119423332,1.0
1.667466287107114,-1.0
1.667466287107114,1.0
1.680371843815682,-1.0
1.680371843815682,1.0
1.6932835113918545,-1.0
1.6932835113918545,1.0
1.7062020236346396,-1.0
1.7062020236346396,1.0
1.7191281193780674,-1.0
1.7191281193780674,1.0
1.7320625430625158,-1.0
1.7320625430625158,1.0
1.7450060453188918,-1.0
1.7450060453188918,1.0
1.7579593835671505,-1.0
1.7579593835671505,1.0
1.7709233226306682,-1.0
1.7709233226306682,1.0
1.783898635368069,-1.0
1.783898635368069,1.0
1.7968861033242385,-1.0
1.7968861033242385,1.0
1.80988651740224,-1.0
1.80988651740224,1.0
1.8229006785580828,-1.0
1.8229006785580828,1.0
1.8359293985203389,-1.0
1.8359293985203389,1.0
1.8489735005367283,-1.0
1.8489735005367283,1.0
1.862033820149973,-1.0
1.862033820149973,1.0
1.8751112060053736,-1.0
1.8751112060053736,1.0
1.8882065206926917,-1.0
1.8882065206926917,1.0
1.9013206416251525,-1.0
1.9013206416251525,1.0
1.9144544619586341,-1.0
1.9144544619586341,1.0
1.927608891554216,-1.0
1.927608891554216,1.0
1.9407848579876663,-1.0
1.9407848579876663,1.0
1.953983307609673,-1.0
1.953983307609673,1.0
1.9672052066608687,-1.0
1.9672052066608687,1.0
1.9804515424461866,-1.0
1.9804515424461866,1.0
1.9937233245733765,-1.0
1.9937233245733765,1.0
2.007021586260972,-1.0
2.007021586260972,1.0
2.0203473857214913,-1.0
2.0203473857214913,1.0
2.0337018076261284,-1.0
2.0337018076261284,1.0
2.0470859646578763,-1.0
2.0470859646578763,1.0
2.0605009991606313,-1.0
2.0605009991606313,1.0
2.073948084892537,-1.0
2.073948084892537,1.0
2.087428428892707,-1.0
2.087428428892707,1.0
2.100943273471376,-1.0
2.100943273471376,1.0
2.1144938983345405,-1.0
2.1144938983345405,1.0
2.1280816228553547,-1.0
2.1280816228553547,1.0
2.141707808505811,-1.0
2.141707808505811,1.0
2.1553738614637563,-1.0
2.1553738614637563,1.0
2.1690812354119715,-1.0
2.1690812354119715,1.0
2.1828314345478814,-1.0
2.1828314345478814,1.0
2.1966260168246703,-1.0
2.1966260168246703,1.0
2.2104665974470046,-1.0
2.2104665974470046,1.0
2.224354852647363,-1.0
2.224354852647363,1.0
2.2382925237721443,-1.0
2.2382925237721443,1.0
2.2522814217103315,-1.0
2.2522814217103315,1.0
2.266323431701834,-1.0
2.266323431701834,1.0
2.280420518567325,-1.0
2.280420518567325,1.0
2.294574732406934,-1.0
2.294574732406934,1.0
2.3087882148218264,-1.0
2.3087882148218264,1.0
2.3230632057200014,-1.0
2.3230632057200014,1.0
2.3374020507764857,-1.0
2.3374020507764857,1.0
2.351807209628318,-1.0
2.351807209628318,1.0
2.3662812648967906,-1.0
2.3662812648967906,1.0
2.380826932143483,-1.0
2.380826932143483,1.0
2.395447070883345,-1.0
2.395447070883345,1.0
2.4101446967980626,-1.0
2.4101446967980626,1.0
2.4249229953164826,-1.0
2.4249229953164826,1.0
2.439785336757247,-1.0
2.439785336757247,1.0
2.4547352932628437,-1.0
2.4547352932628437,1.0
2.469776657795476,-1.0
2.469776657795476,1.0
2.484913465515129,-1.0
2.484913465515129,1.0
2.5001500179213205,-1.0
2.5001500179213205,1.0
2.515490910214988,-1.0
2.515490910214988,1.0
2.5309410624296107,-1.0
2.5309410624296107,1.0
2.5465057549959194,-1.0
2.5465057549959194,1.0
2.5621906695488,-1.0
2.5621906695488,1.0
2.578001935966856,-1.0
2.578001935966856,1.0
2.5939461868663534,-1.0
2.5939461868663534,1.0
2.610030621067373,-1.0
2.610030621067373,1.0
2.62626307793283,-1.0
2.62626307793283,1.0
2.642652124980762,-1.0
2.642652124980762,1.0
2.659207161828888,-1.0
2.659207161828888,1.0
2.6759385444086234,-1.0
2.6759385444086234,1.0
2.6928577345702616,-1.0
2.6928577345702616,1.0
2.7099774818201516,-1.0
2.7099774818201516,1.0
2.7273120461753373,-1.0
2.7273120461753373,1.0
2.7448774742817634,-1.0
2.7448774742817634,1.0
2.7626919454699124,-1.0
2.7626919454699124,1.0
2.7807762110320042,-1.0
2.7807762110320042,1.0
2.799154159862516,-1.0
2.799154159862516,1.0
2.8178535586560396,-1.0
2.8178535586560396,1.0
2.8369070384644286,-1.0
2.8369070384644286,1.0
2.8563534375866553,-1.0
2.8563534375866553,1.0
2.8762396746796206,-1.0
2.8762396746796206,1.0
2.8966234374354394,-1.0
2.8966234374354394,1.0
2.9175771760510445,-1.0
2.9175771760510445,1.0
2.939194285597891,-1.0
2.939194285597891,1.0
2.9615991814430496,-1.0
2.9615991814430496,1.0
2.984964829989975,-1.0
2.984964829989975,1.0
3.0095460098365834,-1.0
3.0095460098365834,1.0
3.0357505054667473,-1.0
3.0357505054667473,1.0
3.0643219068803886,-1.0
3.0643219068803886,1.0
3.096983294673582,-1.0
3.096983294673582,1.0
3.141592653589793,-1.0
3.141592653589793,-0.9949999999999996
3.141592653589793,-0.9849999999999891
3.141592653589793,-0.975
3.141592653589793,-0.9649999999999984
3.141592653589793,-0.9549999999999929
3.141592653589793,-0.9449999999999963
3.141592653589793,-0.9349999999999943
3.141592653589793,-0.9249999999999998
3.141592653589793,-0.9150000000000014
3.141592653589793,-0.9050000000000056
3.141592653589793,-0.895000000000005
3.141592653589793,-0.8850000000000051
3.141592653589793,-0.8749999999999992
3.141592653589793,-0.8649999999999981
3.141592653589793,-0.8550000000000059
3.141592653589793,-0.8450000000000105
3.141592653589793,-0.8350000000000073
3.141592653589793,-0.8250000000000067
3.141592653589793,-0.8149999999999972
3.141592653589793,-0.8050000000000032
3.141592653589793,-0.7950000000000126
3.141592653589793,-0.7850000000000227
3.141592653589793,-0.7750000000000217
3.141592653589793,-0.7650000000000206
3.141592653589793,-0.755000000000019
3.141592653589793,-0.7450000000000272
3.141592653589793,-0.7350000000000222
3.141592653589793,-0.725000000000015
3.141592653589793,-0.7150000000000161
3.141592653589793,-0.705000000000012
3.141592653589793,-0.695000000000013
3.141592653589793,-0.6850000000000098
3.141592653589793,-0.6750000000000128
3.141592653589793,-0.6650000000000104
3.141592653589793,-0.6550000000000094
3.141592653589793,-0.6450000000000087
3.141592653589793,-0.6350000000000121
3.141592653589793,-0.6250000000000084
3.141592653589793,-0.6150000000000132
3.141592653589793,-0.6050000000000095
3.141592653589793,-0.595000000000013
3.141592653589793,-0.5850000000000182
3.141592653589793,-0.5750000000000135
3.141592653589793,-0.565000000000013
3.141592653589793,-0.5550000000000129
3.141592653589793,-0.545000000000015
3.141592653589793,-0.5350000000000162
3.141592653589793,-0.5250000000000166
3.141592653589793,-0.515000000000016
3.141592653589793,-0.5050000000000133
3.141592653589793,-0.4950000000000136
3.141592653589793,-0.4850000000000162
3.141592653589793,-0.4750000000000152
3.141592653589793,-0.4650000000000144
3.141592653589793,-0.4550000000000145
3.141592653589793,-0.4450000000000129
3.141592653589793,-0.435000000000011
3.141592653589793,-0.4250000000000125
3.141592653589793,-0.41500000000001125
3.141592653589793,-0.40500000000000846
3.141592653589793,-0.39500000000001034
3.141592653589793,-0.3850000000000096
3.141592653589793,-0.37500000000000866
3.141592653589793,-0.365000000000007
3.141592653589793,-0.35500000000000687
3.141592653589793,-0.34500000000000675
3.141592653589793,-0.3350000000000071
3.141592653589793,-0.3250000000000064
3.141592653589793,-0.31500000000000694
3.141592653589793,-0.30500000000000665
3.141592653589793,-0.2950000000000072
3.141592653589793,-0.2850000000000058
3.141592653589793,-0.27500000000000613
3.141592653589793,-0.26500000000000634
3.141592653589793,-0.25500000000000583
3.141592653589793,-0.24500000000000574
3.141592653589793,-0.2350000000000052
3.141592653589793,-0.22500000000000503
3.141592653589793,-0.2150000000000044
3.141592653589793,-0.20500000000000387
3.141592653589793,-0.19500000000000414
3.141592653589793,-0.18500000000000374
3.141592653589793,-0.17500000000000346
3.141592653589793,-0.16500000000000326
3.141592653589793,-0.1550000000000032
3.141592653589793,-0.14500000000000313
3.141592653589793,-0.1350000000000028
3.141592653589793,-0.12500000000000253
3.141592653589793,-0.11500000000000225
3.141592653589793,-0.10500000000000188
3.141592653589793,-0.09500000000000176
3.141592653589793,-0.08500000000000153
3.141592653589793,-0.07500000000000134
3.141592653589793,-0.06500000000000117
3.141592653589793,-0.05500000000000094
3.141592653589793,-0.045000000000000775
3.141592653589793,-0.0350000000000006
3.141592653589793,-0.025000000000000393
3.141592653589793,-0.015000000000000183
3.141592653589793,-0.004999999999999968
3.141592653589793,0.005000000000000247
3.141592653589793,0.015000000000000463
3.141592653589793,0.025000000000000674
3.141592653589793,0.035000000000000885
3.141592653589793,0.04500000000000106
3.141592653589793,0.055000000000001215
3.141592653589793,0.06500000000000145
3.141592653589793,0.07500000000000162
3.141592653589793,0.08500000000000181
3.141592653589793,0.09500000000000204
3.141592653589793,0.10500000000000217
3.141592653589793,0.11500000000000253
3.141592653589793,0.1250000000000028
3.141592653589793,0.1350000000000031
3.141592653589793,0.1450000000000034
3.141592653589793,0.15500000000000347
3.141592653589793,0.16500000000000353
3.141592653589793,0.17500000000000374
3.141592653589793,0.18500000000000402
3.141592653589793,0.19500000000000442
3.141592653589793,0.20500000000000415
3.141592653589793,0.2150000000000047
3.141592653589793,0.2250000000000053
3.141592653589793,0.23500000000000548
3.141592653589793,0.24500000000000602
3.141592653589793,0.2550000000000061
3.141592653589793,0.2650000000000066
3.141592653589793,0.2750000000000064
3.141592653589793,0.2850000000000061
3.141592653589793,0.2950000000000075
3.141592653589793,0.3050000000000069
3.141592653589793,0.3150000000000072
3.141592653589793,0.3250000000000067
3.141592653589793,0.33500000000000735
3.141592653589793,0.345000000000007
3.141592653589793,0.35500000000000714
3.141592653589793,0.36500000000000726
3.141592653589793,0.37500000000000894
3.141592653589793,0.38500000000000983
3.141592653589793,0.3950000000000106
3.141592653589793,0.40500000000000874
3.141592653589793,0.4150000000000115
3.141592653589793,0.4250000000000127
3.141592653589793,0.4350000000000112
3.141592653589793,0.4450000000000131
3.141592653589793,0.4550000000000148
3.141592653589793,0.4650000000000147
3.141592653589793,0.4750000000000154
3.141592653589793,0.4850000000000164
3.141592653589793,0.4950000000000138
3.141592653589793,0.5050000000000135
3.141592653589793,0.5150000000000162
3.141592653589793,0.5250000000000168
3.141592653589793,0.5350000000000165
3.141592653589793,0.5450000000000153
3.141592653589793,0.5550000000000131
3.141592653589793,0.5650000000000133
3.141592653589793,0.5750000000000137
3.141592653589793,0.5850000000000184
3.141592653589793,0.5950000000000132
3.141592653589793,0.6050000000000098
3.141592653589793,0.6150000000000134
3.141592653589793,0.6250000000000087
3.141592653589793,0.6350000000000123
3.141592653589793,0.6450000000000089
3.141592653589793,0.6550000000000096
3.141592653589793,0.6650000000000106
3.141592653589793,0.675000000000013
3.141592653589793,0.68500000000001
3.141592653589793,0.6950000000000133
3.141592653589793,0.7050000000000122
3.141592653589793,0.7150000000000163
3.141592653589793,0.7250000000000152
3.141592653589793,0.7350000000000224
3.141592653589793,0.7450000000000273
3.141592653589793,0.7550000000000192
3.141592653589793,0.7650000000000207
3.141592653589793,0.7750000000000218
3.141592653589793,0.7850000000000228
3.141592653589793,0.7950000000000128
3.141592653589793,0.8050000000000033
3.141592653589793,0.8149999999999973
3.141592653589793,0.8250000000000068
3.141592653589793,0.8350000000000074
3.141592653589793,0.8450000000000106
3.141592653589793,0.855000000000006
3.141592653589793,0.8649999999999982
3.141592653589793,0.8749999999999993
3.141592653589793,0.8850000000000052
3.141592653589793,0.895000000000005
3.141592653589793,0.9050000000000057
3.141592653589793,0.9150000000000014
3.141592653589793,0.9249999999999998
3.141592653589793,0.9349999999999943
3.141592653589793,0.9449999999999963
3.141592653589793,0.954999999999993
3.141592653589793,0.9649999999999984
3.141592653589793,0.975
3.141592653589793,0.9849999999999891
3.141592653589793,0.9949999999999996
3.141592653589793,1.0
