dx_1
-3.141592653589793,-1.0
-3.141592653589793,1.0
-3.1392368355604936,-1.0
-3.1392368355604936,1.0
-3.134522842364155,-1.0
-3.134522842364155,1.0
-3.129806486096805,-1.0
-3.129806486096805,1.0
-3.1250877608221708,-1.0
-3.1250877608221708,1.0
-3.120366660576617,-1.0
-3.120366660576617,1.0
-3.1156431793693273,-1.0
-3.1156431793693273,1.0
-3.1109173111818555,-1.0
-3.1109173111818555,1.0
-3.106189049968943,-1.0
-3.106189049968943,1.0
-3.1014583896572785,-1.0
-3.1014583896572785,1.0
-3.096725324146733,-1.0
-3.096725324146733,1.0
-3.0919898473080414,-1.0
-3.0919898473080414,1.0
-3.0872519529840683,-1.0
-3.0872519529840683,1.0
-3.082511634989585,-1.0
-3.082511634989585,1.0
-3.0777688871107136,-1.0
-3.0777688871107136,1.0
-3.0730237031046443,-1.0
-3.0730237031046443,1.0
-3.068276076699774,-1.0
-3.068276076699774,1.0
-3.063526001595824,-1.0
-3.063526001595824,1.0
-3.0587734714626316,-1.0
-3.0587734714626316,1.0
-3.0540184799401087,-1.0
-3.0540184799401087,1.0
-3.0492610206398374,-1.0
-3.0492610206398374,1.0
-3.044501087142285,-1.0
-3.044501087142285,1.0
-3.0397386729983538,-1.0
-3.0397386729983538,1.0
-3.0349737717279477,-1.0
-3.0349737717279477,1.0
-3.0302063768216083,-1.0
-3.0302063768216083,1.0
-3.025436481738036,-1.0
-3.025436481738036,1.0
-3.0206640799054845,-1.0
-3.0206640799054845,1.0
-3.0158891647208663,-1.0
-3.0158891647208663,1.0
-3.011111729549867,-1.0
-3.011111729549867,1.0
-3.0063317677265284,-1.0
-3.0063317677265284,1.0
-3.0015492725529596,-1.0
-3.0015492725529596,1.0
-2.9967642372995957,-1.0
-2.9967642372995957,1.0
-2.991976655204973,-1.0
-2.991976655204973,1.0
-2.9871865194732843,-1.0
-2.9871865194732843,1.0
-2.9823938232785023,-1.0
-2.9823938232785023,1.0
-2.9775985597593437,-1.0
-2.9775985597593437,1.0
-2.972800722023749,-1.0
-2.972800722023749,1.0
-2.968000303143905,-1.0
-2.968000303143905,1.0
-2.963197296160361,-1.0
-2.963197296160361,1.0
-2.958391694078791,-1.0
-2.958391694078791,1.0
-2.953583489870735,-1.0
-2.953583489870735,1.0
-2.9487726764731814,-1.0
-2.9487726764731814,1.0
-2.943959246790097,-1.0
-2.943959246790097,1.0
-2.939143193688721,-1.0
-2.939143193688721,1.0
-2.9343245100022766,-1.0
-2.9343245100022766,1.0
-2.9295031885274514,-1.0
-2.9295031885274514,1.0
-2.924679222027507,-1.0
-2.924679222027507,1.0
-2.919852603228021,-1.0
-2.919852603228021,1.0
-2.9150233248196984,-1.0
-2.9150233248196984,1.0
-2.910191379455664,-1.0
-2.910191379455664,1.0
-2.905356759752995,-1.0
-2.905356759752995,1.0
-2.900519458292557,-1.0
-2.900519458292557,1.0
-2.8956794676173434,-1.0
-2.8956794676173434,1.0
-2.890836780232672,-1.0
-2.890836780232672,1.0
-2.8859913886074122,-1.0
-2.8859913886074122,1.0
-2.881143285170792,-1.0
-2.881143285170792,1.0
-2.8762924623146615,-1.0
-2.8762924623146615,1.0
-2.871438912393069,-1.0
-2.871438912393069,1.0
-2.866582627720549,-1.0
-2.866582627720549,1.0
-2.8617236005724584,-1.0
-2.8617236005724584,1.0
-2.8568618231850063,-1.0
-2.8568618231850063,1.0
-2.8519972877544415,-1.0
-2.8519972877544415,1.0
-2.847129986437299,-1.0
-2.847129986437299,1.0
-2.8422599113497067,-1.0
-2.8422599113497067,1.0
-2.8373870545685227,-1.0
-2.8373870545685227,1.0
-2.832511408127507,-1.0
-2.832511408127507,1.0
-2.8276329640205993,-1.0
-2.8276329640205993,1.0
-2.822751714200761,-1.0
-2.822751714200761,1.0
-2.817867650578265,-1.0
-2.817867650578265,1.0
-2.812980765021296,-1.0
-2.812980765021296,1.0
-2.8080910493559887,-1.0
-2.8080910493559887,1.0
-2.803198495365859,-1.0
-2.803198495365859,1.0
-2.7983030947909153,-1.0
-2.7983030947909153,1.0
-2.7934048393283537,-1.0
-2.7934048393283537,1.0
-2.7885037206313967,-1.0
-2.7885037206313967,1.0
-2.783599730308814,-1.0
-2.783599730308814,1.0
-2.778692859926163,-1.0
-2.778692859926163,1.0
-2.7737831010031084,-1.0
-2.7737831010031084,1.0
-2.7688704450147927,-1.0
-2.7688704450147927,1.0
-2.7639548833911833,-1.0
-2.7639548833911833,1.0
-2.7590364075163847,-1.0
-2.7590364075163847,1.0
-2.7541150087277733,-1.0
-2.7541150087277733,1.0
-2.749190678316901,-1.0
-2.749190678316901,1.0
-2.744263407528299,-1.0
-2.744263407528299,1.0
-2.7393331875596023,-1.0
-2.7393331875596023,1.0
-2.7344000095602756,-1.0
-2.7344000095602756,1.0
-2.729463864632354,-1.0
-2.729463864632354,1.0
-2.724524743829605,-1.0
-2.724524743829605,1.0
-2.7195826381567265,-1.0
-2.7195826381567265,1.0
-2.7146375385697668,-1.0
-2.7146375385697668,1.0
-2.7096894359753194,-1.0
-2.7096894359753194,1.0
-2.70473832122963,-1.0
-2.70473832122963,1.0
-2.699784185139488,-1.0
-2.699784185139488,1.0
-2.694827018460538,-1.0
-2.694827018460538,1.0
-2.6898668118972067,-1.0
-2.6898668118972067,1.0
-2.684903556103188,-1.0
-2.684903556103188,1.0
-2.679937241679192,-1.0
-2.679937241679192,1.0
-2.6749678591743966,-1.0
-2.6749678591743966,1.0
-2.6699953990857113,-1.0
-2.6699953990857113,1.0
-2.6650198518559973,-1.0
-2.6650198518559973,1.0
-2.6600412078753326,-1.0
-2.6600412078753326,1.0
-2.655059457479291,-1.0
-2.655059457479291,1.0
-2.650074590949199,-1.0
-2.650074590949199,1.0
-2.6450865985119414,-1.0
-2.6450865985119414,1.0
-2.640095470338127,-1.0
-2.640095470338127,1.0
-2.6351011965432267,-1.0
-2.6351011965432267,1.0
-2.630103767186348,-1.0
-2.630103767186348,1.0
-2.6251031722701454,-1.0
-2.6251031722701454,1.0
-2.620099401739866,-1.0
-2.620099401739866,1.0
-2.615092445482979,-1.0
-2.615092445482979,1.0
-2.610082293329269,-1.0
-2.610082293329269,1.0
-2.605068935049034,-1.0
-2.605068935049034,1.0
-2.6000523603548125,-1.0
-2.6000523603548125,1.0
-2.5950325588987235,-1.0
-2.5950325588987235,1.0
-2.5900095202727713,-1.0
-2.5900095202727713,1.0
-2.5849832340084538,-1.0
-2.5849832340084538,1.0
-2.5799536895764543,-1.0
-2.5799536895764543,1.0
-2.5749208763858777,-1.0
-2.5749208763858777,1.0
-2.569884783783365,-1.0
-2.569884783783365,1.0
-2.5648454010531982,-1.0
-2.5648454010531982,1.0
-2.559802717415968,-1.0
-2.559802717415968,1.0
-2.554756722028835,-1.0
-2.554756722028835,1.0
-2.5497074039847964,-1.0
-2.5497074039847964,1.0
-2.544654752311829,-1.0
-2.544654752311829,1.0
-2.5395987559727855,-1.0
-2.5395987559727855,1.0
-2.534539403864338,-1.0
-2.534539403864338,1.0
-2.5294766848167156,-1.0
-2.5294766848167156,1.0
-2.5244105875928766,-1.0
-2.5244105875928766,1.0
-2.519341100888382,-1.0
-2.519341100888382,1.0
-2.5142682133300434,-1.0
-2.5142682133300434,1.0
-2.509191913476313,-1.0
-2.509191913476313,1.0
-2.5041121898161136,-1.0
-2.5041121898161136,1.0
-2.4990290307679017,-1.0
-2.4990290307679017,1.0
-2.493942424679535,-1.0
-2.493942424679535,1.0
-2.4888523598275425,-1.0
-2.4888523598275425,1.0
-2.483758824417181,-1.0
-2.483758824417181,1.0
-2.478661806580027,-1.0
-2.478661806580027,1.0
-2.4735612943747576,-1.0
-2.4735612943747576,1.0
-2.468457275786577,-1.0
-2.468457275786577,1.0
-2.4633497387259795,-1.0
-2.4633497387259795,1.0
-2.4582386710278015,-1.0
-2.4582386710278015,1.0
-2.453124060451078,-1.0
-2.453124060451078,1.0
-2.4480058946783583,-1.0
-2.4480058946783583,1.0
-2.442884161315179,-1.0
-2.442884161315179,1.0
-2.4377588478886794,-1.0
-2.4377588478886794,1.0
-2.4326299418472326,-1.0
-2.4326299418472326,1.0
-2.427497430559961,-1.0
-2.427497430559961,1.0
-2.4223613013161125,-1.0
-2.4223613013161125,1.0
-2.417221541323294,-1.0
-2.417221541323294,1.0
-2.412078137708211,-1.0
-2.412078137708211,1.0
-2.406931077514557,-1.0
-2.406931077514557,1.0
-2.401780347703454,-1.0
-2.401780347703454,1.0
-2.3966259351517865,-1.0
-2.3966259351517865,1.0
-2.391467826651668,-1.0
-2.391467826651668,1.0
-2.3863060089093864,-1.0
-2.3863060089093864,1.0
-2.3811404685459396,-1.0
-2.3811404685459396,1.0
-2.3759711920941857,-1.0
-2.3759711920941857,1.0
-2.370798165999496,-1.0
-2.370798165999496,1.0
-2.3656213766182645,-1.0
-2.3656213766182645,1.0
-2.360440810217252,-1.0
-2.360440810217252,1.0
-2.355256452973091,-1.0
-2.355256452973091,1.0
-2.350068290970856,-1.0
-2.350068290970856,1.0
-2.344876310203282,-1.0
-2.344876310203282,1.0
-2.339680496570021,-1.0
-2.339680496570021,1.0
-2.3344808358769225,-1.0
-2.3344808358769225,1.0
-2.3292773138346297,-1.0
-2.3292773138346297,1.0
-2.324069916058338,-1.0
-2.324069916058338,1.0
-2.31885862806647,-1.0
-2.31885862806647,1.0
-2.3136434352793285,-1.0
-2.3136434352793285,1.0
-2.308424323018795,-1.0
-2.308424323018795,1.0
-2.3032012765075773,-1.0
-2.3032012765075773,1.0
-2.297974280867158,-1.0
-2.297974280867158,1.0
-2.2927433211174786,-1.0
-2.2927433211174786,1.0
-2.2875083821762794,-1.0
-2.2875083821762794,1.0
-2.2822694488577016,-1.0
-2.2822694488577016,1.0
-2.277026505870575,-1.0
-2.277026505870575,1.0
-2.2717795378183454,-1.0
-2.2717795378183454,1.0
-2.2665285291984825,-1.0
-2.2665285291984825,1.0
-2.2612734643994847,-1.0
-2.2612734643994847,1.0
-2.2560143277014784,-1.0
-2.2560143277014784,1.0
-2.2507511032746574,-1.0
-2.2507511032746574,1.0
-2.24548377517798,-1.0
-2.24548377517798,1.0
-2.2402123273582344,-1.0
-2.2402123273582344,1.0
-2.2349367436487357,-1.0
-2.2349367436487357,1.0
-2.2296570077679836,-1.0
-2.2296570077679836,1.0
-2.2243731033193863,-1.0
-2.2243731033193863,1.0
-2.2190850137890186,-1.0
-2.2190850137890186,1.0
-2.213792722544858,-1.0
-2.213792722544858,1.0
-2.208496212835344,-1.0
-2.208496212835344,1.0
-2.2031954677884324,-1.0
-2.2031954677884324,1.0
-2.1978904704104347,-1.0
-2.1978904704104347,1.0
-2.1925812035842123,-1.0
-2.1925812035842123,1.0
-2.1872676500683945,-1.0
-2.1872676500683945,1.0
-2.181949792495944,-1.0
-2.181949792495944,1.0
-2.1766276133726246,-1.0
-2.1766276133726246,1.0
-2.1713010950756946,-1.0
-2.1713010950756946,1.0
-2.165970219852818,-1.0
-2.165970219852818,1.0
-2.1606349698204843,-1.0
-2.1606349698204843,1.0
-2.155295326962319,-1.0
-2.155295326962319,1.0
-2.1499512731284844,-1.0
-2.1499512731284844,1.0
-2.1446027900330034,-1.0
-2.1446027900330034,1.0
-2.1392498592535936,-1.0
-2.1392498592535936,1.0
-2.133892462229268,-1.0
-2.133892462229268,1.0
-2.1285305802593726,-1.0
-2.1285305802593726,1.0
-2.1231641945017237,-1.0
-2.1231641945017237,1.0
-2.117793285971184,-1.0
-2.117793285971184,1.0
-2.112417835537837,-1.0
-2.112417835537837,1.0
-2.107037823925921,-1.0
-2.107037823925921,1.0
-2.1016532317117345,-1.0
-2.1016532317117345,1.0
-2.0962640393222354,-1.0
-2.0962640393222354,1.0
-2.0908702270336184,-1.0
-2.0908702270336184,1.0
-2.0854717749688443,-1.0
-2.0854717749688443,1.0
-2.080068663096623,-1.0
-2.080068663096623,1.0
-2.0746608712293253,-1.0
-2.0746608712293253,1.0
-2.069248379021503,-1.0
-2.069248379021503,1.0
-2.0638311659678545,-1.0
-2.0638311659678545,1.0
-2.0584092114016466,-1.0
-2.0584092114016466,1.0
-2.0529824944923574,-1.0
-2.0529824944923574,1.0
-2.0475509942445234,-1.0
-2.0475509942445234,1.0
-2.0421146894953943,-1.0
-2.0421146894953943,1.0
-2.0366735589128475,-1.0
-2.0366735589128475,1.0
-2.0312275809937925,-1.0
-2.0312275809937925,1.0
-2.0257767340621,-1.0
-2.0257767340621,1.0
-2.0203209962666766,-1.0
-2.0203209962666766,1.0
-2.0148603455790206,-1.0
-2.0148603455790206,1.0
-2.009394759791496,-1.0
-2.009394759791496,1.0
-2.0039242165150966,-1.0
-2.0039242165150966,1.0
-1.9984486931773513,-1.0
-1.9984486931773513,1.0
-1.992968167019915,-1.0
-1.992968167019915,1.0
-1.987482615096831,-1.0
-1.987482615096831,1.0
-1.9819920142718856,-1.0
-1.9819920142718856,1.0
-1.9764963412164491,-1.0
-1.9764963412164491,1.0
-1.970995572406855,-1.0
-1.970995572406855,1.0
-1.9654896841227787,-1.0
-1.9654896841227787,1.0
-1.9599786524439382,-1.0
-1.9599786524439382,1.0
-1.954462453248762,-1.0
-1.954462453248762,1.0
-1.9489410622105816,-1.0
-1.9489410622105816,1.0
-1.9434144547962469,-1.0
-1.9434144547962469,1.0
-1.9378826062627401,-1.0
-1.9378826062627401,1.0
-1.9323454916555698,-1.0
-1.9323454916555698,1.0
-1.9268030858049223,-1.0
-1.9268030858049223,1.0
-1.9212553633241063,-1.0
-1.9212553633241063,1.0
-1.9157022986059107,-1.0
-1.9157022986059107,1.0
-1.9101438658205798,-1.0
-1.9101438658205798,1.0
-1.904580038912645,-1.0
-1.904580038912645,1.0
-1.8990107915977898,-1.0
-1.8990107915977898,1.0
-1.8934360973606952,-1.0
-1.8934360973606952,1.0
-1.8878559294511597,-1.0
-1.8878559294511597,1.0
-1.8822702608818611,-1.0
-1.8822702608818611,1.0
-1.8766790644250673,-1.0
-1.8766790644250673,1.0
-1.8710823126094005,-1.0
-1.8710823126094005,1.0
-1.8654799777166486,-1.0
-1.8654799777166486,1.0
-1.859872031778901,-1.0
-1.859872031778901,1.0
-1.8542584465749918,-1.0
-1.8542584465749918,1.0
-1.8486391936267976,-1.0
-1.8486391936267976,1.0
-1.8430142441966906,-1.0
-1.8430142441966906,1.0
-1.83738356928369,-1.0
-1.83738356928369,1.0
-1.8317471396196177,-1.0
-1.8317471396196177,1.0
-1.8261049256664115,-1.0
-1.8261049256664115,1.0
-1.8204568976113369,-1.0
-1.8204568976113369,1.0
-1.8148030253643859,-1.0
-1.8148030253643859,1.0
-1.8091432785540367,-1.0
-1.8091432785540367,1.0
-1.803477626523131,-1.0
-1.803477626523131,1.0
-1.7978060383257912,-1.0
-1.7978060383257912,1.0
-1.7921284827226271,-1.0
-1.7921284827226271,1.0
-1.786444928176869,-1.0
-1.786444928176869,1.0
-1.7807553428510543,-1.0
-1.7807553428510543,1.0
-1.775059694602049,-1.0
-1.775059694602049,1.0
-1.7693579509768262,-1.0
-1.7693579509768262,1.0
-1.7636500792084604,-1.0
-1.7636500792084604,1.0
-1.7579360462116367,-1.0
-1.7579360462116367,1.0
-1.7522158185777932,-1.0
-1.7522158185777932,1.0
-1.7464893625713354,-1.0
-1.7464893625713354,1.0
-1.7407566441241906,-1.0
-1.7407566441241906,1.0
-1.7350176288314447,-1.0
-1.7350176288314447,1.0
-1.7292722819465078,-1.0
-1.7292722819465078,1.0
-1.7235205683759869,-1.0
-1.7235205683759869,1.0
-1.7177624526750066,-1.0
-1.7177624526750066,1.0
-1.7119978990416678,-1.0
-1.7119978990416678,1.0
-1.7062268713121997,-1.0
-1.7062268713121997,1.0
-1.7004493329555521,-1.0
-1.7004493329555521,1.0
-1.694665247067857,-1.0
-1.694665247067857,1.0
-1.6888745763668094,-1.0
-1.6888745763668094,1.0
-1.6830772831864842,-1.0
-1.6830772831864842,1.0
-1.6772733294712638,-1.0
-1.6772733294712638,1.0
-1.6714626767701777,-1.0
-1.6714626767701777,1.0
-1.6656452862307032,-1.0
-1.6656452862307032,1.0
-1.6598211185926306,-1.0
-1.6598211185926306,1.0
-1.6539901341822936,-1.0
-1.6539901341822936,1.0
-1.6481522929060575,-1.0
-1.6481522929060575,1.0
-1.6423075542434558,-1.0
-1.6423075542434558,1.0
-1.6364558772413234,-1.0
-1.6364558772413234,1.0
-1.6305972205063852,-1.0
-1.6305972205063852,1.0
-1.6247315421989177,-1.0
-1.6247315421989177,1.0
-1.6188588000254733,-1.0
-1.6188588000254733,1.0
-1.6129789512319237,-1.0
-1.6129789512319237,1.0
-1.6070919525957885,-1.0
-1.6070919525957885,1.0
-1.6011977604193264,-1.0
-1.6011977604193264,1.0
-1.595296330521682,-1.0
-1.595296330521682,1.0
-1.5893876182309672,-1.0
-1.5893876182309672,1.0
-1.5834715783766953,-1.0
-1.5834715783766953,1.0
-1.577548165281401,-1.0
-1.577548165281401,1.0
-1.5716173327527105,-1.0
-1.5716173327527105,1.0
-1.5656790340744347,-1.0
-1.5656790340744347,1.0
-1.5597332219983802,-1.0
-1.5597332219983802,1.0
-1.5537798487354022,-1.0
-1.5537798487354022,1.0
-1.5478188659462033,-1.0
-1.5478188659462033,1.0
-1.5418502247326171,-1.0
-1.5418502247326171,1.0
-1.5358738756276824,-1.0
-1.5358738756276824,1.0
-1.5298897685865134,-1.0
-1.5298897685865134,1.0
-1.5238978529762304,-1.0
-1.5238978529762304,1.0
-1.5178980775660127,-1.0
-1.5178980775660127,1.0
-1.511890390516525,-1.0
-1.511890390516525,1.0
-1.5058747393700553,-1.0
-1.5058747393700553,1.0
-1.4998510710394473,-1.0
-1.4998510710394473,1.0
-1.4938193317968504,-1.0
-1.4938193317968504,1.0
-1.4877794672629523,-1.0
-1.4877794672629523,1.0
-1.4817314223954239,-1.0
-1.4817314223954239,1.0
-1.475675141476987,-1.0
-1.475675141476987,1.0
-1.4696105681034997,-1.0
-1.4696105681034997,1.0
-1.4635376451716953,-1.0
-1.4635376451716953,1.0
-1.4574563148665738,-1.0
-1.4574563148665738,1.0
-1.451366518648426,-1.0
-1.451366518648426,1.0
-1.445268197239621,-1.0
-1.445268197239621,1.0
-1.4391612906115399,-1.0
-1.4391612906115399,1.0
-1.4330457379700063,-1.0
-1.4330457379700063,1.0
-1.42692147774177,-1.0
-1.42692147774177,1.0
-1.4207884475596497,-1.0
-1.4207884475596497,1.0
-1.4146465842476277,-1.0
-1.4146465842476277,1.0
-1.408495823805822,-1.0
-1.408495823805822,1.0
-1.4023361013947597,-1.0
-1.4023361013947597,1.0
-1.3961673513193587,-1.0
-1.3961673513193587,1.0
-1.3899895070127228,-1.0
-1.3899895070127228,1.0
-1.383802501018991,-1.0
-1.383802501018991,1.0
-1.3776062649763028,-1.0
-1.3776062649763028,1.0
-1.3714007295990285,-1.0
-1.3714007295990285,1.0
-1.3651858246597928,-1.0
-1.3651858246597928,1.0
-1.358961478970666,-1.0
-1.358961478970666,1.0
-1.3527276203641612,-1.0
-1.3527276203641612,1.0
-1.3464841756736463,-1.0
-1.3464841756736463,1.0
-1.3402310707132332,-1.0
-1.3402310707132332,1.0
-1.3339682302572275,-1.0
-1.3339682302572275,1.0
-1.3276955780186748,-1.0
-1.3276955780186748,1.0
-1.3214130366279861,-1.0
-1.3214130366279861,1.0
-1.3151205276102804,-1.0
-1.3151205276102804,1.0
-1.3088179713625392,-1.0
-1.3088179713625392,1.0
-1.3025052871300709,-1.0
-1.3025052871300709,1.0
-1.2961823929822949,-1.0
-1.2961823929822949,1.0
-1.2898492057878157,-1.0
-1.2898492057878157,1.0
-1.2835056411886747,-1.0
-1.2835056411886747,1.0
-1.27715161357432,-1.0
-1.27715161357432,1.0
-1.2707870360544389,-1.0
-1.2707870360544389,1.0
-1.2644118204310975,-1.0
-1.2644118204310975,1.0
-1.2580258771701154,-1.0
-1.2580258771701154,1.0
-1.251629115371738,-1.0
-1.251629115371738,1.0
-1.245221442740224,-1.0
-1.245221442740224,1.0
-1.2388027655527494,-1.0
-1.2388027655527494,1.0
-1.2323729886272428,-1.0
-1.2323729886272428,1.0
-1.2259320152894442,-1.0
-1.2259320152894442,1.0
-1.2194797473387486,-1.0
-1.2194797473387486,1.0
-1.2130160850132565,-1.0
-1.2130160850132565,1.0
-1.20654092695356,-1.0
-1.20654092695356,1.0
-1.2000541701656404,-1.0
-1.2000541701656404,1.0
-1.1935557099823821,-1.0
-1.1935557099823821,1.0
-1.1870454400242232,-1.0
-1.1870454400242232,1.0
-1.1805232521581135,-1.0
-1.1805232521581135,1.0
-1.173989036455697,-1.0
-1.173989036455697,1.0
-1.1674426811499026,-1.0
-1.1674426811499026,1.0
-1.1608840725900624,-1.0
-1.1608840725900624,1.0
-1.1543130951958132,-1.0
-1.1543130951958132,1.0
-1.147729631409431,-1.0
-1.147729631409431,1.0
-1.1411335616463514,-1.0
-1.1411335616463514,1.0
-1.1345247642447278,-1.0
-1.1345247642447278,1.0
-1.1279031154125714,-1.0
-1.1279031154125714,1.0
-1.1212684891735623,-1.0
-1.1212684891735623,1.0
-1.1146207573108677,-1.0
-1.1146207573108677,1.0
-1.1079597893092517,-1.0
-1.1079597893092517,1.0
-1.1012854522949713,-1.0
-1.1012854522949713,1.0
-1.0945976109738187,-1.0
-1.0945976109738187,1.0
-1.08789612756682,-1.0
-1.08789612756682,1.0
-1.0811808617438547,-1.0
-1.0811808617438547,1.0
-1.0744516705546572,-1.0
-1.0744516705546572,1.0
-1.0677084083579222,-1.0
-1.0677084083579222,1.0
-1.0609509267471693,-1.0
-1.0609509267471693,1.0
-1.0541790744744088,-1.0
-1.0541790744744088,1.0
-1.047392697370833,-1.0
-1.047392697370833,1.0
-1.040591638264756,-1.0
-1.040591638264756,1.0
-1.033775736896236,-1.0
-1.033775736896236,1.0
-1.0269448298288117,-1.0
-1.0269448298288117,1.0
-1.0200987503574932,-1.0
-1.0200987503574932,1.0
-1.0132373284137466,-1.0
-1.0132373284137466,1.0
-1.0063603904664862,-1.0
-1.0063603904664862,1.0
-0.9994677594193255,-1.0
-0.9994677594193255,1.0
-0.992559254503767,-1.0
-0.992559254503767,1.0
-0.985634691168177,-1.0
-0.985634691168177,1.0
-0.9786938809624118,-1.0
-0.9786938809624118,1.0
-0.9717366314177045,-1.0
-0.9717366314177045,1.0
-0.9647627459216824,-1.0
-0.9647627459216824,1.0
-0.9577720235882733,-1.0
-0.9577720235882733,1.0
-0.9507642591222436,-1.0
-0.9507642591222436,1.0
-0.9437392426779514,-1.0
-0.9437392426779514,1.0
-0.9366967597123218,-1.0
-0.9366967597123218,1.0
-0.9296365908312537,-1.0
-0.9296365908312537,1.0
-0.9225585116298382,-1.0
-0.9225585116298382,1.0
-0.9154622925250777,-1.0
-0.9154622925250777,1.0
-0.9083476985816984,-1.0
-0.9083476985816984,1.0
-0.9012144893299493,-1.0
-0.9012144893299493,1.0
-0.8940624185752422,-1.0
-0.8940624185752422,1.0
-0.8868912341992979,-1.0
-0.8868912341992979,1.0
-0.8797006779518857,-1.0
-0.8797006779518857,1.0
-0.872490485233174,-1.0
-0.872490485233174,1.0
-0.8652603848657432,-1.0
-0.8652603848657432,1.0
-0.8580100988555346,-1.0
-0.8580100988555346,1.0
-0.8507393421418795,-1.0
-0.8507393421418795,1.0
-0.8434478223347481,-1.0
-0.8434478223347481,1.0
-0.8361352394396415,-1.0
-0.8361352394396415,1.0
-0.8288012855683153,-1.0
-0.8288012855683153,1.0
-0.8214456446355155,-1.0
-0.8214456446355155,1.0
-0.8140679920396772,-1.0
-0.8140679920396772,1.0
-0.8066679943276204,-1.0
-0.8066679943276204,1.0
-0.7992453088415958,-1.0
-0.7992453088415958,1.0
-0.7917995833476589,-1.0
-0.7917995833476589,1.0
-0.7843304556442949,-1.0
-0.7843304556442949,1.0
-0.7768375531497697,-1.0
-0.7768375531497697,1.0
-0.769320492466828,-1.0
-0.769320492466828,1.0
-0.7617788789233708,-1.0
-0.7617788789233708,1.0
-0.7542123060870969,-1.0
-0.7542123060870969,1.0
-0.7466203552524816,-1.0
-0.7466203552524816,1.0
-0.739002594898248,-1.0
-0.739002594898248,1.0
-0.7313585801129343,-1.0
-0.7313585801129343,1.0
-0.7236878519861817,-1.0
-0.7236878519861817,1.0
-0.7159899369636228,-1.0
-0.7159899369636228,1.0
-0.7082643461620588,-1.0
-0.7082643461620588,1.0
-0.7005105746423561,-1.0
-0.7005105746423561,1.0
-0.6927281006364339,-1.0
-0.6927281006364339,1.0
-0.6849163847248563,-1.0
-0.6849163847248563,1.0
-0.6770748689611399,-1.0
-0.6770748689611399,1.0
-0.6692029759383418,-1.0
-0.6692029759383418,1.0
-0.6613001077931769,-1.0
-0.6613001077931769,1.0
-0.6533656451424126,-1.0
-0.6533656451424126,1.0
-0.6453989459456854,-1.0
-0.6453989459456854,1.0
-0.6373993442886864,-1.0
-0.6373993442886864,1.0
-0.6293661490791714,-1.0
-0.6293661490791714,1.0
-0.621298642648401,-1.0
-0.621298642648401,1.0
-0.6131960792491573,-1.0
-0.6131960792491573,1.0
-0.6050576834408425,-1.0
-0.6050576834408425,1.0
-0.5968826483508736,-1.0
-0.5968826483508736,1.0
-0.5886701338005434,-1.0
-0.5886701338005434,1.0
-0.5804192642819959,-1.0
-0.5804192642819959,1.0
-0.5721291267715015,-1.0
-0.5721291267715015,1.0
-0.5637987683622154,-1.0
-0.5637987683622154,1.0
-0.555427193697799,-1.0
-0.555427193697799,1.0
-0.5470133621856942,-1.0
-0.5470133621856942,1.0
-0.5385561849661985,-1.0
-0.5385561849661985,1.0
-0.5300545216104585,-1.0
-0.5300545216104585,1.0
-0.5215071765165916,-1.0
-0.5215071765165916,1.0
-0.5129128949693272,-1.0
-0.5129128949693272,1.0
-0.5042703588233017,-1.0
-0.5042703588233017,1.0
-0.495578181764626,-1.0
-0.495578181764626,1.0
-0.48683490409869495,-1.0
-0.48683490409869495,1.0
-0.4780389870043548,-1.0
-0.4780389870043548,1.0
-0.46918880618495284,-1.0
-0.46918880618495284,1.0
-0.4602826448365674,-1.0
-0.4602826448365674,1.0
-0.4513186858399741,-1.0
-0.4513186858399741,1.0
-0.44229500306779346,-1.0
-0.44229500306779346,1.0
-0.433209551679533,-1.0
-0.433209551679533,1.0
-0.42406015725492174,-1.0
-0.42406015725492174,1.0
-0.41484450358871916,-1.0
-0.41484450358871916,1.0
-0.4055601189371303,-1.0
-0.4055601189371303,1.0
-0.39620436046597596,-1.0
-0.39620436046597596,1.0
-0.3867743966005917,-1.0
-0.3867743966005917,1.0
-0.3772671869165606,-1.0
-0.3772671869165606,1.0
-0.3676794591334915,-1.0
-0.3676794591334915,1.0
-0.35800768267818106,-1.0
-0.35800768267818106,1.0
-0.3482480381623095,-1.0
-0.3482480381623095,1.0
-0.3383963819651737,-1.0
-0.3383963819651737,1.0
-0.3284482049135947,-1.0
-0.3284482049135947,1.0
-0.3183985837941616,-1.0
-0.3183985837941616,1.0
-0.3082421240961735,-1.0
-0.3082421240961735,1.0
-0.2979728919389537,-1.0
-0.2979728919389537,1.0
-0.2875843325421132,-1.0
-0.2875843325421132,1.0
-0.2770691717916786,-1.0
-0.2770691717916786,1.0
-0.2664192963498427,-1.0
-0.2664192963498427,1.0
-0.2556256062176152,-1.0
-0.2556256062176152,1.0
-0.24467783148301941,-1.0
-0.24467783148301941,1.0
-0.23356430185430616,-1.0
-0.23356430185430616,1.0
-0.22227165297714507,-1.0
-0.22227165297714507,1.0
-0.21078444663173337,-1.0
-0.21078444663173337,1.0
-0.19908467129099758,-1.0
-0.19908467129099758,1.0
-0.18715107274022014,-1.0
-0.18715107274022014,1.0
-0.17495823707871289,-1.0
-0.17495823707871289,1.0
-0.162475302096767,-1.0
-0.162475302096767,1.0
-0.14966409123823737,-1.0
-0.14966409123823737,1.0
-0.13647631257044968,-1.0
-0.13647631257044968,1.0
-0.12284916598262717,-1.0
-0.12284916598262717,1.0
-0.10869806684194458,-1.0
-0.10869806684194458,1.0
-0.0939037151225276,-1.0
-0.0939037151225276,1.0
-0.07828684675066218,-1.0
-0.07828684675066218,1.0
-0.06155188906657657,-1.0
-0.06155188906657657,1.0
-0.043132228422248925,-1.0
-0.043132228422248925,1.0
-0.02156611421112476,-1.0
-0.02156611421112476,1.0
0.0,-1.0
0.0,1.0
0.027895400863405407,-1.0
0.027895400863405407,1.0
0.04831625369104808,-1.0
0.04831625369104808,1.0
0.06617573522775816,-1.0
0.06617573522775816,1.0
0.08255100784156026,-1.0
0.08255100784156026,1.0
0.09790673140915157,-1.0
0.09790673140915157,1.0
0.11249765133589078,-1.0
0.11249765133589078,1.0
0.12648285777779705,-1.0
0.12648285777779705,1.0
0.1399703095902968,-1.0
0.1399703095902968,1.0
0.15303762214227057,-1.0
0.15303762214227057,1.0
0.16574302749491068,-1.0
0.16574302749491068,1.0
0.17813167172154196,-1.0
0.17813167172154196,1.0
0.19023947887360892,-1.0
0.19023947887360892,1.0
0.20209564661150395,-1.0
0.20209564661150395,1.0
0.21372432626086263,-1.0
0.21372432626086263,1.0
0.2251457931242201,-1.0
0.2251457931242201,1.0
0.2363772854189735,-1.0
0.2363772854189735,1.0
0.2474336205340434,-1.0
0.2474336205340434,1.0
0.25832765734231306,-1.0
0.25832765734231306,1.0
0.26907064944484477,-1.0
0.26907064944484477,1.0
0.27967251946608096,-1.0
0.27967251946608096,1.0
0.29014207511089257,-1.0
0.29014207511089257,1.0
0.30048718153328,-1.0
0.30048718153328,1.0
0.3107149004351578,-1.0
0.3107149004351578,1.0
0.3208316034841021,-1.0
0.3208316034841021,1.0
0.3308430656637866,-1.0
0.3308430656637866,1.0
0.34075454276822953,-1.0
0.34075454276822953,1.0
0.35057083623927077,-1.0
0.35057083623927077,1.0
0.360296347806547,-1.0
0.360296347806547,1.0
0.36993512584065985,-1.0
0.36993512584065985,1.0
0.37949090491864007,-1.0
0.37949090491864007,1.0
0.388967139788714,-1.0
0.388967139788714,1.0
0.39836703468224177,-1.0
0.39836703468224177,1.0
0.40769356873563806,-1.0
0.40769356873563806,1.0
0.41694951814071934,-1.0
0.41694951814071934,1.0
0.42613747552830317,-1.0
0.42613747552830317,1.0
0.4352598669997942,-1.0
0.4352598669997942,1.0
0.4443189671495462,-1.0
0.4443189671495462,1.0
0.45331691236289556,-1.0
0.45331691236289556,1.0
0.4622557126279364,-1.0
0.4622557126279364,1.0
0.4711372620609956,-1.0
0.4711372620609956,1.0
0.4799633483145243,-1.0
0.4799633483145243,1.0
0.4887356610104294,-1.0
0.4887356610104294,1.0
0.49745579932057715,-1.0
0.49745579932057715,1.0
0.5061252787985355,-1.0
0.5061252787985355,1.0
0.5147455375518595,-1.0
0.5147455375518595,1.0
0.5233179418317917,-1.0
0.5233179418317917,1.0
0.5318437911068332,-1.0
0.5318437911068332,1.0
0.5403243226778108,-1.0
0.5403243226778108,1.0
0.5487607158845653,-1.0
0.5487607158845653,1.0
0.5571540959479699,-1.0
0.5571540959479699,1.0
0.56550553748558,-1.0
0.56550553748558,1.0
0.5738160677344714,-1.0
0.5738160677344714,1.0
0.5820866695108161,-1.0
0.5820866695108161,1.0
0.5903182839322704,-1.0
0.5903182839322704,1.0
0.5985118129262014,-1.0
0.5985118129262014,1.0
0.6066681215442118,-1.0
0.6066681215442118,1.0
0.6147880401010988,-1.0
0.6147880401010988,1.0
0.6228723661544113,-1.0
0.6228723661544113,1.0
0.6309218663390156,-1.0
0.6309218663390156,1.0
0.6389372780695955,-1.0
0.6389372780695955,1.0
0.6469193111226123,-1.0
0.6469193111226123,1.0
0.6548686491080777,-1.0
0.6548686491080777,1.0
0.6627859508405185,-1.0
0.6627859508405185,1.0
0.6706718516174861,-1.0
0.6706718516174861,1.0
0.6785269644132007,-1.0
0.6785269644132007,1.0
0.6863518809941933,-1.0
0.6863518809941933,1.0
0.6941471729631306,-1.0
0.6941471729631306,1.0
0.7019133927364609,-1.0
0.7019133927364609,1.0
0.7096510744609885,-1.0
0.7096510744609885,1.0
0.7173607348740226,-1.0
0.7173607348740226,1.0
0.7250428741113112,-1.0
0.7250428741113112,1.0
0.7326979764666252,-1.0
0.7326979764666252,1.0
0.7403265111065483,-1.0
0.7403265111065483,1.0
0.7479289327436742,-1.0
0.7479289327436742,1.0
0.7555056822711212,-1.0
0.7555056822711212,1.0
0.7630571873611255,-1.0
0.7630571873611255,1.0
0.7705838630301899,-1.0
0.7705838630301899,1.0
0.7780861121730281,-1.0
0.7780861121730281,1.0
0.7855643260674353,-1.0
0.7855643260674353,1.0
0.793018884852005,-1.0
0.793018884852005,1.0
0.8004501579784854,-1.0
0.8004501579784854,1.0
0.8078585046404082,-1.0
0.8078585046404082,1.0
0.8152442741795023,-1.0
0.8152442741795023,1.0
0.8226078064712969,-1.0
0.8226078064712969,1.0
0.8299494322912484,-1.0
0.8299494322912484,1.0
0.837269473662562,-1.0
0.837269473662562,1.0
0.8445682441868057,-1.0
0.8445682441868057,1.0
0.8518460493583974,-1.0
0.8518460493583974,1.0
0.8591031868639163,-1.0
0.8591031868639163,1.0
0.86633994686711,-1.0
0.86633994686711,1.0
0.87355661228045,-1.0
0.87355661228045,1.0
0.8807534590240292,-1.0
0.8807534590240292,1.0
0.8879307562724711,-1.0
0.8879307562724711,1.0
0.8950887666905882,-1.0
0.8950887666905882,1.0
0.9022277466583766,-1.0
0.9022277466583766,1.0
0.909347946485938,-1.0
0.909347946485938,1.0
0.9164496106188994,-1.0
0.9164496106188994,1.0
0.923532977834844,-1.0
0.923532977834844,1.0
0.9305982814312351,-1.0
0.9305982814312351,1.0
0.9376457494052279,-1.0
0.9376457494052279,1.0
0.9446756046258821,-1.0
0.9446756046258821,1.0
0.9516880649991346,-1.0
0.9516880649991346,1.0
0.9586833436258709,-1.0
0.9586833436258709,1.0
0.9656616489534898,-1.0
0.9656616489534898,1.0
0.9726231849212861,-1.0
0.9726231849212861,1.0
0.9795681510999482,-1.0
0.9795681510999482,1.0
0.9864967428254425,-1.0
0.9864967428254425,1.0
0.9934091513275982,-1.0
0.9934091513275982,1.0
1.0003055638536402,-1.0
1.0003055638536402,1.0
1.0071861637869,-1.0
1.0071861637869,1.0
1.0140511307609381,-1.0
1.0140511307609381,1.0
1.020900640769299,-1.0
1.020900640769299,1.0
1.027734866271101,-1.0
1.027734866271101,1.0
1.0345539762926563,-1.0
1.0345539762926563,1.0
1.0413581365253097,-1.0
1.0413581365253097,1.0
1.0481475094196777,-1.0
1.0481475094196777,1.0
1.054922254276391,-1.0
1.054922254276391,1.0
1.0616825273335613,-1.0
1.0616825273335613,1.0
1.0684284818511298,-1.0
1.0684284818511298,1.0
1.0751602681921733,-1.0
1.0751602681921733,1.0
1.0818780339013252,-1.0
1.0818780339013252,1.0
1.0885819237804633,-1.0
1.0885819237804633,1.0
1.0952720799617472,-1.0
1.0952720799617472,1.0
1.1019486419781497,-1.0
1.1019486419781497,1.0
1.1086117468315628,-1.0
1.1086117468315628,1.0
1.115261529058556,-1.0
1.115261529058556,1.0
1.1218981207939756,-1.0
1.1218981207939756,1.0
1.1285216518323837,-1.0
1.1285216518323837,1.0
1.135132249687469,-1.0
1.135132249687469,1.0
1.1417300396494845,-1.0
1.1417300396494845,1.0
1.1483151448407962,-1.0
1.1483151448407962,1.0
1.1548876862696813,-1.0
1.1548876862696813,1.0
1.1614477828823573,-1.0
1.1614477828823573,1.0
1.1679955516133582,-1.0
1.1679955516133582,1.0
1.1745311074343106,-1.0
1.1745311074343106,1.0
1.1810545634011609,-1.0
1.1810545634011609,1.0
1.1875660306999514,-1.0
1.1875660306999514,1.0
1.1940656186911693,-1.0
1.1940656186911693,1.0
1.2005534349527311,-1.0
1.2005534349527311,1.0
1.2070295853216444,-1.0
1.2070295853216444,1.0
1.2134941739344054,-1.0
1.2134941739344054,1.0
1.2199473032661894,-1.0
1.2199473032661894,1.0
1.2263890741688601,-1.0
1.2263890741688601,1.0
1.2328195859078603,-1.0
1.2328195859078603,1.0
1.2392389361979905,-1.0
1.2392389361979905,1.0
1.245647221238174,-1.0
1.245647221238174,1.0
1.2520445357451953,-1.0
1.2520445357451953,1.0
1.2584309729864291,-1.0
1.2584309729864291,1.0
1.264806624811688,-1.0
1.264806624811688,1.0
1.271171581684117,-1.0
1.271171581684117,1.0
1.2775259327102337,-1.0
1.2775259327102337,1.0
1.2838697656691402,-1.0
1.2838697656691402,1.0
1.2902031670408673,-1.0
1.2902031670408673,1.0
1.2965262220339737,-1.0
1.2965262220339737,1.0
1.3028390146123714,-1.0
1.3028390146123714,1.0
1.3091416275214143,-1.0
1.3091416275214143,1.0
1.3154341423132774,-1.0
1.3154341423132774,1.0
1.32171663937165,-1.0
1.32171663937165,1.0
1.3279891979357799,-1.0
1.3279891979357799,1.0
1.3342518961238385,-1.0
1.3342518961238385,1.0
1.3405048109557014,-1.0
1.3405048109557014,1.0
1.3467480183751033,-1.0
1.3467480183751033,1.0
1.3529815932712097,-1.0
1.3529815932712097,1.0
1.3592056094996718,-1.0
1.3592056094996718,1.0
1.365420139903082,-1.0
1.365420139903082,1.0
1.37162525633092,-1.0
1.37162525633092,1.0
1.3778210296589837,-1.0
1.3778210296589837,1.0
1.3840075298083525,-1.0
1.3840075298083525,1.0
1.3901848257638467,-1.0
1.3901848257638467,1.0
1.3963529855920334,-1.0
1.3963529855920334,1.0
1.4025120764587689,-1.0
1.4025120764587689,1.0
1.4086621646462918,-1.0
1.4086621646462918,1.0
1.4148033155699433,-1.0
1.4148033155699433,1.0
1.420935593794431,-1.0
1.420935593794431,1.0
1.4270590630497486,-1.0
1.4270590630497486,1.0
1.43317378624665,-1.0
1.43317378624665,1.0
1.439279825491757,-1.0
1.439279825491757,1.0
1.4453772421023385,-1.0
1.4453772421023385,1.0
1.4514660966207011,-1.0
1.4514660966207011,1.0
1.4575464488282914,-1.0
1.4575464488282914,1.0
1.4636183577594069,-1.0
1.4636183577594069,1.0
1.4696818817146118,-1.0
1.4696818817146118,1.0
1.4757370782738466,-1.0
1.4757370782738466,1.0
1.4817840043091774,-1.0
1.4817840043091774,1.0
1.4878227159973745,-1.0
1.4878227159973745,1.0
1.4938532688320656,-1.0
1.4938532688320656,1.0
1.4998757176356652,-1.0
1.4998757176356652,1.0
1.5058901165710854,-1.0
1.5058901165710854,1.0
1.511896519153082,-1.0
1.511896519153082,1.0
1.5178949782594506,-1.0
1.5178949782594506,1.0
1.5238855461418783,-1.0
1.5238855461418783,1.0
1.529868274436566,-1.0
1.529868274436566,1.0
1.535843214174713,-1.0
1.535843214174713,1.0
1.5418104157927033,-1.0
1.5418104157927033,1.0
1.5477699291420326,-1.0
1.5477699291420326,1.0
1.5537218034990323,-1.0
1.5537218034990323,1.0
1.5596660875744317,-1.0
1.5596660875744317,1.0
1.5656028295227091,-1.0
1.5656028295227091,1.0
1.5715320769511998,-1.0
1.5715320769511998,1.0
1.5774538769290256,-1.0
1.5774538769290256,1.0
1.583368275995841,-1.0
1.583368275995841,1.0
1.589275320170376,-1.0
1.589275320170376,1.0
1.5951750549588468,-1.0
1.5951750549588468,1.0
1.6010675253631779,-1.0
1.6010675253631779,1.0
1.6069527758889763,-1.0
1.6069527758889763,1.0
1.6128308505534195,-1.0
1.6128308505534195,1.0
1.6187017928929706,-1.0
1.6187017928929706,1.0
1.6245656459709141,-1.0
1.6245656459709141,1.0
1.6304224523847684,-1.0
1.6304224523847684,1.0
1.6362722542735064,-1.0
1.6362722542735064,1.0
1.6421150933246216,-1.0
1.6421150933246216,1.0
1.6479510107811566,-1.0
1.6479510107811566,1.0
1.6537800474484952,-1.0
1.6537800474484952,1.0
1.659602243700955,-1.0
1.659602243700955,1.0
1.665417639488412,-1.0
1.665417639488412,1.0
1.671226274342721,-1.0
1.671226274342721,1.0
1.6770281873839656,-1.0
1.6770281873839656,1.0
1.6828234173266567,-1.0
1.6828234173266567,1.0
1.6886120024857512,-1.0
1.6886120024857512,1.0
1.694393980782595,-1.0
1.694393980782595,1.0
1.700169389750706,-1.0
1.700169389750706,1.0
1.7059382665415257,-1.0
1.7059382665415257,1.0
1.7117006479300165,-1.0
1.7117006479300165,1.0
1.7174565703200693,-1.0
1.7174565703200693,1.0
1.7232060697499696,-1.0
1.7232060697499696,1.0
1.7289491818976241,-1.0
1.7289491818976241,1.0
1.7346859420857634,-1.0
1.7346859420857634,1.0
1.7404163852870542,-1.0
1.7404163852870542,1.0
1.7461405461290347,-1.0
1.7461405461290347,1.0
1.7518584588990636,-1.0
1.7518584588990636,1.0
1.7575701575490716,-1.0
1.7575701575490716,1.0
1.7632756757003136,-1.0
1.7632756757003136,1.0
1.7689750466480223,-1.0
1.7689750466480223,1.0
1.7746683033659196,-1.0
1.7746683033659196,1.0
1.7803554785106899,-1.0
1.7803554785106899,1.0
1.7860366044263454,-1.0
1.7860366044263454,1.0
1.7917117131485591,-1.0
1.7917117131485591,1.0
1.7973808364088806,-1.0
1.7973808364088806,1.0
1.8030440056389052,-1.0
1.8030440056389052,1.0
1.8087012519743564,-1.0
1.8087012519743564,1.0
1.8143526062590305,-1.0
1.8143526062590305,1.0
1.8199980990487974,-1.0
1.8199980990487974,1.0
1.8256377606154601,-1.0
1.8256377606154601,1.0
1.831271620950512,-1.0
1.831271620950512,1.0
1.83689970976892,-1.0
1.83689970976892,1.0
1.8425220565127842,-1.0
1.8425220565127842,1.0
1.8481386903549337,-1.0
1.8481386903549337,1.0
1.853749640202424,-1.0
1.853749640202424,1.0
1.8593549347000693,-1.0
1.8593549347000693,1.0
1.8649546022338774,-1.0
1.8649546022338774,1.0
1.8705486709343868,-1.0
1.8705486709343868,1.0
1.876137168679975,-1.0
1.876137168679975,1.0
1.8817201231001195,-1.0
1.8817201231001195,1.0
1.8872975615785947,-1.0
1.8872975615785947,1.0
1.892869511256617,-1.0
1.892869511256617,1.0
1.8984359990359088,-1.0
1.8984359990359088,1.0
1.9039970515817697,-1.0
1.9039970515817697,1.0
1.9095526953260735,-1.0
1.9095526953260735,1.0
1.915102956470188,-1.0
1.915102956470188,1.0
1.9206478609878523,-1.0
1.9206478609878523,1.0
1.926187434628056,-1.0
1.926187434628056,1.0
1.9317217029178424,-1.0
1.9317217029178424,1.0
1.9372506911650111,-1.0
1.9372506911650111,1.0
1.942774424460881,-1.0
1.942774424460881,1.0
1.9482929276829324,-1.0
1.9482929276829324,1.0
1.9538062254974102,-1.0
1.9538062254974102,1.0
1.959314342361931,-1.0
1.959314342361931,1.0
1.964817302528015,-1.0
1.964817302528015,1.0
1.9703151300436057,-1.0
1.9703151300436057,1.0
1.9758078487554964,-1.0
1.9758078487554964,1.0
1.9812954823117543,-1.0
1.9812954823117543,1.0
1.9867780541641356,-1.0
1.9867780541641356,1.0
1.9922555875703873,-1.0
1.9922555875703873,1.0
1.9977281055966023,-1.0
1.9977281055966023,1.0
2.003195631119474,-1.0
2.003195631119474,1.0
2.008658186828503,-1.0
2.008658186828503,1.0
2.014115795228249,-1.0
2.014115795228249,1.0
2.0195684786404993,-1.0
2.0195684786404993,1.0
2.02501625920634,-1.0
2.02501625920634,1.0
2.0304591588883443,-1.0
2.0304591588883443,1.0
2.035897199472597,-1.0
2.035897199472597,1.0
2.04133040257071,-1.0
2.04133040257071,1.0
2.046758789622004,-1.0
2.046758789622004,1.0
2.052182381895233,-1.0
2.052182381895233,1.0
2.057601200490614,-1.0
2.057601200490614,1.0
2.0630152663419303,-1.0
2.0630152663419303,1.0
2.068424600218238,-1.0
2.068424600218238,1.0
2.0738292227257586,-1.0
2.0738292227257586,1.0
2.0792291543097026,-1.0
2.0792291543097026,1.0
2.084624415256107,-1.0
2.084624415256107,1.0
2.090015025693733,-1.0
2.090015025693733,1.0
2.0954010055956758,-1.0
2.0954010055956758,1.0
2.1007823747810392,-1.0
2.1007823747810392,1.0
2.1061591529168444,-1.0
2.1061591529168444,1.0
2.1115313595196157,-1.0
2.1115313595196157,1.0
2.1168990139569845,-1.0
2.1168990139569845,1.0
2.122262135449375,-1.0
2.122262135449375,1.0
2.1276207430716405,-1.0
2.1276207430716405,1.0
2.1329748557546258,-1.0
2.1329748557546258,1.0
2.1383244922867095,-1.0
2.1383244922867095,1.0
2.1436696713154,-1.0
2.1436696713154,1.0
2.149010411348791,-1.0
2.149010411348791,1.0
2.15434673075704,-1.0
2.15434673075704,1.0
2.159678647773982,-1.0
2.159678647773982,1.0
2.165006180498562,-1.0
2.165006180498562,1.0
2.1703293468961298,-1.0
2.1703293468961298,1.0
2.1756481647999366,-1.0
2.1756481647999366,1.0
2.180962651912597,-1.0
2.180962651912597,1.0
2.186272825807447,-1.0
2.186272825807447,1.0
2.1915787039298102,-1.0
2.1915787039298102,1.0
2.1968803035984354,-1.0
2.1968803035984354,1.0
2.20217764200679,-1.0
2.20217764200679,1.0
2.207470736224321,-1.0
2.207470736224321,1.0
2.212759603197822,-1.0
2.212759603197822,1.0
2.2180442597526615,-1.0
2.2180442597526615,1.0
2.223324722594049,-1.0
2.223324722594049,1.0
2.228601008308252,-1.0
2.228601008308252,1.0
2.2338731333638258,-1.0
2.2338731333638258,1.0
2.2391411141127997,-1.0
2.2391411141127997,1.0
2.2444049667919166,-1.0
2.2444049667919166,1.0
2.2496647075237792,-1.0
2.2496647075237792,1.0
2.2549203523179693,-1.0
2.2549203523179693,1.0
2.2601719170722423,-1.0
2.2601719170722423,1.0
2.2654194175735944,-1.0
2.2654194175735944,1.0
2.2706628694994264,-1.0
2.2706628694994264,1.0
2.2759022884186164,-1.0
2.2759022884186164,1.0
2.281137689792557,-1.0
2.281137689792557,1.0
2.286369088976338,-1.0
2.286369088976338,1.0
2.2915965012197286,-1.0
2.2915965012197286,1.0
2.2968199416682116,-1.0
2.2968199416682116,1.0
2.3020394253640037,-1.0
2.3020394253640037,1.0
2.307254967247131,-1.0
2.307254967247131,1.0
2.3124665821563553,-1.0
2.3124665821563553,1.0
2.3176742848301752,-1.0
2.3176742848301752,1.0
2.322878089907863,-1.0
2.322878089907863,1.0
2.328078011930342,-1.0
2.328078011930342,1.0
2.3332740653412385,-1.0
2.3332740653412385,1.0
2.338466264487736,-1.0
2.338466264487736,1.0
2.3436546236215547,-1.0
2.3436546236215547,1.0
2.3488391568998233,-1.0
2.3488391568998233,1.0
2.3540198783859925,-1.0
2.3540198783859925,1.0
2.3591968020507466,-1.0
2.3591968020507466,1.0
2.3643699417728707,-1.0
2.3643699417728707,1.0
2.3695393113401404,-1.0
2.3695393113401404,1.0
2.3747049244501737,-1.0
2.3747049244501737,1.0
2.379866794711282,-1.0
2.379866794711282,1.0
2.385024935643314,-1.0
2.385024935643314,1.0
2.390179360678477,-1.0
2.390179360678477,1.0
2.3953300831620745,-1.0
2.3953300831620745,1.0
2.4004771163534584,-1.0
2.4004771163534584,1.0
2.4056204734267914,-1.0
2.4056204734267914,1.0
2.410760167471776,-1.0
2.410760167471776,1.0
2.415896211494456,-1.0
2.415896211494456,1.0
2.4210286184180343,-1.0
2.4210286184180343,1.0
2.4261574010835654,-1.0
2.4261574010835654,1.0
2.431282572250767,-1.0
2.431282572250767,1.0
2.436404144598756,-1.0
2.436404144598756,1.0
2.4415221307266894,-1.0
2.4415221307266894,1.0
2.4466365431545998,-1.0
2.4466365431545998,1.0
2.4517473943241277,-1.0
2.4517473943241277,1.0
2.456854696599134,-1.0
2.456854696599134,1.0
2.4619584622664066,-1.0
2.4619584622664066,1.0
2.467058703536417,-1.0
2.467058703536417,1.0
2.4721554325440365,-1.0
2.4721554325440365,1.0
2.477248661349113,-1.0
2.477248661349113,1.0
2.4823384019371426,-1.0
2.4823384019371426,1.0
2.487424666220016,-1.0
2.487424666220016,1.0
2.49250746603659,-1.0
2.49250746603659,1.0
2.497586813153371,-1.0
2.497586813153371,1.0
2.502662719265158,-1.0
2.502662719265158,1.0
2.507735195995672,-1.0
2.507735195995672,1.0
2.5128042548981333,-1.0
2.5128042548981333,1.0
2.5178699074559,-1.0
2.5178699074559,1.0
2.52293216508313,-1.0
2.52293216508313,1.0
2.527991039125321,-1.0
2.527991039125321,1.0
2.533046540859982,-1.0
2.533046540859982,1.0
2.5380986814971087,-1.0
2.5380986814971087,1.0
2.543147472179817,-1.0
2.543147472179817,1.0
2.548192923984965,-1.0
2.548192923984965,1.0
2.553235047923635,-1.0
2.553235047923635,1.0
2.5582738549417767,-1.0
2.5582738549417767,1.0
2.5633093559206683,-1.0
2.5633093559206683,1.0
2.5683415616775753,-1.0
2.5683415616775753,1.0
2.5733704829662343,-1.0
2.5733704829662343,1.0
2.5783961304774254,-1.0
2.5783961304774254,1.0
2.5834185148395306,-1.0
2.5834185148395306,1.0
2.5884376466188845,-1.0
2.5884376466188845,1.0
2.5934535363204083,-1.0
2.5934535363204083,1.0
2.598466194388237,-1.0
2.598466194388237,1.0
2.6034756312061815,-1.0
2.6034756312061815,1.0
2.6084818570980617,-1.0
2.6084818570980617,1.0
2.6134848823283705,-1.0
2.6134848823283705,1.0
2.6184847171027403,-1.0
2.6184847171027403,1.0
2.623481371568335,-1.0
2.623481371568335,1.0
2.6284748558144315,-1.0
2.6284748558144315,1.0
2.6334651798728252,-1.0
2.6334651798728252,1.0
2.638452353718442,-1.0
2.638452353718442,1.0
2.6434363872696665,-1.0
2.6434363872696665,1.0
2.6484172903887724,-1.0
2.6484172903887724,1.0
2.653395072882582,-1.0
2.653395072882582,1.0
2.658369744502792,-1.0
2.658369744502792,1.0
2.6633413149462903,-1.0
2.6633413149462903,1.0
2.6683097938557574,-1.0
2.6683097938557574,1.0
2.6732751908201275,-1.0
2.6732751908201275,1.0
2.6782375153749847,-1.0
2.6782375153749847,1.0
2.6831967770029137,-1.0
2.6831967770029137,1.0
2.688152985133933,-1.0
2.688152985133933,1.0
2.693106149146069,-1.0
2.693106149146069,1.0
2.6980562783656517,-1.0
2.6980562783656517,1.0
2.7030033820677404,-1.0
2.7030033820677404,1.0
2.7079474694764993,-1.0
2.7079474694764993,1.0
2.71288854976559,-1.0
2.71288854976559,1.0
2.717826632058654,-1.0
2.717826632058654,1.0
2.722761725429715,-1.0
2.722761725429715,1.0
2.7276938389035226,-1.0
2.7276938389035226,1.0
2.732622981455824,-1.0
2.732622981455824,1.0
2.737549162013901,-1.0
2.737549162013901,1.0
2.742472389456934,-1.0
2.742472389456934,1.0
2.7473926726163036,-1.0
2.7473926726163036,1.0
2.752310020276093,-1.0
2.752310020276093,1.0
2.757224441173295,-1.0
2.757224441173295,1.0
2.7621359439982514,-1.0
2.7621359439982514,1.0
2.767044537395027,-1.0
2.767044537395027,1.0
2.77195022996165,-1.0
2.77195022996165,1.0
2.7768530302506855,-1.0
2.7768530302506855,1.0
2.7817529467694504,-1.0
2.7817529467694504,1.0
2.786649987980291,-1.0
2.786649987980291,1.0
2.791544162301099,-1.0
2.791544162301099,1.0
2.7964354781054457,-1.0
2.7964354781054457,1.0
2.8013239437230646,-1.0
2.8013239437230646,1.0
2.8062095674401766,-1.0
2.8062095674401766,1.0
2.811092357499713,-1.0
2.811092357499713,1.0
2.8159723221018136,-1.0
2.8159723221018136,1.0
2.820849469403969,-1.0
2.820849469403969,1.0
2.8257238075214097,-1.0
2.8257238075214097,1.0
2.8305953445275187,-1.0
2.8305953445275187,1.0
2.8354640884539997,-1.0
2.8354640884539997,1.0
2.840330047291264,-1.0
2.840330047291264,1.0
2.8451932289886837,-1.0
2.8451932289886837,1.0
2.8500536414549287,-1.0
2.8500536414549287,1.0
2.8549112925582616,-1.0
2.8549112925582616,1.0
2.859766190126853,-1.0
2.859766190126853,1.0
2.864618341949066,-1.0
2.864618341949066,1.0
2.86946775577378,-1.0
2.86946775577378,1.0
2.8743144393106648,-1.0
2.8743144393106648,1.0
2.8791584002303265,-1.0
2.8791584002303265,1.0
2.8839996461648223,-1.0
2.8839996461648223,1.0
2.888838184707842,-1.0
2.888838184707842,1.0
2.8936740234149307,-1.0
2.8936740234149307,1.0
2.898507169803844,-1.0
2.898507169803844,1.0
2.9033376313547716,-1.0
2.9033376313547716,1.0
2.908165415510663,-1.0
2.908165415510663,1.0
2.9129905296773773,-1.0
2.9129905296773773,1.0
2.9178129812240376,-1.0
2.9178129812240376,1.0
2.9226327774834253,-1.0
2.9226327774834253,1.0
2.927449925752016,-1.0
2.927449925752016,1.0
2.9322644332902765,-1.0
2.9322644332902765,1.0
2.9370763073230095,-1.0
2.9370763073230095,1.0
2.9418855550396206,-1.0
2.9418855550396206,1.0
2.9466921835942523,-1.0
2.9466921835942523,1.0
2.951496200106074,-1.0
2.951496200106074,1.0
2.956297611659609,-1.0
2.956297611659609,1.0
2.9610964253049343,-1.0
2.9610964253049343,1.0
2.9658926480578947,-1.0
2.9658926480578947,1.0
2.9706862869003308,-1.0
2.9706862869003308,1.0
2.9754773487803714,-1.0
2.9754773487803714,1.0
2.980265840612587,-1.0
2.980265840612587,1.0
2.9850517692783316,-1.0
2.9850517692783316,1.0
2.9898351416259676,-1.0
2.9898351416259676,1.0
2.994615964470912,-1.0
2.994615964470912,1.0
2.999394244596039,-1.0
2.999394244596039,1.0
3.004169988751993,-1.0
3.004169988751993,1.0
3.008943203657165,-1.0
3.008943203657165,1.0
3.0137138959980097,-1.0
3.0137138959980097,1.0
3.0184820724293777,-1.0
3.0184820724293777,1.0
3.0232477395745865,-1.0
3.0232477395745865,1.0
3.028010904025648,-1.0
3.028010904025648,1.0
3.0327715723435813,-1.0
3.0327715723435813,1.0
3.037529751058616,-1.0
3.037529751058616,1.0
3.0422854466703417,-1.0
3.0422854466703417,1.0
3.0470386656478903,-1.0
3.0470386656478903,1.0
3.0517894144301256,-1.0
3.0517894144301256,1.0
3.056537699425906,-1.0
3.056537699425906,1.0
3.061283527014339,-1.0
3.061283527014339,1.0
3.0660269035449277,-1.0
3.0660269035449277,1.0
3.070767835337718,-1.0
3.070767835337718,1.0
3.075506328683602,-1.0
3.075506328683602,1.0
3.0802423898444196,-1.0
3.0802423898444196,1.0
3.0849760250531486,-1.0
3.0849760250531486,1.0
3.0897072405141937,-1.0
3.0897072405141937,1.0
3.094436042403441,-1.0
3.094436042403441,1.0
3.099162436868598,-1.0
3.099162436868598,1.0
3.1038864300293287,-1.0
3.1038864300293287,1.0
3.10860802797751,-1.0
3.10860802797751,1.0
3.1133272367770024,-1.0
3.1133272367770024,1.0
3.118044062463205,-1.0
3.118044062463205,1.0
3.122758511045963,-1.0
3.122758511045963,1.0
3.127470588513739,-1.0
3.127470588513739,1.0
3.1321803008290456,-1.0
3.1321803008290456,1.0
3.1368876539065313,-1.0
3.1368876539065313,1.0
3.141592653589793,-1.0
3.141592653589793,1.0
dx_2
-3.141592653589793,-1.0
-3.141592653589793,1.0
-3.1242192394478976,-1.0
-3.1242192394478976,1.0
-3.106845239076647,-1.0
-3.106845239076647,1.0
-3.092005260824442,-1.0
-3.092005260824442,1.0
-3.078521645170198,-1.0
-3.078521645170198,1.0
-3.065937866653165,-1.0
-3.065937866653165,1.0
-3.054015759750801,-1.0
-3.054015759750801,1.0
-3.042610863902072,-1.0
-3.042610863902072,1.0
-3.031627030630343,-1.0
-3.031627030630343,1.0
-3.020996082089643,-1.0
-3.020996082089643,1.0
-3.010667393151928,-1.0
-3.010667393151928,1.0
-3.0006020290143263,-1.0
-3.0006020290143263,1.0
-2.9907692059304916,-1.0
-2.9907692059304916,1.0
-2.981144034370767,-1.0
-2.981144034370767,1.0
-2.9717060154925172,-1.0
-2.9717060154925172,1.0
-2.962438002816717,-1.0
-2.962438002816717,1.0
-2.9533254633301005,-1.0
-2.9533254633301005,1.0
-2.944355938096795,-1.0
-2.944355938096795,1.0
-2.9355186397946325,-1.0
-2.9355186397946325,1.0
-2.9268041466501904,-1.0
-2.9268041466501904,1.0
-2.918204165766395,-1.0
-2.918204165766395,1.0
-2.9097113473869163,-1.0
-2.9097113473869163,1.0
-2.901319137212437,-1.0
-2.901319137212437,1.0
-2.8930216575670524,-1.0
-2.8930216575670524,1.0
-2.884813610773859,-1.0
-2.884813610773859,1.0
-2.876690199810726,-1.0
-2.876690199810726,1.0
-2.8686470625981215,-1.0
-2.8686470625981215,1.0
-2.8606802171242136,-1.0
-2.8606802171242136,1.0
-2.8527860152916675,-1.0
-2.8527860152916675,1.0
-2.844961103829181,-1.0
-2.844961103829181,1.0
-2.8372023909804613,-1.0
-2.8372023909804613,1.0
-2.82950701795111,-1.0
-2.82950701795111,1.0
-2.821872334300334,-1.0
-2.821872334300334,1.0
-2.814295876625409,-1.0
-2.814295876625409,1.0
-2.8067753500117805,-1.0
-2.8067753500117805,1.0
-2.799308611818922,-1.0
-2.799308611818922,1.0
-2.791893657446993,-1.0
-2.791893657446993,1.0
-2.784528607796483,-1.0
-2.784528607796483,1.0
-2.7772116981751225,-1.0
-2.7772116981751225,1.0
-2.7699412684568703,-1.0
-2.7699412684568703,1.0
-2.7627157543158116,-1.0
-2.7627157543158116,1.0
-2.755533679398598,-1.0
-2.755533679398598,1.0
-2.7483936483143308,-1.0
-2.7483936483143308,1.0
-2.7412943403345924,-1.0
-2.7412943403345924,1.0
-2.734234503722338,-1.0
-2.734234503722338,1.0
-2.7272129506086356,-1.0
-2.7272129506086356,1.0
-2.72022855235807,-1.0
-2.72022855235807,1.0
-2.7132802353640346,-1.0
-2.7132802353640346,1.0
-2.706366977223982,-1.0
-2.706366977223982,1.0
-2.6994878032582235,-1.0
-2.6994878032582235,1.0
-2.6926417833278546,-1.0
-2.6926417833278546,1.0
-2.685828028928756,-1.0
-2.685828028928756,1.0
-2.67904569052538,-1.0
-2.67904569052538,1.0
-2.672293955104945,-1.0
-2.672293955104945,1.0
-2.6655720439287114,-1.0
-2.6655720439287114,1.0
-2.65887921046009,-1.0
-2.65887921046009,1.0
-2.6522147384526207,-1.0
-2.6522147384526207,1.0
-2.6455779401863957,-1.0
-2.6455779401863957,1.0
-2.63896815483387,-1.0
-2.63896815483387,1.0
-2.632384746947407,-1.0
-2.632384746947407,1.0
-2.625827105054108,-1.0
-2.625827105054108,1.0
-2.6192946403536523,-1.0
-2.6192946403536523,1.0
-2.6127867855035123,-1.0
-2.6127867855035123,1.0
-2.606302993490486,-1.0
-2.606302993490486,1.0
-2.5998427365778727,-1.0
-2.5998427365778727,1.0
-2.5934055053216554,-1.0
-2.5934055053216554,1.0
-2.5869908076528247,-1.0
-2.5869908076528247,1.0
-2.5805981680172194,-1.0
-2.5805981680172194,1.0
-2.5742271265714742,-1.0
-2.5742271265714742,1.0
-2.567877238428677,-1.0
-2.567877238428677,1.0
-2.5615480729511937,-1.0
-2.5615480729511937,1.0
-2.555239213085852,-1.0
-2.555239213085852,1.0
-2.548950254738174,-1.0
-2.548950254738174,1.0
-2.542680806186994,-1.0
-2.542680806186994,1.0
-2.536430487528131,-1.0
-2.536430487528131,1.0
-2.5301989301551697,-1.0
-2.5301989301551697,1.0
-2.523985776266134,-1.0
-2.523985776266134,1.0
-2.517790678399788,-1.0
-2.517790678399788,1.0
-2.5116132989959126,-1.0
-2.5116132989959126,1.0
-2.505453309981255,-1.0
-2.505453309981255,1.0
-2.499310392376435,-1.0
-2.499310392376435,1.0
-2.493184235924618,-1.0
-2.493184235924618,1.0
-2.487074538740067,-1.0
-2.487074538740067,1.0
-2.480981006972711,-1.0
-2.480981006972711,1.0
-2.4749033544930974,-1.0
-2.4749033544930974,1.0
-2.468841302590791,-1.0
-2.468841302590791,1.0
-2.462794579688551,-1.0
-2.462794579688551,1.0
-2.45676292107127,-1.0
-2.45676292107127,1.0
-2.4507460686274904,-1.0
-2.4507460686274904,1.0
-2.444743770603883,-1.0
-2.444743770603883,1.0
-2.4387557813707255,-1.0
-2.4387557813707255,1.0
-2.43278186119903,-1.0
-2.43278186119903,1.0
-2.426821776048549,-1.0
-2.426821776048549,1.0
-2.420875297364097,-1.0
-2.420875297364097,1.0
-2.4149422018824174,-1.0
-2.4149422018824174,1.0
-2.4090222714477965,-1.0
-2.4090222714477965,1.0
-2.4031152928347073,-1.0
-2.4031152928347073,1.0
-2.3972210575801736,-1.0
-2.3972210575801736,1.0
-2.391339361821304,-1.0
-2.391339361821304,1.0
-2.385470006141419,-1.0
-2.385470006141419,1.0
-2.3796127954227964,-1.0
-2.3796127954227964,1.0
-2.373767538704831,-1.0
-2.373767538704831,1.0
-2.367934049048117,-1.0
-2.367934049048117,1.0
-2.3621121434049717,-1.0
-2.3621121434049717,1.0
-2.3563016424950947,-1.0
-2.3563016424950947,1.0
-2.350502370685564,-1.0
-2.350502370685564,1.0
-2.344714155876582,-1.0
-2.344714155876582,1.0
-2.3389368293912236,-1.0
-2.3389368293912236,1.0
-2.3331702258698095,-1.0
-2.3331702258698095,1.0
-2.3274141831682384,-1.0
-2.3274141831682384,1.0
-2.32166854226045,-1.0
-2.32166854226045,1.0
-2.3159331471446483,-1.0
-2.3159331471446483,1.0
-2.3102078447527705,-1.0
-2.3102078447527705,1.0
-2.3044924848638715,-1.0
-2.3044924848638715,1.0
-2.2987869200201465,-1.0
-2.2987869200201465,1.0
-2.2930910054467293,-1.0
-2.2930910054467293,1.0
-2.2874045989737306,-1.0
-2.2874045989737306,1.0
-2.2817275609619014,-1.0
-2.2817275609619014,1.0
-2.2760597542305856,-1.0
-2.2760597542305856,1.0
-2.270401043987726,-1.0
-2.270401043987726,1.0
-2.264751297763096,-1.0
-2.264751297763096,1.0
-2.2591103853439978,-1.0
-2.2591103853439978,1.0
-2.2534781787123213,-1.0
-2.2534781787123213,1.0
-2.247854551984888,-1.0
-2.247854551984888,1.0
-2.242239381354301,-1.0
-2.242239381354301,1.0
-2.2366325450335727,-1.0
-2.2366325450335727,1.0
-2.231033923201578,-1.0
-2.231033923201578,1.0
-2.2254433979502433,-1.0
-2.2254433979502433,1.0
-2.219860853234231,-1.0
-2.219860853234231,1.0
-2.2142861748214364,-1.0
-2.2142861748214364,1.0
-2.208719250245408,-1.0
-2.208719250245408,1.0
-2.2031599687596506,-1.0
-2.2031599687596506,1.0
-2.197608221293323,-1.0
-2.197608221293323,1.0
-2.1920639004072724,-1.0
-2.1920639004072724,1.0
-2.1865269002529883,-1.0
-2.1865269002529883,1.0
-2.180997116531706,-1.0
-2.180997116531706,1.0
-2.175474446456018,-1.0
-2.175474446456018,1.0
-2.1699587887109573,-1.0
-2.1699587887109573,1.0
-2.164450043417365,-1.0
-2.164450043417365,1.0
-2.1589481120965024,-1.0
-2.1589481120965024,1.0
-2.153452897635015,-1.0
-2.153452897635015,1.0
-2.147964304251634,-1.0
-2.147964304251634,1.0
-2.142482237464246,-1.0
-2.142482237464246,1.0
-2.137006604058126,-1.0
-2.137006604058126,1.0
-2.1315373120555625,-1.0
-2.1315373120555625,1.0
-2.126074270685587,-1.0
-2.126074270685587,1.0
-2.12061739035538,-1.0
-2.12061739035538,1.0
-2.1151665826213977,-1.0
-2.1151665826213977,1.0
-2.109721760162292,-1.0
-2.109721760162292,1.0
-2.1042828367526845,-1.0
-2.1042828367526845,1.0
-2.0988497272364683,-1.0
-2.0988497272364683,1.0
-2.0934223475019293,-1.0
-2.0934223475019293,1.0
-2.088000614457134,-1.0
-2.088000614457134,1.0
-2.0825844460064777,-1.0
-2.0825844460064777,1.0
-2.0771737610267467,-1.0
-2.0771737610267467,1.0
-2.0717684793449944,-1.0
-2.0717684793449944,1.0
-2.066368521716352,-1.0
-2.066368521716352,1.0
-2.060973809802438,-1.0
-2.060973809802438,1.0
-2.055584266150697,-1.0
-2.055584266150697,1.0
-2.050199814173976,-1.0
-2.050199814173976,1.0
-2.0448203781304417,-1.0
-2.0448203781304417,1.0
-2.0394458831045656,-1.0
-2.0394458831045656,1.0
-2.0340762549880527,-1.0
-2.0340762549880527,1.0
-2.028711420461314,-1.0
-2.028711420461314,1.0
-2.0233513069758566,-1.0
-2.0233513069758566,1.0
-2.017995842736643,-1.0
-2.017995842736643,1.0
-2.0126449566848144,-1.0
-2.0126449566848144,1.0
-2.0072985784811075,-1.0
-2.0072985784811075,1.0
-2.0019566384895837,-1.0
-2.0019566384895837,1.0
-1.9966190677619013,-1.0
-1.9966190677619013,1.0
-1.9912857980214465,-1.0
-1.9912857980214465,1.0
-1.9859567616483746,-1.0
-1.9859567616483746,1.0
-1.9806318916646297,-1.0
-1.9806318916646297,1.0
-1.9753111217197326,-1.0
-1.9753111217197326,1.0
-1.969994386076142,-1.0
-1.969994386076142,1.0
-1.9646816195958239,-1.0
-1.9646816195958239,1.0
-1.95937275772656,-1.0
-1.95937275772656,1.0
-1.9540677364884915,-1.0
-1.9540677364884915,1.0
-1.948766492461528,-1.0
-1.948766492461528,1.0
-1.943468962772331,-1.0
-1.943468962772331,1.0
-1.9381750850818822,-1.0
-1.9381750850818822,1.0
-1.9328847975736756,-1.0
-1.9328847975736756,1.0
-1.9275980389413807,-1.0
-1.9275980389413807,1.0
-1.9223147483772491,-1.0
-1.9223147483772491,1.0
-1.917034865561087,-1.0
-1.917034865561087,1.0
-1.9117583306485362,-1.0
-1.9117583306485362,1.0
-1.9064850842601035,-1.0
-1.9064850842601035,1.0
-1.901215067470973,-1.0
-1.901215067470973,1.0
-1.8959482217996653,-1.0
-1.8959482217996653,1.0
-1.890684489198261,-1.0
-1.890684489198261,1.0
-1.8854238120420062,-1.0
-1.8854238120420062,1.0
-1.8801661331192785,-1.0
-1.8801661331192785,1.0
-1.8749113956219594,-1.0
-1.8749113956219594,1.0
-1.869659543135781,-1.0
-1.869659543135781,1.0
-1.8644105196306617,-1.0
-1.8644105196306617,1.0
-1.8591642694518176,-1.0
-1.8591642694518176,1.0
-1.8539207373105235,-1.0
-1.8539207373105235,1.0
-1.8486798682748506,-1.0
-1.8486798682748506,1.0
-1.8434416077611393,-1.0
-1.8434416077611393,1.0
-1.8382059015255416,-1.0
-1.8382059015255416,1.0
-1.8329726956550862,-1.0
-1.8329726956550862,1.0
-1.8277419365595622,-1.0
-1.8277419365595622,1.0
-1.8225135709634193,-1.0
-1.8225135709634193,1.0
-1.8172875458971673,-1.0
-1.8172875458971673,1.0
-1.812063808689991,-1.0
-1.812063808689991,1.0
-1.806842306961461,-1.0
-1.806842306961461,1.0
-1.8016229886140251,-1.0
-1.8016229886140251,1.0
-1.7964058018252462,-1.0
-1.7964058018252462,1.0
-1.7911906950403407,-1.0
-1.7911906950403407,1.0
-1.7859776169648698,-1.0
-1.7859776169648698,1.0
-1.7807665165572644,-1.0
-1.7807665165572644,1.0
-1.7755573430217515,-1.0
-1.7755573430217515,1.0
-1.7703500458011776,-1.0
-1.7703500458011776,1.0
-1.7651445745699952,-1.0
-1.7651445745699952,1.0
-1.7599408792273779,-1.0
-1.7599408792273779,1.0
-1.7547389098902957,-1.0
-1.7547389098902957,1.0
-1.7495386168870162,-1.0
-1.7495386168870162,1.0
-1.744339950750129,-1.0
-1.744339950750129,1.0
-1.73914286221005,-1.0
-1.73914286221005,1.0
-1.7339473021886123,-1.0
-1.7339473021886123,1.0
-1.728753221792498,-1.0
-1.728753221792498,1.0
-1.7235605723068486,-1.0
-1.7235605723068486,1.0
-1.7183693051891669,-1.0
-1.7183693051891669,1.0
-1.7131793720628146,-1.0
-1.7131793720628146,1.0
-1.707990724711016,-1.0
-1.707990724711016,1.0
-1.7028033150705082,-1.0
-1.7028033150705082,1.0
-1.697617095225808,-1.0
-1.697617095225808,1.0
-1.6924320174029395,-1.0
-1.6924320174029395,1.0
-1.687248033963526,-1.0
-1.687248033963526,1.0
-1.68206509739902,-1.0
-1.68206509739902,1.0
-1.676883160324661,-1.0
-1.676883160324661,1.0
-1.6717021754738135,-1.0
-1.6717021754738135,1.0
-1.6665220956920714,-1.0
-1.6665220956920714,1.0
-1.6613428739316105,-1.0
-1.6613428739316105,1.0
-1.656164463245361,-1.0
-1.656164463245361,1.0
-1.650986816781603,-1.0
-1.650986816781603,1.0
-1.645809887778159,-1.0
-1.645809887778159,1.0
-1.6406336295569062,-1.0
-1.6406336295569062,1.0
-1.6354579955179536,-1.0
-1.6354579955179536,1.0
-1.6302829391345373,-1.0
-1.6302829391345373,1.0
-1.6251084139471375,-1.0
-1.6251084139471375,1.0
-1.6199343735582703,-1.0
-1.6199343735582703,1.0
-1.6147607716268824,-1.0
-1.6147607716268824,1.0
-1.6095875618628726,-1.0
-1.6095875618628726,1.0
-1.6044146980218559,-1.0
-1.6044146980218559,1.0
-1.5992421338995804,-1.0
-1.5992421338995804,1.0
-1.5940698233266213,-1.0
-1.5940698233266213,1.0
-1.588897720163046,-1.0
-1.588897720163046,1.0
-1.5837257782928496,-1.0
-1.5837257782928496,1.0
-1.578553951618928,-1.0
-1.578553951618928,1.0
-1.5733821940573627,-1.0
-1.5733821940573627,1.0
-1.568210459532417,-1.0
-1.568210459532417,1.0
-1.5630387019708907,-1.0
-1.5630387019708907,1.0
-1.5578668752969487,-1.0
-1.5578668752969487,1.0
-1.5526949334267512,-1.0
-1.5526949334267512,1.0
-1.547522830263195,-1.0
-1.547522830263195,1.0
-1.5423505196902632,-1.0
-1.5423505196902632,1.0
-1.5371779555680087,-1.0
-1.5371779555680087,1.0
-1.5320050917269705,-1.0
-1.5320050917269705,1.0
-1.5268318819629387,-1.0
-1.5268318819629387,1.0
-1.5216582800315674,-1.0
-1.5216582800315674,1.0
-1.516484239642701,-1.0
-1.516484239642701,1.0
-1.5113097144553271,-1.0
-1.5113097144553271,1.0
-1.5061346580719241,-1.0
-1.5061346580719241,1.0
-1.500959024032994,-1.0
-1.500959024032994,1.0
-1.495782765811688,-1.0
-1.495782765811688,1.0
-1.4906058368083046,-1.0
-1.4906058368083046,1.0
-1.4854281903445883,-1.0
-1.4854281903445883,1.0
-1.4802497796583616,-1.0
-1.4802497796583616,1.0
-1.4750705578978915,-1.0
-1.4750705578978915,1.0
-1.4698904781161375,-1.0
-1.4698904781161375,1.0
-1.4647094932652778,-1.0
-1.4647094932652778,1.0
-1.4595275561909637,-1.0
-1.4595275561909637,1.0
-1.454344619626473,-1.0
-1.454344619626473,1.0
-1.4491606361870857,-1.0
-1.4491606361870857,1.0
-1.443975558364206,-1.0
-1.443975558364206,1.0
-1.438789338519508,-1.0
-1.438789338519508,1.0
-1.4336019288789827,-1.0
-1.4336019288789827,1.0
-1.4284132815271358,-1.0
-1.4284132815271358,1.0
-1.423223348400784,-1.0
-1.423223348400784,1.0
-1.4180320812831049,-1.0
-1.4180320812831049,1.0
-1.4128394317974537,-1.0
-1.4128394317974537,1.0
-1.4076453514013436,-1.0
-1.4076453514013436,1.0
-1.4024497913798935,-1.0
-1.4024497913798935,1.0
-1.3972527028398554,-1.0
-1.3972527028398554,1.0
-1.392054036702909,-1.0
-1.392054036702909,1.0
-1.3868537436996125,-1.0
-1.3868537436996125,1.0
-1.3816517743625665,-1.0
-1.3816517743625665,1.0
-1.3764480790199234,-1.0
-1.3764480790199234,1.0
-1.3712426077887003,-1.0
-1.3712426077887003,1.0
-1.3660353105681464,-1.0
-1.3660353105681464,1.0
-1.360826137032606,-1.0
-1.360826137032606,1.0
-1.3556150366250594,-1.0
-1.3556150366250594,1.0
-1.3504019585495923,-1.0
-1.3504019585495923,1.0
-1.3451868517647472,-1.0
-1.3451868517647472,1.0
-1.3399696649759585,-1.0
-1.3399696649759585,1.0
-1.3347503466285913,-1.0
-1.3347503466285913,1.0
-1.3295288449000708,-1.0
-1.3295288449000708,1.0
-1.3243051076929107,-1.0
-1.3243051076929107,1.0
-1.3190790826266818,-1.0
-1.3190790826266818,1.0
-1.3138507170305065,-1.0
-1.3138507170305065,1.0
-1.3086199579350704,-1.0
-1.3086199579350704,1.0
-1.3033867520646143,-1.0
-1.3033867520646143,1.0
-1.2981510458289436,-1.0
-1.2981510458289436,1.0
-1.2929127853152367,-1.0
-1.2929127853152367,1.0
-1.2876719162795203,-1.0
-1.2876719162795203,1.0
-1.2824283841381832,-1.0
-1.2824283841381832,1.0
-1.277182133959383,-1.0
-1.277182133959383,1.0
-1.2719331104543061,-1.0
-1.2719331104543061,1.0
-1.2666812579681097,-1.0
-1.2666812579681097,1.0
-1.2614265204708206,-1.0
-1.2614265204708206,1.0
-1.2561688415481582,-1.0
-1.2561688415481582,1.0
-1.2509081643918736,-1.0
-1.2509081643918736,1.0
-1.245644431790442,-1.0
-1.245644431790442,1.0
-1.2403775861191808,-1.0
-1.2403775861191808,1.0
-1.235107569330023,-1.0
-1.235107569330023,1.0
-1.2298343229416029,-1.0
-1.2298343229416029,1.0
-1.224557788028956,-1.0
-1.224557788028956,1.0
-1.2192779052127563,-1.0
-1.2192779052127563,1.0
-1.2139946146487128,-1.0
-1.2139946146487128,1.0
-1.2087078560163877,-1.0
-1.2087078560163877,1.0
-1.203417568508211,-1.0
-1.203417568508211,1.0
-1.1981236908178274,-1.0
-1.1981236908178274,1.0
-1.1928261611285325,-1.0
-1.1928261611285325,1.0
-1.1875249171015043,-1.0
-1.1875249171015043,1.0
-1.1822198958634864,-1.0
-1.1822198958634864,1.0
-1.176911033994182,-1.0
-1.176911033994182,1.0
-1.1715982675139327,-1.0
-1.1715982675139327,1.0
-1.1662815318703375,-1.0
-1.1662815318703375,1.0
-1.160960761925386,-1.0
-1.160960761925386,1.0
-1.1556358919416687,-1.0
-1.1556358919416687,1.0
-1.1503068555685898,-1.0
-1.1503068555685898,1.0
-1.1449735858281063,-1.0
-1.1449735858281063,1.0
-1.1396360151003782,-1.0
-1.1396360151003782,1.0
-1.134294075108907,-1.0
-1.134294075108907,1.0
-1.1289476969052066,-1.0
-1.1289476969052066,1.0
-1.1235968108533427,-1.0
-1.1235968108533427,1.0
-1.1182413466141454,-1.0
-1.1182413466141454,1.0
-1.112881233128751,-1.0
-1.112881233128751,1.0
-1.107516398602011,-1.0
-1.107516398602011,1.0
-1.1021467704854029,-1.0
-1.1021467704854029,1.0
-1.0967722754595421,-1.0
-1.0967722754595421,1.0
-1.0913928394160128,-1.0
-1.0913928394160128,1.0
-1.0860083874392517,-1.0
-1.0860083874392517,1.0
-1.0806188437875914,-1.0
-1.0806188437875914,1.0
-1.0752241318737128,-1.0
-1.0752241318737128,1.0
-1.0698241742450878,-1.0
-1.0698241742450878,1.0
-1.06441889256338,-1.0
-1.06441889256338,1.0
-1.0590082075837735,-1.0
-1.0590082075837735,1.0
-1.0535920391331692,-1.0
-1.0535920391331692,1.0
-1.0481703060885112,-1.0
-1.0481703060885112,1.0
-1.0427429263539527,-1.0
-1.0427429263539527,1.0
-1.0373098168376396,-1.0
-1.0373098168376396,1.0
-1.0318708934280987,-1.0
-1.0318708934280987,1.0
-1.0264260709691446,-1.0
-1.0264260709691446,1.0
-1.0209752632350515,-1.0
-1.0209752632350515,1.0
-1.015518382904712,-1.0
-1.015518382904712,1.0
-1.0100553415347249,-1.0
-1.0100553415347249,1.0
-1.0045860495321677,-1.0
-1.0045860495321677,1.0
-0.9991104161260219,-1.0
-0.9991104161260219,1.0
-0.9936283493385485,-1.0
-0.9936283493385485,1.0
-0.9881397559551955,-1.0
-0.9881397559551955,1.0
-0.9826445414937398,-1.0
-0.9826445414937398,1.0
-0.9771426101729078,-1.0
-0.9771426101729078,1.0
-0.9716338648792767,-1.0
-0.9716338648792767,1.0
-0.96611820713421,-1.0
-0.96611820713421,1.0
-0.9605955370584733,-1.0
-0.9605955370584733,1.0
-0.955065753337363,-1.0
-0.955065753337363,1.0
-0.9495287531830049,-1.0
-0.9495287531830049,1.0
-0.9439844322967937,-1.0
-0.9439844322967937,1.0
-0.9384326848302738,-1.0
-0.9384326848302738,1.0
-0.932873403344577,-1.0
-0.932873403344577,1.0
-0.9273064787685426,-1.0
-0.9273064787685426,1.0
-0.9217318003555891,-1.0
-0.9217318003555891,1.0
-0.916149255639578,-1.0
-0.916149255639578,1.0
-0.9105587303882584,-1.0
-0.9105587303882584,1.0
-0.904960108556296,-1.0
-0.904960108556296,1.0
-0.8993532722355355,-1.0
-0.8993532722355355,1.0
-0.893738101604875,-1.0
-0.893738101604875,1.0
-0.8881144748773293,-1.0
-0.8881144748773293,1.0
-0.8824822682456982,-1.0
-0.8824822682456982,1.0
-0.8768413558265707,-1.0
-0.8768413558265707,1.0
-0.8711916096019539,-1.0
-0.8711916096019539,1.0
-0.8655328993589286,-1.0
-0.8655328993589286,1.0
-0.859865092627539,-1.0
-0.859865092627539,1.0
-0.8541880546157926,-1.0
-0.8541880546157926,1.0
-0.8485016481427798,-1.0
-0.8485016481427798,1.0
-0.8428057335693193,-1.0
-0.8428057335693193,1.0
-0.8371001687255681,-1.0
-0.8371001687255681,1.0
-0.8313848088366852,-1.0
-0.8313848088366852,1.0
-0.8256595064449166,-1.0
-0.8256595064449166,1.0
-0.81992411132914,-1.0
-0.81992411132914,1.0
-0.8141784704214099,-1.0
-0.8141784704214099,1.0
-0.8084224277197776,-1.0
-0.8084224277197776,1.0
-0.8026558241983014,-1.0
-0.8026558241983014,1.0
-0.7968784977128356,-1.0
-0.7968784977128356,1.0
-0.791090282903815,-1.0
-0.791090282903815,1.0
-0.7852910110942573,-1.0
-0.7852910110942573,1.0
-0.7794805101843403,-1.0
-0.7794805101843403,1.0
-0.7736586045413144,-1.0
-0.7736586045413144,1.0
-0.7678251148845752,-1.0
-0.7678251148845752,1.0
-0.7619798581666326,-1.0
-0.7619798581666326,1.0
-0.7561226474481164,-1.0
-0.7561226474481164,1.0
-0.750253291768273,-1.0
-0.750253291768273,1.0
-0.7443715960091921,-1.0
-0.7443715960091921,1.0
-0.7384773607545451,-1.0
-0.7384773607545451,1.0
-0.7325703821415156,-1.0
-0.7325703821415156,1.0
-0.7266504517069008,-1.0
-0.7266504517069008,1.0
-0.72071735622522,-1.0
-0.72071735622522,1.0
-0.7147708775406851,-1.0
-0.7147708775406851,1.0
-0.7088107923901135,-1.0
-0.7088107923901135,1.0
-0.7028368722185057,-1.0
-0.7028368722185057,1.0
-0.696848882985215,-1.0
-0.696848882985215,1.0
-0.6908465849615063,-1.0
-0.6908465849615063,1.0
-0.6848297325177239,-1.0
-0.6848297325177239,1.0
-0.6787980739003386,-1.0
-0.6787980739003386,1.0
-0.6727513509979552,-1.0
-0.6727513509979552,1.0
-0.666689299095536,-1.0
-0.666689299095536,1.0
-0.6606116466159664,-1.0
-0.6606116466159664,1.0
-0.6545181148487035,-1.0
-0.6545181148487035,1.0
-0.6484084176639732,-1.0
-0.6484084176639732,1.0
-0.6422822612122285,-1.0
-0.6422822612122285,1.0
-0.6361393436072066,-1.0
-0.6361393436072066,1.0
-0.6299793545922979,-1.0
-0.6299793545922979,1.0
-0.6238019751884272,-1.0
-0.6238019751884272,1.0
-0.6176068773221449,-1.0
-0.6176068773221449,1.0
-0.6113937234333312,-1.0
-0.6113937234333312,1.0
-0.6051621660605347,-1.0
-0.6051621660605347,1.0
-0.5989118474018258,-1.0
-0.5989118474018258,1.0
-0.5926423988504668,-1.0
-0.5926423988504668,1.0
-0.5863534405028853,-1.0
-0.5863534405028853,1.0
-0.5800445806373025,-1.0
-0.5800445806373025,1.0
-0.573715415159934,-1.0
-0.573715415159934,1.0
-0.5673655270173308,-1.0
-0.5673655270173308,1.0
-0.5609944855716598,-1.0
-0.5609944855716598,1.0
-0.554601845936081,-1.0
-0.554601845936081,1.0
-0.548187148267333,-1.0
-0.548187148267333,1.0
-0.5417499170114344,-1.0
-0.5417499170114344,1.0
-0.5352896600990311,-1.0
-0.5352896600990311,1.0
-0.5288058680862382,-1.0
-0.5288058680862382,1.0
-0.5222980132360221,-1.0
-0.5222980132360221,1.0
-0.5157655485353773,-1.0
-0.5157655485353773,1.0
-0.5092079066421528,-1.0
-0.5092079066421528,1.0
-0.5026244987555676,-1.0
-0.5026244987555676,1.0
-0.49601471340322256,-1.0
-0.49601471340322256,1.0
-0.48937791513691986,-1.0
-0.48937791513691986,1.0
-0.48271344312940406,-1.0
-0.48271344312940406,1.0
-0.47602060966059917,-1.0
-0.47602060966059917,1.0
-0.4692986984845555,-1.0
-0.4692986984845555,1.0
-0.4625469630642947,-1.0
-0.4625469630642947,1.0
-0.4557646246608897,-1.0
-0.4557646246608897,1.0
-0.4489508702616767,-1.0
-0.4489508702616767,1.0
-0.4421048503312955,-1.0
-0.4421048503312955,1.0
-0.4352256763653097,-1.0
-0.4352256763653097,1.0
-0.42831241822556587,-1.0
-0.42831241822556587,1.0
-0.4213641012315751,-1.0
-0.4213641012315751,1.0
-0.4143797029811644,-1.0
-0.4143797029811644,1.0
-0.40735814986732005,-1.0
-0.40735814986732005,1.0
-0.400298313254801,-1.0
-0.400298313254801,1.0
-0.3931990052751516,-1.0
-0.3931990052751516,1.0
-0.3860589741908128,-1.0
-0.3860589741908128,1.0
-0.3788768992736358,-1.0
-0.3788768992736358,1.0
-0.3716513851323281,-1.0
-0.3716513851323281,1.0
-0.3643809554139786,-1.0
-0.3643809554139786,1.0
-0.35706404579279605,-1.0
-0.35706404579279605,1.0
-0.3496989961420398,-1.0
-0.3496989961420398,1.0
-0.3422840417701382,-1.0
-0.3422840417701382,1.0
-0.33481730357707556,-1.0
-0.33481730357707556,1.0
-0.3272967769633013,-1.0
-0.3272967769633013,1.0
-0.31972031928806693,-1.0
-0.31972031928806693,1.0
-0.3120856356371784,-1.0
-0.3120856356371784,1.0
-0.30439026260804547,-1.0
-0.30439026260804547,1.0
-0.29663154975966893,-1.0
-0.29663154975966893,1.0
-0.2888066382975553,-1.0
-0.2888066382975553,1.0
-0.28091243646539577,-1.0
-0.28091243646539577,1.0
-0.2729455909917708,-1.0
-0.2729455909917708,1.0
-0.26490245377924504,-1.0
-0.26490245377924504,1.0
-0.25677904281641595,-1.0
-0.25677904281641595,1.0
-0.24857099602299612,-1.0
-0.24857099602299612,1.0
-0.2402735163779528,-1.0
-0.2402735163779528,1.0
-0.23188130620312095,-1.0
-0.23188130620312095,1.0
-0.2233884878239464,-1.0
-0.2233884878239464,1.0
-0.21478850693973195,-1.0
-0.21478850693973195,1.0
-0.2060740137954561,-1.0
-0.2060740137954561,1.0
-0.19723671549369026,-1.0
-0.19723671549369026,1.0
-0.1882671902606171,-1.0
-0.1882671902606171,1.0
-0.17915465077390352,-1.0
-0.17915465077390352,1.0
-0.1698866380978381,-1.0
-0.1698866380978381,1.0
-0.160448619219688,-1.0
-0.160448619219688,1.0
-0.1508234476605121,-1.0
-0.1508234476605121,1.0
-0.1409906245762422,-1.0
-0.1409906245762422,1.0
-0.1309252604388779,-1.0
-0.1309252604388779,1.0
-0.12059657150131997,-1.0
-0.12059657150131997,1.0
-0.10996562296049012,-1.0
-0.10996562296049012,1.0
-0.0989817896894856,-1.0
-0.0989817896894856,1.0
-0.08757689384042369,-1.0
-0.08757689384042369,1.0
-0.07565478693883693,-1.0
-0.07565478693883693,1.0
-0.06307100842149352,-1.0
-0.06307100842149352,1.0
-0.049587392766798674,-1.0
-0.049587392766798674,1.0
-0.03474741451349421,-1.0
-0.03474741451349421,1.0
-0.0173734141417082,-1.0
-0.0173734141417082,1.0
0.0,-1.0
0.0,1.0
0.02249012313072097,-1.0
0.02249012313072097,1.0
0.03895777325433806,-1.0
0.03895777325433806,1.0
0.05335741088980839,-1.0
0.05335741088980839,1.0
0.06656327211118533,-1.0
0.06656327211118533,1.0
0.07894707880007934,-1.0
0.07894707880007934,1.0
0.09071509545473469,-1.0
0.09071509545473469,1.0
0.10199552659056982,-1.0
0.10199552659056982,1.0
0.11287545291920939,-1.0
0.11287545291920939,1.0
0.1234174843134172,-1.0
0.1234174843134172,1.0
0.13366860210362258,-1.0
0.13366860210362258,1.0
0.14366523691729718,-1.0
0.14366523691729718,1.0
0.1534363840968436,-1.0
0.1534363840968436,1.0
0.16300561579671466,-1.0
0.16300561579671466,1.0
0.17239243545767072,-1.0
0.17239243545767072,1.0
0.18161322127558888,-1.0
0.18161322127558888,1.0
0.19068190249692574,-1.0
0.19068190249692574,1.0
0.19961045618445017,-1.0
0.19961045618445017,1.0
0.20840927987719912,-1.0
0.20840927987719912,1.0
0.217087476327441,-1.0
0.217087476327441,1.0
0.22565307459831654,-1.0
0.22565307459831654,1.0
0.2341132042193367,-1.0
0.2341132042193367,1.0
0.24247423412918478,-1.0
0.24247423412918478,1.0
0.2507418848043728,-1.0
0.2507418848043728,1.0
0.2589213196908252,-1.0
0.2589213196908252,1.0
0.2670172204632309,-1.0
0.2670172204632309,1.0
0.27503384950617876,-1.0
0.27503384950617876,1.0
0.2829751021955164,-1.0
0.2829751021955164,1.0
0.29084455096195694,-1.0
0.29084455096195694,1.0
0.29864548267652735,-1.0
0.29864548267652735,1.0
0.3063809305658906,-1.0
0.3063809305658906,1.0
0.3140537016140375,-1.0
0.3140537016140375,1.0
0.32166640021400417,-1.0
0.32166640021400417,1.0
0.32922144868434094,-1.0
0.32922144868434094,1.0
0.33672110514853665,-1.0
0.33672110514853665,1.0
0.34416747918418134,-1.0
0.34416747918418134,1.0
0.35156254557602895,-1.0
0.35156254557602895,1.0
0.3589081564490967,-1.0
0.3589081564490967,1.0
0.36620605201136025,-1.0
0.36620605201136025,1.0
0.37345787009793013,-1.0
0.37345787009793013,1.0
0.38066515467777634,-1.0
0.38066515467777634,1.0
0.3878293634589419,-1.0
0.3878293634589419,1.0
0.3949518747074936,-1.0
0.3949518747074936,1.0
0.4020339933783916,-1.0
0.4020339933783916,1.0
0.4090769566420587,-1.0
0.4090769566420587,1.0
0.4160819388786144,-1.0
0.4160819388786144,1.0
0.4230500562018963,-1.0
0.4230500562018963,1.0
0.4299823705666256,-1.0
0.4299823705666256,1.0
0.4368798935053612,-1.0
0.4368798935053612,1.0
0.4437435895355455,-1.0
0.4437435895355455,1.0
0.45057437927187166,-1.0
0.45057437927187166,1.0
0.45737314227503917,-1.0
0.45737314227503917,1.0
0.46414071966375625,-1.0
0.46414071966375625,1.0
0.4708779165138863,-1.0
0.4708779165138863,1.0
0.47758550406588723,-1.0
0.47758550406588723,1.0
0.48426422175899486,-1.0
0.48426422175899486,1.0
0.49091477910872483,-1.0
0.49091477910872483,1.0
0.4975378574423174,-1.0
0.4975378574423174,1.0
0.5041341115051677,-1.0
0.5041341115051677,1.0
0.5107041709499123,-1.0
0.5107041709499123,1.0
0.5172486417185285,-1.0
0.5172486417185285,1.0
0.5237681073269032,-1.0
0.5237681073269032,1.0
0.5302631300601054,-1.0
0.5302631300601054,1.0
0.5367342520859085,-1.0
0.5367342520859085,1.0
0.5431819964935531,-1.0
0.5431819964935531,1.0
0.5496068682636573,-1.0
0.5496068682636573,1.0
0.5560093551748018,-1.0
0.5560093551748018,1.0
0.5623899286519412,-1.0
0.5623899286519412,1.0
0.5687490445611936,-1.0
0.5687490445611936,1.0
0.5750871439550287,-1.0
0.5750871439550287,1.0
0.581404653771671,-1.0
0.581404653771671,1.0
0.5877019874922168,-1.0
0.5877019874922168,1.0
0.5939795457583458,-1.0
0.5939795457583458,1.0
0.6002377169538318,-1.0
0.6002377169538318,1.0
0.6064768777521704,-1.0
0.6064768777521704,1.0
0.6126973936328333,-1.0
0.6126973936328333,1.0
0.618899619368428,-1.0
0.618899619368428,1.0
0.6250838994844742,-1.0
0.6250838994844742,1.0
0.6312505686940331,-1.0
0.6312505686940331,1.0
0.6373999523086389,-1.0
0.6373999523086389,1.0
0.6435323666271443,-1.0
0.6435323666271443,1.0
0.6496481193039517,-1.0
0.6496481193039517,1.0
0.6557475096979744,-1.0
0.6557475096979744,1.0
0.6618308292035265,-1.0
0.6618308292035265,1.0
0.6678983615642824,-1.0
0.6678983615642824,1.0
0.6739503831714683,-1.0
0.6739503831714683,1.0
0.6799871633470285,-1.0
0.6799871633470285,1.0
0.6860089646128429,-1.0
0.6860089646128429,1.0
0.6920160429469148,-1.0
0.6920160429469148,1.0
0.6980086480271268,-1.0
0.6980086480271268,1.0
0.7039870234633917,-1.0
0.7039870234633917,1.0
0.7099514070188527,-1.0
0.7099514070188527,1.0
0.7159020308206978,-1.0
0.7159020308206978,1.0
0.7218391215613542,-1.0
0.7218391215613542,1.0
0.7277629006904962,-1.0
0.7277629006904962,1.0
0.733673584598297,-1.0
0.733673584598297,1.0
0.7395713847905024,-1.0
0.7395713847905024,1.0
0.7454565080558466,-1.0
0.7454565080558466,1.0
0.7513291566261026,-1.0
0.7513291566261026,1.0
0.7571895283291693,-1.0
0.7571895283291693,1.0
0.7630378167356234,-1.0
0.7630378167356234,1.0
0.7688742112990742,-1.0
0.7688742112990742,1.0
0.7746988974905497,-1.0
0.7746988974905497,1.0
0.7805120569273485,-1.0
0.7805120569273485,1.0
0.7863138674966029,-1.0
0.7863138674966029,1.0
0.7921045034737493,-1.0
0.7921045034737493,1.0
0.797884135636232,-1.0
0.797884135636232,1.0
0.8036529313726649,-1.0
0.8036529313726649,1.0
0.8094110547876684,-1.0
0.8094110547876684,1.0
0.8151586668025499,-1.0
0.8151586668025499,1.0
0.8208959252521526,-1.0
0.8208959252521526,1.0
0.8266229849778721,-1.0
0.8266229849778721,1.0
0.8323399979171926,-1.0
0.8323399979171926,1.0
0.838047113189846,-1.0
0.838047113189846,1.0
0.8437444771806317,-1.0
0.8437444771806317,1.0
0.8494322336192802,-1.0
0.8494322336192802,1.0
0.8551105236573445,-1.0
0.8551105236573445,1.0
0.8607794859422394,-1.0
0.8607794859422394,1.0
0.8664392566886893,-1.0
0.8664392566886893,1.0
0.8720899697475532,-1.0
0.8720899697475532,1.0
0.8777317566721509,-1.0
0.8777317566721509,1.0
0.8833647467823798,-1.0
0.8833647467823798,1.0
0.8889890672265175,-1.0
0.8889890672265175,1.0
0.8946048430408926,-1.0
0.8946048430408926,1.0
0.9002121972075185,-1.0
0.9002121972075185,1.0
0.9058112507097407,-1.0
0.9058112507097407,1.0
0.9114021225860306,-1.0
0.9114021225860306,1.0
0.9169849299819881,-1.0
0.9169849299819881,1.0
0.9225597882006302,-1.0
0.9225597882006302,1.0
0.9281268107509805,-1.0
0.9281268107509805,1.0
0.9336861093950548,-1.0
0.9336861093950548,1.0
0.9392377941934278,-1.0
0.9392377941934278,1.0
0.9447819735492501,-1.0
0.9447819735492501,1.0
0.9503187542508839,-1.0
0.9503187542508839,1.0
0.9558482415132723,-1.0
0.9558482415132723,1.0
0.9613705390178321,-1.0
0.9613705390178321,1.0
0.9668857489512948,-1.0
0.9668857489512948,1.0
0.972393972043295,-1.0
0.972393972043295,1.0
0.9778953076027428,-1.0
0.9778953076027428,1.0
0.9833898535531878,-1.0
0.9833898535531878,1.0
0.9888777064670651,-1.0
0.9888777064670651,1.0
0.9943589615989578,-1.0
0.9943589615989578,1.0
0.9998337129178755,-1.0
0.9998337129178755,1.0
1.0053020531385033,-1.0
1.0053020531385033,1.0
1.0107640737516586,-1.0
1.0107640737516586,1.0
1.0162198650538543,-1.0
1.0162198650538543,1.0
1.0216695161759268,-1.0
1.0216695161759268,1.0
1.0271131151109414,-1.0
1.0271131151109414,1.0
1.0325507487412777,-1.0
1.0325507487412777,1.0
1.0379825028649594,-1.0
1.0379825028649594,1.0
1.043408462221274,-1.0
1.043408462221274,1.0
1.048828710515688,-1.0
1.048828710515688,1.0
1.0542433304440733,-1.0
1.0542433304440733,1.0
1.0596524037162838,-1.0
1.0596524037162838,1.0
1.0650560110790757,-1.0
1.0650560110790757,1.0
1.070454232338452,-1.0
1.070454232338452,1.0
1.0758471463814792,-1.0
1.0758471463814792,1.0
1.0812348311973854,-1.0
1.0812348311973854,1.0
1.0866173638982135,-1.0
1.0866173638982135,1.0
1.0919948207389691,-1.0
1.0919948207389691,1.0
1.0973672771371994,-1.0
1.0973672771371994,1.0
1.1027348076920782,-1.0
1.1027348076920782,1.0
1.108097486203042,-1.0
1.108097486203042,1.0
1.11345538568796,-1.0
1.11345538568796,1.0
1.1188085784008406,-1.0
1.1188085784008406,1.0
1.1241571358491433,-1.0
1.1241571358491433,1.0
1.1295011288106498,-1.0
1.1295011288106498,1.0
1.1348406273499105,-1.0
1.1348406273499105,1.0
1.1401757008343112,-1.0
1.1401757008343112,1.0
1.1455064179498091,-1.0
1.1455064179498091,1.0
1.1508328467162716,-1.0
1.1508328467162716,1.0
1.1561550545024433,-1.0
1.1561550545024433,1.0
1.1614731080405891,-1.0
1.1614731080405891,1.0
1.1667870734408365,-1.0
1.1667870734408365,1.0
1.1720970162051312,-1.0
1.1720970162051312,1.0
1.1774030012409207,-1.0
1.1774030012409207,1.0
1.1827050928745406,-1.0
1.1827050928745406,1.0
1.1880033548643374,-1.0
1.1880033548643374,1.0
1.1932978504134708,-1.0
1.1932978504134708,1.0
1.1985886421824203,-1.0
1.1985886421824203,1.0
1.2038757923012913,-1.0
1.2038757923012913,1.0
1.2091593623818069,-1.0
1.2091593623818069,1.0
1.2144394135290781,-1.0
1.2144394135290781,1.0
1.219716006353185,-1.0
1.219716006353185,1.0
1.224989200980443,-1.0
1.224989200980443,1.0
1.2302590570644372,-1.0
1.2302590570644372,1.0
1.2355256337969598,-1.0
1.2355256337969598,1.0
1.2407889899185984,-1.0
1.2407889899185984,1.0
1.2460491837291936,-1.0
1.2460491837291936,1.0
1.251306273098078,-1.0
1.251306273098078,1.0
1.256560315474113,-1.0
1.256560315474113,1.0
1.2618113678955827,-1.0
1.2618113678955827,1.0
1.2670594869998488,-1.0
1.2670594869998488,1.0
1.2723047290328662,-1.0
1.2723047290328662,1.0
1.2775471498585014,-1.0
1.2775471498585014,1.0
1.2827868049677493,-1.0
1.2827868049677493,1.0
1.2880237494877202,-1.0
1.2880237494877202,1.0
1.2932580381904797,-1.0
1.2932580381904797,1.0
1.2984897255017978,-1.0
1.2984897255017978,1.0
1.3037188655096978,-1.0
1.3037188655096978,1.0
1.3089455119728917,-1.0
1.3089455119728917,1.0
1.3141697183290575,-1.0
1.3141697183290575,1.0
1.3193915377029797,-1.0
1.3193915377029797,1.0
1.3246110229145944,-1.0
1.3246110229145944,1.0
1.3298282264869214,-1.0
1.3298282264869214,1.0
1.335043200653833,-1.0
1.335043200653833,1.0
1.3402559973677124,-1.0
1.3402559973677124,1.0
1.3454666683070349,-1.0
1.3454666683070349,1.0
1.3506752648838263,-1.0
1.3506752648838263,1.0
1.355881838250962,-1.0
1.355881838250962,1.0
1.3610864393094528,-1.0
1.3610864393094528,1.0
1.366289118715622,-1.0
1.366289118715622,1.0
1.3714899268881038,-1.0
1.3714899268881038,1.0
1.3766889140148229,-1.0
1.3766889140148229,1.0
1.3818861300598653,-1.0
1.3818861300598653,1.0
1.387081624770271,-1.0
1.387081624770271,1.0
1.3922754476827661,-1.0
1.3922754476827661,1.0
1.3974676481303712,-1.0
1.3974676481303712,1.0
1.4026582752489385,-1.0
1.4026582752489385,1.0
1.4078473779836527,-1.0
1.4078473779836527,1.0
1.4130350050954121,-1.0
1.4130350050954121,1.0
1.4182212051671892,-1.0
1.4182212051671892,1.0
1.4234060266102895,-1.0
1.4234060266102895,1.0
1.4285895176705656,-1.0
1.4285895176705656,1.0
1.4337717264345826,-1.0
1.4337717264345826,1.0
1.438952700835699,-1.0
1.438952700835699,1.0
1.4441324886601081,-1.0
1.4441324886601081,1.0
1.4493111375527832,-1.0
1.4493111375527832,1.0
1.4544886950234215,-1.0
1.4544886950234215,1.0
1.45966520845238,-1.0
1.45966520845238,1.0
1.4648407250964535,-1.0
1.4648407250964535,1.0
1.4700152920946852,-1.0
1.4700152920946852,1.0
1.4751889564741603,-1.0
1.4751889564741603,1.0
1.4803617651556367,-1.0
1.4803617651556367,1.0
1.4855337649592215,-1.0
1.4855337649592215,1.0
1.4907050026100952,-1.0
1.4907050026100952,1.0
1.4958755247440656,-1.0
1.4958755247440656,1.0
1.5010453779131048,-1.0
1.5010453779131048,1.0
1.5062146085909323,-1.0
1.5062146085909323,1.0
1.511383263178531,-1.0
1.511383263178531,1.0
1.5165513880096209,-1.0
1.5165513880096209,1.0
1.52171902935613,-1.0
1.52171902935613,1.0
1.5268862334336435,-1.0
1.5268862334336435,1.0
1.5320530464068123,-1.0
1.5320530464068123,1.0
1.537219514394813,-1.0
1.537219514394813,1.0
1.5423856834766858,-1.0
1.5423856834766858,1.0
1.5475515996966838,-1.0
1.5475515996966838,1.0
1.552717309069716,-1.0
1.552717309069716,1.0
1.5578828575866857,-1.0
1.5578828575866857,1.0
1.563048291219804,-1.0
1.563048291219804,1.0
1.5682136559279556,-1.0
1.5682136559279556,1.0
1.5733789976620056,-1.0
1.5733789976620056,1.0
1.578544362370143,-1.0
1.578544362370143,1.0
1.5837097960032578,-1.0
1.5837097960032578,1.0
1.5888753445202437,-1.0
1.5888753445202437,1.0
1.594041053893292,-1.0
1.594041053893292,1.0
1.5992069701132798,-1.0
1.5992069701132798,1.0
1.604373139195128,-1.0
1.604373139195128,1.0
1.6095396071831194,-1.0
1.6095396071831194,1.0
1.6147064201562877,-1.0
1.6147064201562877,1.0
1.619873624233783,-1.0
1.619873624233783,1.0
1.625041265580279,-1.0
1.625041265580279,1.0
1.6302093904113655,-1.0
1.6302093904113655,1.0
1.6353780449989637,-1.0
1.6353780449989637,1.0
1.6405472756767774,-1.0
1.6405472756767774,1.0
1.645717128845795,-1.0
1.645717128845795,1.0
1.6508876509797559,-1.0
1.6508876509797559,1.0
1.6560588886306298,-1.0
1.6560588886306298,1.0
1.661230888434214,-1.0
1.661230888434214,1.0
1.66640369711568,-1.0
1.66640369711568,1.0
1.6715773614951484,-1.0
1.6715773614951484,1.0
1.6767519284933805,-1.0
1.6767519284933805,1.0
1.6819274451374588,-1.0
1.6819274451374588,1.0
1.6871039585664287,-1.0
1.6871039585664287,1.0
1.6922815160370643,-1.0
1.6922815160370643,1.0
1.697460164929713,-1.0
1.697460164929713,1.0
1.7026399527541227,-1.0
1.7026399527541227,1.0
1.707820927155269,-1.0
1.707820927155269,1.0
1.7130031359193065,-1.0
1.7130031359193065,1.0
1.7181866269796005,-1.0
1.7181866269796005,1.0
1.7233714484227047,-1.0
1.7233714484227047,1.0
1.7285576484944682,-1.0
1.7285576484944682,1.0
1.7337452756062182,-1.0
1.7337452756062182,1.0
1.7389343783409341,-1.0
1.7389343783409341,1.0
1.744125005459504,-1.0
1.744125005459504,1.0
1.7493172059071145,-1.0
1.7493172059071145,1.0
1.7545110288196273,-1.0
1.7545110288196273,1.0
1.7597065235300438,-1.0
1.7597065235300438,1.0
1.7649037395750735,-1.0
1.7649037395750735,1.0
1.770102726701782,-1.0
1.770102726701782,1.0
1.7753035348742694,-1.0
1.7753035348742694,1.0
1.7805062142804453,-1.0
1.7805062142804453,1.0
1.78571081533896,-1.0
1.78571081533896,1.0
1.7909173887061078,-1.0
1.7909173887061078,1.0
1.7961259852828892,-1.0
1.7961259852828892,1.0
1.8013366562222184,-1.0
1.8013366562222184,1.0
1.8065494529361135,-1.0
1.8065494529361135,1.0
1.811764427103028,-1.0
1.811764427103028,1.0
1.8169816306753626,-1.0
1.8169816306753626,1.0
1.8222011158869764,-1.0
1.8222011158869764,1.0
1.8274229352608926,-1.0
1.8274229352608926,1.0
1.8326471416170582,-1.0
1.8326471416170582,1.0
1.8378737880802565,-1.0
1.8378737880802565,1.0
1.8431029280881783,-1.0
1.8431029280881783,1.0
1.8483346153995122,-1.0
1.8483346153995122,1.0
1.853568904102282,-1.0
1.853568904102282,1.0
1.8588058486222458,-1.0
1.8588058486222458,1.0
1.8640455037314718,-1.0
1.8640455037314718,1.0
1.8692879245570815,-1.0
1.8692879245570815,1.0
1.8745331665900815,-1.0
1.8745331665900815,1.0
1.879781285694349,-1.0
1.879781285694349,1.0
1.8850323381158216,-1.0
1.8850323381158216,1.0
1.890286380491854,-1.0
1.890286380491854,1.0
1.8955434698607287,-1.0
1.8955434698607287,1.0
1.9008036636713175,-1.0
1.9008036636713175,1.0
1.9060670197929426,-1.0
1.9060670197929426,1.0
1.9113335965254596,-1.0
1.9113335965254596,1.0
1.9166034526094413,-1.0
1.9166034526094413,1.0
1.9218766472366693,-1.0
1.9218766472366693,1.0
1.9271532400607743,-1.0
1.9271532400607743,1.0
1.93243329120805,-1.0
1.93243329120805,1.0
1.9377168612885625,-1.0
1.9377168612885625,1.0
1.9430040114074292,-1.0
1.9430040114074292,1.0
1.948294803176387,-1.0
1.948294803176387,1.0
1.9535892987255292,-1.0
1.9535892987255292,1.0
1.9588875607153258,-1.0
1.9588875607153258,1.0
1.9641896523489315,-1.0
1.9641896523489315,1.0
1.9694956373846924,-1.0
1.9694956373846924,1.0
1.974805580148958,-1.0
1.974805580148958,1.0
1.9801195455491878,-1.0
1.9801195455491878,1.0
1.9854375990873354,-1.0
1.9854375990873354,1.0
1.9907598068735142,-1.0
1.9907598068735142,1.0
1.9960862356399787,-1.0
1.9960862356399787,1.0
2.0014169527554655,-1.0
2.0014169527554655,1.0
2.006752026239847,-1.0
2.006752026239847,1.0
2.012091524779086,-1.0
2.012091524779086,1.0
2.017435517740595,-1.0
2.017435517740595,1.0
2.022784075188921,-1.0
2.022784075188921,1.0
2.028137267901811,-1.0
2.028137267901811,1.0
2.0334951673867363,-1.0
2.0334951673867363,1.0
2.0388578458976987,-1.0
2.0388578458976987,1.0
2.044225376452563,-1.0
2.044225376452563,1.0
2.049597832850786,-1.0
2.049597832850786,1.0
2.054975289691547,-1.0
2.054975289691547,1.0
2.060357822392389,-1.0
2.060357822392389,1.0
2.065745507208286,-1.0
2.065745507208286,1.0
2.071138421251308,-1.0
2.071138421251308,1.0
2.0765366425106984,-1.0
2.0765366425106984,1.0
2.0819402498734805,-1.0
2.0819402498734805,1.0
2.0873493231456677,-1.0
2.0873493231456677,1.0
2.0927639430740546,-1.0
2.0927639430740546,1.0
2.098184191368473,-1.0
2.098184191368473,1.0
2.1036101507247653,-1.0
2.1036101507247653,1.0
2.1090419048484286,-1.0
2.1090419048484286,1.0
2.1144795384787414,-1.0
2.1144795384787414,1.0
2.1199231374137333,-1.0
2.1199231374137333,1.0
2.125372788535802,-1.0
2.125372788535802,1.0
2.1308285798380027,-1.0
2.1308285798380027,1.0
2.136290600451183,-1.0
2.136290600451183,1.0
2.1417589406718185,-1.0
2.1417589406718185,1.0
2.1472336919907433,-1.0
2.1472336919907433,1.0
2.1527149471226705,-1.0
2.1527149471226705,1.0
2.158202800036569,-1.0
2.158202800036569,1.0
2.1636973459870115,-1.0
2.1636973459870115,1.0
2.169198681546443,-1.0
2.169198681546443,1.0
2.1747069046384246,-1.0
2.1747069046384246,1.0
2.1802221145718876,-1.0
2.1802221145718876,1.0
2.185744412076447,-1.0
2.185744412076447,1.0
2.191273899338838,-1.0
2.191273899338838,1.0
2.1968106800405103,-1.0
2.1968106800405103,1.0
2.202354859396344,-1.0
2.202354859396344,1.0
2.207906544194721,-1.0
2.207906544194721,1.0
2.2134658428387994,-1.0
2.2134658428387994,1.0
2.219032865389154,-1.0
2.219032865389154,1.0
2.224607723607834,-1.0
2.224607723607834,1.0
2.2301905310038097,-1.0
2.2301905310038097,1.0
2.2357814028800935,-1.0
2.2357814028800935,1.0
2.241380456382301,-1.0
2.241380456382301,1.0
2.246987810548913,-1.0
2.246987810548913,1.0
2.2526035863632905,-1.0
2.2526035863632905,1.0
2.258227906807418,-1.0
2.258227906807418,1.0
2.263860896917638,-1.0
2.263860896917638,1.0
2.2695026838422208,-1.0
2.2695026838422208,1.0
2.2751533969010738,-1.0
2.2751533969010738,1.0
2.280813167647534,-1.0
2.280813167647534,1.0
2.2864821299324194,-1.0
2.2864821299324194,1.0
2.2921604199704513,-1.0
2.2921604199704513,1.0
2.2978481764090666,-1.0
2.2978481764090666,1.0
2.3035455403998233,-1.0
2.3035455403998233,1.0
2.3092526556724633,-1.0
2.3092526556724633,1.0
2.3149696686117864,-1.0
2.3149696686117864,1.0
2.320696728337508,-1.0
2.320696728337508,1.0
2.3264339867871175,-1.0
2.3264339867871175,1.0
2.3321815988020065,-1.0
2.3321815988020065,1.0
2.337939722217019,-1.0
2.337939722217019,1.0
2.3437085179534694,-1.0
2.3437085179534694,1.0
2.3494881501159535,-1.0
2.3494881501159535,1.0
2.355278786093078,-1.0
2.355278786093078,1.0
2.361080596662311,-1.0
2.361080596662311,1.0
2.3668937560991155,-1.0
2.3668937560991155,1.0
2.372718442290606,-1.0
2.372718442290606,1.0
2.378554836854066,-1.0
2.378554836854066,1.0
2.384403125260517,-1.0
2.384403125260517,1.0
2.3902634969635708,-1.0
2.3902634969635708,1.0
2.3961361455338213,-1.0
2.3961361455338213,1.0
2.402021268799164,-1.0
2.402021268799164,1.0
2.407919068991372,-1.0
2.407919068991372,1.0
2.4138297528991592,-1.0
2.4138297528991592,1.0
2.4197535320282917,-1.0
2.4197535320282917,1.0
2.4256906227689456,-1.0
2.4256906227689456,1.0
2.4316412465707833,-1.0
2.4316412465707833,1.0
2.4376056301262445,-1.0
2.4376056301262445,1.0
2.4435840055625127,-1.0
2.4435840055625127,1.0
2.4495766106427186,-1.0
2.4495766106427186,1.0
2.4555836889767666,-1.0
2.4555836889767666,1.0
2.461605490242551,-1.0
2.461605490242551,1.0
2.4676422704180823,-1.0
2.4676422704180823,1.0
2.473694292025255,-1.0
2.473694292025255,1.0
2.479761824386023,-1.0
2.479761824386023,1.0
2.4858451438915736,-1.0
2.4858451438915736,1.0
2.491944534285607,-1.0
2.491944534285607,1.0
2.4980602869624287,-1.0
2.4980602869624287,1.0
2.5041927012809357,-1.0
2.5041927012809357,1.0
2.5103420848955444,-1.0
2.5103420848955444,1.0
2.5165087541051157,-1.0
2.5165087541051157,1.0
2.522693034221167,-1.0
2.522693034221167,1.0
2.528895259956747,-1.0
2.528895259956747,1.0
2.5351157758374283,-1.0
2.5351157758374283,1.0
2.541354936635779,-1.0
2.541354936635779,1.0
2.5476131078312623,-1.0
2.5476131078312623,1.0
2.5538906660973826,-1.0
2.5538906660973826,1.0
2.560187999817929,-1.0
2.560187999817929,1.0
2.5665055096346046,-1.0
2.5665055096346046,1.0
2.5728436090284537,-1.0
2.5728436090284537,1.0
2.57920272493772,-1.0
2.57920272493772,1.0
2.5855832984148686,-1.0
2.5855832984148686,1.0
2.591985785326031,-1.0
2.591985785326031,1.0
2.598410657096175,-1.0
2.598410657096175,1.0
2.6048584015038507,-1.0
2.6048584015038507,1.0
2.6113295235296623,-1.0
2.6113295235296623,1.0
2.617824546262838,-1.0
2.617824546262838,1.0
2.6243440118712065,-1.0
2.6243440118712065,1.0
2.6308884826398384,-1.0
2.6308884826398384,1.0
2.6374585420845813,-1.0
2.6374585420845813,1.0
2.644054796147436,-1.0
2.644054796147436,1.0
2.6506778744810324,-1.0
2.6506778744810324,1.0
2.657328431830765,-1.0
2.657328431830765,1.0
2.664007149523875,-1.0
2.664007149523875,1.0
2.670714737075877,-1.0
2.670714737075877,1.0
2.6774519339260126,-1.0
2.6774519339260126,1.0
2.684219511314734,-1.0
2.684219511314734,1.0
2.6910182743179174,-1.0
2.6910182743179174,1.0
2.6978490640542603,-1.0
2.6978490640542603,1.0
2.7047127600844423,-1.0
2.7047127600844423,1.0
2.7116102830231767,-1.0
2.7116102830231767,1.0
2.7185425973879127,-1.0
2.7185425973879127,1.0
2.7255107147112008,-1.0
2.7255107147112008,1.0
2.7325156969477513,-1.0
2.7325156969477513,1.0
2.7395586602114053,-1.0
2.7395586602114053,1.0
2.746640778882302,-1.0
2.746640778882302,1.0
2.7537632901308418,-1.0
2.7537632901308418,1.0
2.760927498912004,-1.0
2.760927498912004,1.0
2.768134783491855,-1.0
2.768134783491855,1.0
2.7753866015784108,-1.0
2.7753866015784108,1.0
2.7826844971406643,-1.0
2.7826844971406643,1.0
2.7900301080137266,-1.0
2.7900301080137266,1.0
2.797425174405579,-1.0
2.797425174405579,1.0
2.8048715484412248,-1.0
2.8048715484412248,1.0
2.812371204905409,-1.0
2.812371204905409,1.0
2.819926253375747,-1.0
2.819926253375747,1.0
2.827538951975702,-1.0
2.827538951975702,1.0
2.835211723023833,-1.0
2.835211723023833,1.0
2.842947170913206,-1.0
2.842947170913206,1.0
2.8507481026277848,-1.0
2.8507481026277848,1.0
2.8586175513942127,-1.0
2.8586175513942127,1.0
2.8665588040835397,-1.0
2.8665588040835397,1.0
2.874575433126498,-1.0
2.874575433126498,1.0
2.8826713338989247,-1.0
2.8826713338989247,1.0
2.8908507687853913,-1.0
2.8908507687853913,1.0
2.8991184194605886,-1.0
2.8991184194605886,1.0
2.9074794493704523,-1.0
2.9074794493704523,1.0
2.91593957899149,-1.0
2.91593957899149,1.0
2.924505177262377,-1.0
2.924505177262377,1.0
2.933183373712618,-1.0
2.933183373712618,1.0
2.941982197405377,-1.0
2.941982197405377,1.0
2.9509107510929256,-1.0
2.9509107510929256,1.0
2.9599794323142734,-1.0
2.9599794323142734,1.0
2.969200218132193,-1.0
2.969200218132193,1.0
2.978587037793143,-1.0
2.978587037793143,1.0
2.988156269493019,-1.0
2.988156269493019,1.0
2.9979274166725705,-1.0
2.9979274166725705,1.0
3.0079240514862233,-1.0
3.0079240514862233,1.0
3.0181751692764185,-1.0
3.0181751692764185,1.0
3.02871720067063,-1.0
3.02871720067063,1.0
3.039597126999272,-1.0
3.039597126999272,1.0
3.0508775581351153,-1.0
3.0508775581351153,1.0
3.062645574789775,-1.0
3.062645574789775,1.0
3.075029381478657,-1.0
3.075029381478657,1.0
3.0882352427000113,-1.0
3.0882352427000113,1.0
3.102634880335465,-1.0
3.102634880335465,1.0
3.1191025304590747,-1.0
3.1191025304590747,1.0
3.141592653589793,-1.0
3.141592653589793,1.0
