dx_1
-3.141592653589793,-1.0
-3.141592653589793,1.0
-3.1357062413457086,-1.0
-3.1357062413457086,1.0
-3.1239186649140493,-1.0
-3.1239186649140493,1.0
-3.1121162436484093,-1.0
-3.1121162436484093,1.0
-3.100298883600134,-1.0
-3.100298883600134,1.0
-3.0884664897450143,-1.0
-3.0884664897450143,1.0
-3.076618965965481,-1.0
-3.076618965965481,1.0
-3.0647562150317635,-1.0
-3.0647562150317635,1.0
-3.0528781385835724,-1.0
-3.0528781385835724,1.0
-3.0409846371112135,-1.0
-3.0409846371112135,1.0
-3.029075609936126,-1.0
-3.029075609936126,1.0
-3.0171509551902136,-1.0
-3.0171509551902136,1.0
-3.0052105697962475,-1.0
-3.0052105697962475,1.0
-2.9932543494468535,-1.0
-2.9932543494468535,1.0
-2.981282188582614,-1.0
-2.981282188582614,1.0
-2.969293980370827,-1.0
-2.969293980370827,1.0
-2.957289616683243,-1.0
-2.957289616683243,1.0
-2.9452689880730882,-1.0
-2.9452689880730882,1.0
-2.933231983751459,-1.0
-2.933231983751459,1.0
-2.921178491563837,-1.0
-2.921178491563837,1.0
-2.9091083979652024,-1.0
-2.9091083979652024,1.0
-2.897021587995734,-1.0
-2.897021587995734,1.0
-2.884917945254225,-1.0
-2.884917945254225,1.0
-2.8727973518725958,-1.0
-2.8727973518725958,1.0
-2.860659688488448,-1.0
-2.860659688488448,1.0
-2.8485048342183132,-1.0
-2.8485048342183132,1.0
-2.8363326666290853,-1.0
-2.8363326666290853,1.0
-2.8241430617085013,-1.0
-2.8241430617085013,1.0
-2.811935893836799,-1.0
-2.811935893836799,1.0
-2.7997110357552315,-1.0
-2.7997110357552315,1.0
-2.787468358536282,-1.0
-2.787468358536282,1.0
-2.775207731550779,-1.0
-2.775207731550779,1.0
-2.7629290224355,-1.0
-2.7629290224355,1.0
-2.750632097060169,-1.0
-2.750632097060169,1.0
-2.7383168194930274,-1.0
-2.7383168194930274,1.0
-2.7259830519652417,-1.0
-2.7259830519652417,1.0
-2.713630654835176,-1.0
-2.713630654835176,1.0
-2.701259486551332,-1.0
-2.701259486551332,1.0
-2.688869403614598,-1.0
-2.688869403614598,1.0
-2.6764602605388026,-1.0
-2.6764602605388026,1.0
-2.664031909811168,-1.0
-2.664031909811168,1.0
-2.651584201851324,-1.0
-2.651584201851324,1.0
-2.639116984968775,-1.0
-2.639116984968775,1.0
-2.6266301053197907,-1.0
-2.6266301053197907,1.0
-2.61412340686327,-1.0
-2.61412340686327,1.0
-2.6015967313147645,-1.0
-2.6015967313147645,1.0
-2.589049918099811,-1.0
-2.589049918099811,1.0
-2.57648280430541,-1.0
-2.57648280430541,1.0
-2.5638952246310867,-1.0
-2.5638952246310867,1.0
-2.5512870113373367,-1.0
-2.5512870113373367,1.0
-2.538657994194088,-1.0
-2.538657994194088,1.0
-2.5260080004263537,-1.0
-2.5260080004263537,1.0
-2.513336854658896,-1.0
-2.513336854658896,1.0
-2.500644378859771,-1.0
-2.500644378859771,1.0
-2.4879303922812617,-1.0
-2.4879303922812617,1.0
-2.475194711400132,-1.0
-2.475194711400132,1.0
-2.4624371498551443,-1.0
-2.4624371498551443,1.0
-2.4496575183838143,-1.0
-2.4496575183838143,1.0
-2.4368556247559074,-1.0
-2.4368556247559074,1.0
-2.424031273706561,-1.0
-2.424031273706561,1.0
-2.4111842668662407,-1.0
-2.4111842668662407,1.0
-2.39831440268895,-1.0
-2.39831440268895,1.0
-2.3854214763781676,-1.0
-2.3854214763781676,1.0
-2.37250527981067,-1.0
-2.37250527981067,1.0
-2.359565601457846,-1.0
-2.359565601457846,1.0
-2.3466022263046304,-1.0
-2.3466022263046304,1.0
-2.33361493576597,-1.0
-2.33361493576597,1.0
-2.3206035076005613,-1.0
-2.3206035076005613,1.0
-2.3075677158217403,-1.0
-2.3075677158217403,1.0
-2.2945073306055743,-1.0
-2.2945073306055743,1.0
-2.281422118196303,-1.0
-2.281422118196303,1.0
-2.2683118408082144,-1.0
-2.2683118408082144,1.0
-2.255176256524567,-1.0
-2.255176256524567,1.0
-2.2420151191931628,-1.0
-2.2420151191931628,1.0
-2.2288281783182042,-1.0
-2.2288281783182042,1.0
-2.215615178948896,-1.0
-2.215615178948896,1.0
-2.2023758615641813,-1.0
-2.2023758615641813,1.0
-2.189109961953222,-1.0
-2.189109961953222,1.0
-2.175817211092027,-1.0
-2.175817211092027,1.0
-2.16249733501583,-1.0
-2.16249733501583,1.0
-2.1491500546870754,-1.0
-2.1491500546870754,1.0
-2.1357750858583975,-1.0
-2.1357750858583975,1.0
-2.1223721389309915,-1.0
-2.1223721389309915,1.0
-2.1089409188078347,-1.0
-2.1089409188078347,1.0
-2.0954811247417555,-1.0
-2.0954811247417555,1.0
-2.0819924501778724,-1.0
-2.0819924501778724,1.0
-2.0684745825898623,-1.0
-2.0684745825898623,1.0
-2.0549272033106765,-1.0
-2.0549272033106765,1.0
-2.0413499873569894,-1.0
-2.0413499873569894,1.0
-2.0277426032460997,-1.0
-2.0277426032460997,1.0
-2.014104712807293,-1.0
-2.014104712807293,1.0
-2.0004359709844772,-1.0
-2.0004359709844772,1.0
-1.9867360256321425,-1.0
-1.9867360256321425,1.0
-1.9730045173031963,-1.0
-1.9730045173031963,1.0
-1.959241079027806,-1.0
-1.959241079027806,1.0
-1.9454453360843118,-1.0
-1.9454453360843118,1.0
-1.9316169057600514,-1.0
-1.9316169057600514,1.0
-1.917755397103129,-1.0
-1.917755397103129,1.0
-1.9038604106638144,-1.0
-1.9038604106638144,1.0
-1.8899315382246722,-1.0
-1.8899315382246722,1.0
-1.8759683625202324,-1.0
-1.8759683625202324,1.0
-1.8619704569444564,-1.0
-1.8619704569444564,1.0
-1.8479373852453982,-1.0
-1.8479373852453982,1.0
-1.8338687012071293,-1.0
-1.8338687012071293,1.0
-1.8197639483178265,-1.0
-1.8197639483178265,1.0
-1.8056226594226166,-1.0
-1.8056226594226166,1.0
-1.7914443563617806,-1.0
-1.7914443563617806,1.0
-1.7772285495923172,-1.0
-1.7772285495923172,1.0
-1.7629747377920306,-1.0
-1.7629747377920306,1.0
-1.7486824074460048,-1.0
-1.7486824074460048,1.0
-1.734351032413402,-1.0
-1.734351032413402,1.0
-1.7199800734742778,-1.0
-1.7199800734742778,1.0
-1.705568977854407,-1.0
-1.705568977854407,1.0
-1.691117178727901,-1.0
-1.691117178727901,1.0
-1.6766240946952644,-1.0
-1.6766240946952644,1.0
-1.662089129235655,-1.0
-1.662089129235655,1.0
-1.6475116701325623,-1.0
-1.6475116701325623,1.0
-1.6328910888698154,-1.0
-1.6328910888698154,1.0
-1.6182267399975523,-1.0
-1.6182267399975523,1.0
-1.6035179604650893,-1.0
-1.6035179604650893,1.0
-1.5887640689190883,-1.0
-1.5887640689190883,1.0
-1.573964364964843,-1.0
-1.573964364964843,1.0
-1.5591181283877729,-1.0
-1.5591181283877729,1.0
-1.5442246183332649,-1.0
-1.5442246183332649,1.0
-1.5292830724408961,-1.0
-1.5292830724408961,1.0
-1.514292705931135,-1.0
-1.514292705931135,1.0
-1.499252710640273,-1.0
-1.499252710640273,1.0
-1.484162254000618,-1.0
-1.484162254000618,1.0
-1.469020477961433,-1.0
-1.469020477961433,1.0
-1.453826497846697,-1.0
-1.453826497846697,1.0
-1.4385794011451576,-1.0
-1.4385794011451576,1.0
-1.423278246227211,-1.0
-1.423278246227211,1.0
-1.4079220609835235,-1.0
-1.4079220609835235,1.0
-1.3925098413791448,-1.0
-1.3925098413791448,1.0
-1.3770405499164002,-1.0
-1.3770405499164002,1.0
-1.3615131139999854,-1.0
-1.3615131139999854,1.0
-1.3459264241955227,-1.0
-1.3459264241955227,1.0
-1.3302793323736926,-1.0
-1.3302793323736926,1.0
-1.3145706497300507,-1.0
-1.3145706497300507,1.0
-1.2987991446702354,-1.0
-1.2987991446702354,1.0
-1.2829635405491289,-1.0
-1.2829635405491289,1.0
-1.2670625132510236,-1.0
-1.2670625132510236,1.0
-1.2510946885971128,-1.0
-1.2510946885971128,1.0
-1.2350586395647827,-1.0
-1.2350586395647827,1.0
-1.218952883301061,-1.0
-1.218952883301061,1.0
-1.202775877911766,-1.0
-1.202775877911766,1.0
-1.1865260190046136,-1.0
-1.1865260190046136,1.0
-1.1702016359629535,-1.0
-1.1702016359629535,1.0
-1.1538009879233768,-1.0
-1.1538009879233768,1.0
-1.1373222594278174,-1.0
-1.1373222594278174,1.0
-1.1207635557169842,-1.0
-1.1207635557169842,1.0
-1.1041228976275292,-1.0
-1.1041228976275292,1.0
-1.0873982160514477,-1.0
-1.0873982160514477,1.0
-1.0705873459097077,-1.0
-1.0705873459097077,1.0
-1.0536880195871017,-1.0
-1.0536880195871017,1.0
-1.0366978597668044,-1.0
-1.0366978597668044,1.0
-1.0196143715960657,-1.0
-1.0196143715960657,1.0
-1.0024349341034913,-1.0
-1.0024349341034913,1.0
-0.9851567907780598,-1.0
-0.9851567907780598,1.0
-0.9677770392061955,-1.0
-0.9677770392061955,1.0
-0.9502926196476528,-1.0
-0.9502926196476528,1.0
-0.9327003024127515,-1.0
-0.9327003024127515,1.0
-0.9149966738817439,-1.0
-0.9149966738817439,1.0
-0.89717812098095,-1.0
-0.89717812098095,1.0
-0.8792408138999381,-1.0
-0.8792408138999381,1.0
-0.8611806867963879,-1.0
-0.8611806867963879,1.0
-0.8429934161914949,-1.0
-0.8429934161914949,1.0
-0.8246743967040916,-1.0
-0.8246743967040916,1.0
-0.8062187137068335,-1.0
-0.8062187137068335,1.0
-0.7876211124069561,-1.0
-0.7876211124069561,1.0
-0.7688759627559706,-1.0
-0.7688759627559706,1.0
-0.7499772194702132,-1.0
-0.7499772194702132,1.0
-0.730918376292301,-1.0
-0.730918376292301,1.0
-0.711692413432578,-1.0
-0.711692413432578,1.0
-0.6922917368885421,-1.0
-0.6922917368885421,1.0
-0.6727081080332731,-1.0
-0.6727081080332731,1.0
-0.6529325614692917,-1.0
-0.6529325614692917,1.0
-0.6329553086332805,-1.0
-0.6329553086332805,1.0
-0.6127656239680925,-1.0
-0.6127656239680925,1.0
-0.5923517095939903,-1.0
-0.5923517095939903,1.0
-0.5717005332283819,-1.0
-0.5717005332283819,1.0
-0.5507976325017916,-1.0
-0.5507976325017916,1.0
-0.5296268766209152,-1.0
-0.5296268766209152,1.0
-0.5081701732712984,-1.0
-0.5081701732712984,1.0
-0.48640710432574275,-1.0
-0.48640710432574275,1.0
-0.46431446769606644,-1.0
-0.46431446769606644,1.0
-0.441865693521072,-1.0
-0.441865693521072,1.0
-0.4190300891619221,-1.0
-0.4190300891619221,1.0
-0.39577184637563156,-1.0
-0.39577184637563156,1.0
-0.37204871068030526,-1.0
-0.37204871068030526,1.0
-0.34781015849965813,-1.0
-0.34781015849965813,1.0
-0.322994835582552,-1.0
-0.322994835582552,1.0
-0.2975268476202095,-1.0
-0.2975268476202095,1.0
-0.27131019224434827,-1.0
-0.27131019224434827,1.0
-0.2442200268031602,-1.0
-0.2442200268031602,1.0
-0.2160882039753159,-1.0
-0.2160882039753159,1.0
-0.18667756661587365,-1.0
-0.18667756661587365,1.0
-0.1556317552877388,-1.0
-0.1556317552877388,1.0
-0.1223631971039501,-1.0
-0.1223631971039501,1.0
-0.08574549791908022,-1.0
-0.08574549791908022,1.0
-0.04287274895953929,-1.0
-0.04287274895953929,1.0
0.0,-1.0
0.0,1.0
0.055347888947149634,-1.0
0.055347888947149634,1.0
0.09586531888541688,-1.0
0.09586531888541688,1.0
0.1313007198557185,-1.0
0.1313007198557185,1.0
0.1637912337886646,-1.0
0.1637912337886646,1.0
0.194258864382789,-1.0
0.194258864382789,1.0
0.22320902268477397,-1.0
0.22320902268477397,1.0
0.25095737609058805,-1.0
0.25095737609058805,1.0
0.27771812438865895,-1.0
0.27771812438865895,1.0
0.3036452662797298,-1.0
0.3036452662797298,1.0
0.3288543409455157,-1.0
0.3288543409455157,1.0
0.3534349234646272,-1.0
0.3534349234646272,1.0
0.3774582913063611,-1.0
0.3774582913063611,1.0
0.40098237597239916,-1.0
0.40098237597239916,1.0
0.42405509643341033,-1.0
0.42405509643341033,1.0
0.44671668117042823,-1.0
0.44671668117042823,1.0
0.46900133273039185,-1.0
0.46900133273039185,1.0
0.49093845045476603,-1.0
0.49093845045476603,1.0
0.5125535477639507,-1.0
0.5125535477639507,1.0
0.5338689530369302,-1.0
0.5338689530369302,1.0
0.554904353846352,-1.0
0.554904353846352,1.0
0.575677225641913,-1.0
0.575677225641913,1.0
0.5962031737506408,-1.0
0.5962031737506408,1.0
0.6164962093655213,-1.0
0.6164962093655213,1.0
0.6365689745797544,-1.0
0.6365689745797544,1.0
0.6564329276049655,-1.0
0.6564329276049655,1.0
0.6760984965287471,-1.0
0.6760984965287471,1.0
0.6955752079595973,-1.0
0.6955752079595973,1.0
0.714871795438758,-1.0
0.714871795438758,1.0
0.7339962914099607,-1.0
0.7339962914099607,1.0
0.7529561057215434,-1.0
0.7529561057215434,1.0
0.7717580930161198,-1.0
0.7717580930161198,1.0
0.7904086108884422,-1.0
0.7904086108884422,1.0
0.8089135703250022,-1.0
0.8089135703250022,1.0
0.8272784796524325,-1.0
0.8272784796524325,1.0
0.8455084829963693,-1.0
0.8455084829963693,1.0
0.8636083940736526,-1.0
0.8636083940736526,1.0
0.8815827259979722,-1.0
0.8815827259979722,1.0
0.8994357176642545,-1.0
0.8994357176642545,1.0
0.9171713571841785,-1.0
0.9171713571841785,1.0
0.9347934027695075,-1.0
0.9347934027695075,1.0
0.9523054013980387,-1.0
0.9523054013980387,1.0
0.9697107055459108,-1.0
0.9697107055459108,1.0
0.9870124882278266,-1.0
0.9870124882278266,1.0
1.0042137565516818,-1.0
1.0042137565516818,1.0
1.021317363964734,-1.0
1.021317363964734,1.0
1.0383260213438967,-1.0
1.0383260213438967,1.0
1.0552423070619992,-1.0
1.0552423070619992,1.0
1.0720686761443226,-1.0
1.0720686761443226,1.0
1.0888074686148819,-1.0
1.0888074686148819,1.0
1.105460917119198,-1.0
1.105460917119198,1.0
1.122031153899512,-1.0
1.122031153899512,1.0
1.1385202171890532,-1.0
1.1385202171890532,1.0
1.1549300570839798,-1.0
1.1549300570839798,1.0
1.1712625409447173,-1.0
1.1712625409447173,1.0
1.1875194583724222,-1.0
1.1875194583724222,1.0
1.2037025258011032,-1.0
1.2037025258011032,1.0
1.219813390741414,-1.0
1.219813390741414,1.0
1.235853635708201,-1.0
1.235853635708201,1.0
1.2518247818603865,-1.0
1.2518247818603865,1.0
1.2677282923788034,-1.0
1.2677282923788034,1.0
1.2835655756048985,-1.0
1.2835655756048985,1.0
1.2993379879608513,-1.0
1.2993379879608513,1.0
1.3150468366696337,-1.0
1.3150468366696337,1.0
1.3306933822916502,-1.0
1.3306933822916502,1.0
1.3462788410930258,-1.0
1.3462788410930258,1.0
1.3618043872591306,-1.0
1.3618043872591306,1.0
1.377271154965619,-1.0
1.377271154965619,1.0
1.3926802403181633,-1.0
1.3926802403181633,1.0
1.4080327031710327,-1.0
1.4080327031710327,1.0
1.4233295688336893,-1.0
1.4233295688336893,1.0
1.4385718296738248,-1.0
1.4385718296738248,1.0
1.4537604466245069,-1.0
1.4537604466245069,1.0
1.4688963506023773,-1.0
1.4688963506023773,1.0
1.4839804438433484,-1.0
1.4839804438433484,1.0
1.4990136011616,-1.0
1.4990136011616,1.0
1.5139966711372788,-1.0
1.5139966711372788,1.0
1.5289304772378285,-1.0
1.5289304772378285,1.0
1.5438158188774214,-1.0
1.5438158188774214,1.0
1.5586534724187358,-1.0
1.5586534724187358,1.0
1.5734441921208335,-1.0
1.5734441921208335,1.0
1.5881887110367072,-1.0
1.5881887110367072,1.0
1.6028877418637864,-1.0
1.6028877418637864,1.0
1.6175419777503384,-1.0
1.6175419777503384,1.0
1.632152093060639,-1.0
1.632152093060639,1.0
1.6467187441014184,-1.0
1.6467187441014184,1.0
1.6612425698120104,-1.0
1.6612425698120104,1.0
1.6757241924204271,-1.0
1.6757241924204271,1.0
1.6901642180673866,-1.0
1.6901642180673866,1.0
1.7045632374002027,-1.0
1.7045632374002027,1.0
1.718921826138348,-1.0
1.718921826138348,1.0
1.733240545612336,-1.0
1.733240545612336,1.0
1.747519943277397,-1.0
1.747519943277397,1.0
1.7617605532034815,-1.0
1.7617605532034815,1.0
1.7759628965428749,-1.0
1.7759628965428749,1.0
1.7901274819766635,-1.0
1.7901274819766635,1.0
1.8042548061412476,-1.0
1.8042548061412476,1.0
1.81834535403598,-1.0
1.81834535403598,1.0
1.832399599412947,-1.0
1.832399599412947,1.0
1.8464180051498498,-1.0
1.8464180051498498,1.0
1.8604010236069086,-1.0
1.8604010236069086,1.0
1.8743490969685854,-1.0
1.8743490969685854,1.0
1.8882626575709327,-1.0
1.8882626575709327,1.0
1.902142128215322,-1.0
1.902142128215322,1.0
1.9159879224692256,-1.0
1.9159879224692256,1.0
1.9298004449547124,-1.0
1.9298004449547124,1.0
1.9435800916252624,-1.0
1.9435800916252624,1.0
1.9573272500315069,-1.0
1.9573272500315069,1.0
1.9710422995764065,-1.0
1.9710422995764065,1.0
1.984725611760393,-1.0
1.984725611760393,1.0
1.998377550416956,-1.0
1.998377550416956,1.0
2.0119984719391435,-1.0
2.0119984719391435,1.0
2.025588725497379,-1.0
2.025588725497379,1.0
2.0391486532489997,-1.0
2.0391486532489997,1.0
2.0526785905399576,-1.0
2.0526785905399576,1.0
2.066178866099,-1.0
2.066178866099,1.0
2.0796498022246364,-1.0
2.0796498022246364,1.0
2.093091714965305,-1.0
2.093091714965305,1.0
2.106504914292949,-1.0
2.106504914292949,1.0
2.119889704270383,-1.0
2.119889704270383,1.0
2.133246383212711,-1.0
2.133246383212711,1.0
2.146575243842945,-1.0
2.146575243842945,1.0
2.1598765734421974,-1.0
2.1598765734421974,1.0
2.1731506539946825,-1.0
2.1731506539946825,1.0
2.1863977623276836,-1.0
2.1863977623276836,1.0
2.1996181702466893,-1.0
2.1996181702466893,1.0
2.212812144665993,-1.0
2.212812144665993,1.0
2.225979947734853,-1.0
2.225979947734853,1.0
2.239121836959426,-1.0
2.239121836959426,1.0
2.2522380653206926,-1.0
2.2522380653206926,1.0
2.2653288813884997,-1.0
2.2653288813884997,1.0
2.2783945294318224,-1.0
2.2783945294318224,1.0
2.2914352495254517,-1.0
2.2914352495254517,1.0
2.3044512776532997,-1.0
2.3044512776532997,1.0
2.3174428458083987,-1.0
2.3174428458083987,1.0
2.3304101820897296,-1.0
2.3304101820897296,1.0
2.3433535107959456,-1.0
2.3433535107959456,1.0
2.356273052516201,-1.0
2.356273052516201,1.0
2.3691690242182033,-1.0
2.3691690242182033,1.0
2.3820416393335,-1.0
2.3820416393335,1.0
2.394891107840181,-1.0
2.394891107840181,1.0
2.4077176363430883,-1.0
2.4077176363430883,1.0
2.4205214281515857,-1.0
2.4205214281515857,1.0
2.4333026833549787,-1.0
2.4333026833549787,1.0
2.4460615988957355,-1.0
2.4460615988957355,1.0
2.4587983686405455,-1.0
2.4587983686405455,1.0
2.471513183449256,-1.0
2.471513183449256,1.0
2.484206231241847,-1.0
2.484206231241847,1.0
2.4968776970634763,-1.0
2.4968776970634763,1.0
2.5095277631475708,-1.0
2.5095277631475708,1.0
2.522156608977225,-1.0
2.522156608977225,1.0
2.534764411344824,-1.0
2.534764411344824,1.0
2.547351344409912,-1.0
2.547351344409912,1.0
2.5599175797555946,-1.0
2.5599175797555946,1.0
2.5724632864432246,-1.0
2.5724632864432246,1.0
2.5849886310656887,-1.0
2.5849886310656887,1.0
2.597493777799232,-1.0
2.597493777799232,1.0
2.609978888453698,-1.0
2.609978888453698,1.0
2.6224441225216317,-1.0
2.6224441225216317,1.0
2.6348896372259993,-1.0
2.6348896372259993,1.0
2.6473155875664993,-1.0
2.6473155875664993,1.0
2.659722126364793,-1.0
2.659722126364793,1.0
2.6721094043085123,-1.0
2.6721094043085123,1.0
2.684477569994091,-1.0
2.684477569994091,1.0
2.6968267699685162,-1.0
2.6968267699685162,1.0
2.7091571487699144,-1.0
2.7091571487699144,1.0
2.7214688489671315,-1.0
2.7214688489671315,1.0
2.733762011198347,-1.0
2.733762011198347,1.0
2.7460367742086396,-1.0
2.7460367742086396,1.0
2.7582932748866624,-1.0
2.7582932748866624,1.0
2.7705316483003952,-1.0
2.7705316483003952,1.0
2.7827520277318762,-1.0
2.7827520277318762,1.0
2.7949545447112425,-1.0
2.7949545447112425,1.0
2.8071393290498494,-1.0
2.8071393290498494,1.0
2.819306508872537,-1.0
2.819306508872537,1.0
2.8314562106492023,-1.0
2.8314562106492023,1.0
2.843588559225546,-1.0
2.843588559225546,1.0
2.8557036778530587,-1.0
2.8557036778530587,1.0
2.867801688218327,-1.0
2.867801688218327,1.0
2.879882710471647,-1.0
2.879882710471647,1.0
2.8919468632548977,-1.0
2.8919468632548977,1.0
2.903994263728826,-1.0
2.903994263728826,1.0
2.9160250275996566,-1.0
2.9160250275996566,1.0
2.92803926914506,-1.0
2.92803926914506,1.0
2.9400371012396045,-1.0
2.9400371012396045,1.0
2.952018635379482,-1.0
2.952018635379482,1.0
2.9639839817067712,-1.0
2.9639839817067712,1.0
2.975933249033154,-1.0
2.975933249033154,1.0
2.987866544863011,-1.0
2.987866544863011,1.0
2.9997839754160225,-1.0
2.9997839754160225,1.0
3.0116856456493157,-1.0
3.0116856456493157,1.0
3.0235716592791064,-1.0
3.0235716592791064,1.0
3.0354421188017238,-1.0
3.0354421188017238,1.0
3.0472971255143744,-1.0
3.0472971255143744,1.0
3.0591367795352906,-1.0
3.0591367795352906,1.0
3.0709611798245784,-1.0
3.0709611798245784,1.0
3.0827704241971214,-1.0
3.0827704241971214,1.0
3.094564609347581,-1.0
3.094564609347581,1.0
3.1063438309065177,-1.0
3.1063438309065177,1.0
3.118108183439702,-1.0
3.118108183439702,1.0
3.1298577603286497,-1.0
3.1298577603286497,1.0
3.141592653589793,-1.0
3.141592653589793,1.0
dx_2
-3.141592653589793,-1.0
-3.141592653589793,1.0
-3.1070686126221205,-1.0
-3.1070686126221205,1.0
-3.072539941267836,-1.0
-3.072539941267836,1.0
-3.043042531861026,-1.0
-3.043042531861026,1.0
-3.016235634415759,-1.0
-3.016235634415759,1.0
-2.9912116575357803,-1.0
-2.9912116575357803,1.0
-2.967497002285203,-1.0
-2.967497002285203,1.0
-2.9448043210767634,-1.0
-2.9448043210767634,1.0
-2.9229422999674726,-1.0
-2.9229422999674726,1.0
-2.901775228897942,-1.0
-2.901775228897942,1.0
-2.881202294685517,-1.0
-2.881202294685517,1.0
-2.861145928128957,-1.0
-2.861145928128957,1.0
-2.8415447684668695,-1.0
-2.8415447684668695,1.0
-2.8223491768223026,-1.0
-2.8223491768223026,1.0
-2.8035182469806537,-1.0
-2.8035182469806537,1.0
-2.785017740915754,-1.0
-2.785017740915754,1.0
-2.7668186195223816,-1.0
-2.7668186195223816,1.0
-2.7488959699709503,-1.0
-2.7488959699709503,1.0
-2.7312282052807584,-1.0
-2.7312282052807584,1.0
-2.71379645555324,-1.0
-2.71379645555324,1.0
-2.696584097179073,-1.0
-2.696584097179073,1.0
-2.6795763833338735,-1.0
-2.6795763833338735,1.0
-2.662760150129666,-1.0
-2.662760150129666,1.0
-2.6461235801599416,-1.0
-2.6461235801599416,1.0
-2.629656010193688,-1.0
-2.629656010193688,1.0
-2.613347773259487,-1.0
-2.613347773259487,1.0
-2.597190067825894,-1.0
-2.597190067825894,1.0
-2.581174848555771,-1.0
-2.581174848555771,1.0
-2.5652947343993864,-1.0
-2.5652947343993864,1.0
-2.5495429307489297,-1.0
-2.5495429307489297,1.0
-2.533913163086261,-1.0
-2.533913163086261,1.0
-2.5183996200972483,-1.0
-2.5183996200972483,1.0
-2.5029969046356944,-1.0
-2.5029969046356944,1.0
-2.487699991241441,-1.0
-2.487699991241441,1.0
-2.472504189160627,-1.0
-2.472504189160627,1.0
-2.4574051100135503,-1.0
-2.4574051100135503,1.0
-2.4423986394078137,-1.0
-2.4423986394078137,1.0
-2.4274809119177925,-1.0
-2.4274809119177925,1.0
-2.4126482889501144,-1.0
-2.4126482889501144,1.0
-2.3978973390928613,-1.0
-2.3978973390928613,1.0
-2.383224820613334,-1.0
-2.383224820613334,1.0
-2.368627665820033,-1.0
-2.368627665820033,1.0
-2.3541029670485965,-1.0
-2.3541029670485965,1.0
-2.339647964068117,-1.0
-2.339647964068117,1.0
-2.3252600327327277,-1.0
-2.3252600327327277,1.0
-2.310936674729641,-1.0
-2.310936674729641,1.0
-2.296675508294486,-1.0
-2.296675508294486,1.0
-2.282474259783117,-1.0
-2.282474259783117,1.0
-2.2683307560037678,-1.0
-2.2683307560037678,1.0
-2.2542429172256226,-1.0
-2.2542429172256226,1.0
-2.240208750791038,-1.0
-2.240208750791038,1.0
-2.226226345267624,-1.0
-2.226226345267624,1.0
-2.212293865084024,-1.0
-2.212293865084024,1.0
-2.198409545600603,-1.0
-2.198409545600603,1.0
-2.1845716885712485,-1.0
-2.1845716885712485,1.0
-2.1707786579581216,-1.0
-2.1707786579581216,1.0
-2.1570288760654925,-1.0
-2.1570288760654925,1.0
-2.143320819962169,-1.0
-2.143320819962169,1.0
-2.1296530181658326,-1.0
-2.1296530181658326,1.0
-2.116024047565369,-1.0
-2.116024047565369,1.0
-2.102432530559635,-1.0
-2.102432530559635,1.0
-2.0888771323935784,-1.0
-2.0888771323935784,1.0
-2.0753565586742244,-1.0
-2.0753565586742244,1.0
-2.061869553051251,-1.0
-2.061869553051251,1.0
-2.0484148950484187,-1.0
-2.0484148950484187,1.0
-2.0349913980324925,-1.0
-2.0349913980324925,1.0
-2.02159790730905,-1.0
-2.02159790730905,1.0
-2.00823329833425,-1.0
-2.00823329833425,1.0
-1.9948964750336322,-1.0
-1.9948964750336322,1.0
-1.9815863682190933,-1.0
-1.9815863682190933,1.0
-1.9683019340964412,-1.0
-1.9683019340964412,1.0
-1.9550421528565294,-1.0
-1.9550421528565294,1.0
-1.9418060273429838,-1.0
-1.9418060273429838,1.0
-1.92859258179147,-1.0
-1.92859258179147,1.0
-1.9154008606341837,-1.0
-1.9154008606341837,1.0
-1.902229927365347,-1.0
-1.902229927365347,1.0
-1.8890788634625082,-1.0
-1.8890788634625082,1.0
-1.8759467673597718,-1.0
-1.8759467673597718,1.0
-1.8628327534689033,-1.0
-1.8628327534689033,1.0
-1.8497359512450062,-1.0
-1.8497359512450062,1.0
-1.8366555042928447,-1.0
-1.8366555042928447,1.0
-1.8235905695115526,-1.0
-1.8235905695115526,1.0
-1.8105403162738731,-1.0
-1.8105403162738731,1.0
-1.7975039256381982,-1.0
-1.7975039256381982,1.0
-1.7844805895902713,-1.0
-1.7844805895902713,1.0
-1.771469510312408,-1.0
-1.771469510312408,1.0
-1.7584698994781993,-1.0
-1.7584698994781993,1.0
-1.7454809775703648,-1.0
-1.7454809775703648,1.0
-1.7325019732201083,-1.0
-1.7325019732201083,1.0
-1.7195321225659033,-1.0
-1.7195321225659033,1.0
-1.7065706686302076,-1.0
-1.7065706686302076,1.0
-1.6936168607121314,-1.0
-1.6936168607121314,1.0
-1.6806699537950307,-1.0
-1.6806699537950307,1.0
-1.6677292079669086,-1.0
-1.6677292079669086,1.0
-1.6547938878527777,-1.0
-1.6547938878527777,1.0
-1.641863262057111,-1.0
-1.641863262057111,1.0
-1.6289366026154863,-1.0
-1.6289366026154863,1.0
-1.6160131844538679,-1.0
-1.6160131844538679,1.0
-1.603092284854311,-1.0
-1.603092284854311,1.0
-1.590173182926027,-1.0
-1.590173182926027,1.0
-1.577255159080438,-1.0
-1.577255159080438,1.0
-1.5643374945091244,-1.0
-1.5643374945091244,1.0
-1.5514194706635418,-1.0
-1.5514194706635418,1.0
-1.5385003687352579,-1.0
-1.5385003687352579,1.0
-1.5255794691357096,-1.0
-1.5255794691357096,1.0
-1.512656050974103,-1.0
-1.512656050974103,1.0
-1.4997293915324812,-1.0
-1.4997293915324812,1.0
-1.4867987657367991,-1.0
-1.4867987657367991,1.0
-1.47386344562267,-1.0
-1.47386344562267,1.0
-1.4609226997945646,-1.0
-1.4609226997945646,1.0
-1.4479757928774402,-1.0
-1.4479757928774402,1.0
-1.4350219849593693,-1.0
-1.4350219849593693,1.0
-1.422060531023675,-1.0
-1.422060531023675,1.0
-1.4090906803694683,-1.0
-1.4090906803694683,1.0
-1.396111676019205,-1.0
-1.396111676019205,1.0
-1.3831227541113416,-1.0
-1.3831227541113416,1.0
-1.3701231432771106,-1.0
-1.3701231432771106,1.0
-1.3571120639992267,-1.0
-1.3571120639992267,1.0
-1.3440887279512779,-1.0
-1.3440887279512779,1.0
-1.3310523373156182,-1.0
-1.3310523373156182,1.0
-1.318002084077919,-1.0
-1.318002084077919,1.0
-1.3049371492966202,-1.0
-1.3049371492966202,1.0
-1.2918567023444485,-1.0
-1.2918567023444485,1.0
-1.2787599001205265,-1.0
-1.2787599001205265,1.0
-1.2656458862296676,-1.0
-1.2656458862296676,1.0
-1.2525137901268986,-1.0
-1.2525137901268986,1.0
-1.2393627262240925,-1.0
-1.2393627262240925,1.0
-1.2261917929552621,-1.0
-1.2261917929552621,1.0
-1.213000071797979,-1.0
-1.213000071797979,1.0
-1.1997866262464632,-1.0
-1.1997866262464632,1.0
-1.1865505007329322,-1.0
-1.1865505007329322,1.0
-1.1732907194930282,-1.0
-1.1732907194930282,1.0
-1.1600062853704076,-1.0
-1.1600062853704076,1.0
-1.1466961785558385,-1.0
-1.1466961785558385,1.0
-1.1333593552551866,-1.0
-1.1333593552551866,1.0
-1.1199947462803703,-1.0
-1.1199947462803703,1.0
-1.1066012555569358,-1.0
-1.1066012555569358,1.0
-1.093177758541032,-1.0
-1.093177758541032,1.0
-1.0797231005382324,-1.0
-1.0797231005382324,1.0
-1.0662360949152916,-1.0
-1.0662360949152916,1.0
-1.0527155211959043,-1.0
-1.0527155211959043,1.0
-1.0391601230298415,-1.0
-1.0391601230298415,1.0
-1.0255686060241311,-1.0
-1.0255686060241311,1.0
-1.0119396354236834,-1.0
-1.0119396354236834,1.0
-0.998271833627309,-1.0
-0.998271833627309,1.0
-0.9845637775239497,-1.0
-0.9845637775239497,1.0
-0.9708139956313245,-1.0
-0.9708139956313245,1.0
-0.9570209650181739,-1.0
-0.9570209650181739,1.0
-0.9431831079887641,-1.0
-0.9431831079887641,1.0
-0.9292987885053203,-1.0
-0.9292987885053203,1.0
-0.9153663083216738,-1.0
-0.9153663083216738,1.0
-0.9013839027982731,-1.0
-0.9013839027982731,1.0
-0.8873497363636976,-1.0
-0.8873497363636976,1.0
-0.8732618975855696,-1.0
-0.8732618975855696,1.0
-0.8591183938062292,-1.0
-0.8591183938062292,1.0
-0.8449171452948433,-1.0
-0.8449171452948433,1.0
-0.8306559788596745,-1.0
-0.8306559788596745,1.0
-0.816332620856594,-1.0
-0.816332620856594,1.0
-0.801944689521242,-1.0
-0.801944689521242,1.0
-0.7874896865407778,-1.0
-0.7874896865407778,1.0
-0.7729649877694149,-1.0
-0.7729649877694149,1.0
-0.7583678329761109,-1.0
-0.7583678329761109,1.0
-0.7436953144966194,-1.0
-0.7436953144966194,1.0
-0.7289443646393424,-1.0
-0.7289443646393424,1.0
-0.7141117416716242,-1.0
-0.7141117416716242,1.0
-0.6991940141816432,-1.0
-0.6991940141816432,1.0
-0.6841875435758956,-1.0
-0.6841875435758956,1.0
-0.6690884644288071,-1.0
-0.6690884644288071,1.0
-0.6538926623480029,-1.0
-0.6538926623480029,1.0
-0.6385957489537532,-1.0
-0.6385957489537532,1.0
-0.6231930334922077,-1.0
-0.6231930334922077,1.0
-0.6076794905031431,-1.0
-0.6076794905031431,1.0
-0.5920497228405837,-1.0
-0.5920497228405837,1.0
-0.576297919190122,-1.0
-0.576297919190122,1.0
-0.560417805033708,-1.0
-0.560417805033708,1.0
-0.5444025857634939,-1.0
-0.5444025857634939,1.0
-0.5282448803298805,-1.0
-0.5282448803298805,1.0
-0.5119366433955895,-1.0
-0.5119366433955895,1.0
-0.49546907342938445,-1.0
-0.49546907342938445,1.0
-0.47883250345974604,-1.0
-0.47883250345974604,1.0
-0.46201627025557046,-1.0
-0.46201627025557046,1.0
-0.4450085564104119,-1.0
-0.4450085564104119,1.0
-0.4277961980362424,-1.0
-0.4277961980362424,1.0
-0.41036444830863444,-1.0
-0.41036444830863444,1.0
-0.39269668361841864,-1.0
-0.39269668361841864,1.0
-0.37477403406698057,-1.0
-0.37477403406698057,1.0
-0.35657491267360736,-1.0
-0.35657491267360736,1.0
-0.33807440660876603,-1.0
-0.33807440660876603,1.0
-0.3192434767672414,-1.0
-0.3192434767672414,1.0
-0.30004788512261305,-1.0
-0.30004788512261305,1.0
-0.280446725460477,-1.0
-0.280446725460477,1.0
-0.2603903589040167,-1.0
-0.2603903589040167,1.0
-0.23981742469169273,-1.0
-0.23981742469169273,1.0
-0.21865035362225416,-1.0
-0.21865035362225416,1.0
-0.19678833251291034,-1.0
-0.19678833251291034,1.0
-0.17409565130431529,-1.0
-0.17409565130431529,1.0
-0.15038099605395838,-1.0
-0.15038099605395838,1.0
-0.1253570191739612,-1.0
-0.1253570191739612,1.0
-0.09855012172844244,-1.0
-0.09855012172844244,1.0
-0.06905271232189217,-1.0
-0.06905271232189217,1.0
-0.034524040967731574,-1.0
-0.034524040967731574,1.0
0.0,-1.0
0.0,1.0
0.044609358916219276,-1.0
0.044609358916219276,1.0
0.07727074670941247,-1.0
0.07727074670941247,1.0
0.10584214812305104,-1.0
0.10584214812305104,1.0
0.1320466437532107,-1.0
0.1320466437532107,1.0
0.15662782359981658,-1.0
0.15662782359981658,1.0
0.17999347214674669,-1.0
0.17999347214674669,1.0
0.20239836799191094,-1.0
0.20239836799191094,1.0
0.22401547753876233,-1.0
0.22401547753876233,1.0
0.244969216154369,-1.0
0.244969216154369,1.0
0.26535297891018095,-1.0
0.26535297891018095,1.0
0.28523921600313945,-1.0
0.28523921600313945,1.0
0.3046856151253728,-1.0
0.3046856151253728,1.0
0.32373909493376474,-1.0
0.32373909493376474,1.0
0.3424384937272908,-1.0
0.3424384937272908,1.0
0.3608164425578129,-1.0
0.3608164425578129,1.0
0.37890070811990845,-1.0
0.37890070811990845,1.0
0.3967151793080578,-1.0
0.3967151793080578,1.0
0.4142806074144834,-1.0
0.4142806074144834,1.0
0.43161517176966474,-1.0
0.43161517176966474,1.0
0.4487349190195534,-1.0
0.4487349190195534,1.0
0.46565410918119626,-1.0
0.46565410918119626,1.0
0.4823854917609368,-1.0
0.4823854917609368,1.0
0.4989405286090655,-1.0
0.4989405286090655,1.0
0.5153295756570004,-1.0
0.5153295756570004,1.0
0.5315620325224599,-1.0
0.5315620325224599,1.0
0.5476464667234757,-1.0
0.5476464667234757,1.0
0.563590717622966,-1.0
0.563590717622966,1.0
0.579401984041016,-1.0
0.579401984041016,1.0
0.5950868985939008,-1.0
0.5950868985939008,1.0
0.6106515911602284,-1.0
0.6106515911602284,1.0
0.6261017433748615,-1.0
0.6261017433748615,1.0
0.641442635668525,-1.0
0.641442635668525,1.0
0.656679188074709,-1.0
0.656679188074709,1.0
0.6718159957943558,-1.0
0.6718159957943558,1.0
0.686857360326988,-1.0
0.686857360326988,1.0
0.7018073168325971,-1.0
0.7018073168325971,1.0
0.716669658273373,-1.0
0.716669658273373,1.0
0.7314479567917989,-1.0
0.7314479567917989,1.0
0.746145582706517,-1.0
0.746145582706517,1.0
0.7607657214463704,-1.0
0.7607657214463704,1.0
0.7753113886930552,-1.0
0.7753113886930552,1.0
0.7897854439615295,-1.0
0.7897854439615295,1.0
0.8041906028133576,-1.0
0.8041906028133576,1.0
0.8185294478698376,-1.0
0.8185294478698376,1.0
0.8328044387680169,-1.0
0.8328044387680169,1.0
0.8470179211829101,-1.0
0.8470179211829101,1.0
0.8611721350225127,-1.0
0.8611721350225127,1.0
0.8752692218879969,-1.0
0.8752692218879969,1.0
0.8893112318795008,-1.0
0.8893112318795008,1.0
0.9033001298176837,-1.0
0.9033001298176837,1.0
0.9172378009424682,-1.0
0.9172378009424682,1.0
0.9311260561428413,-1.0
0.9311260561428413,1.0
0.9449666367651883,-1.0
0.9449666367651883,1.0
0.9587612190419813,-1.0
0.9587612190419813,1.0
0.9725114181778876,-1.0
0.9725114181778876,1.0
0.9862187921261034,-1.0
0.9862187921261034,1.0
0.9998848450840498,-1.0
0.9998848450840498,1.0
1.0135110307345,-1.0
1.0135110307345,1.0
1.0270987552553144,-1.0
1.0270987552553144,1.0
1.04064938011848,-1.0
1.04064938011848,1.0
1.0541642246971457,-1.0
1.0541642246971457,1.0
1.0676445686973195,-1.0
1.0676445686973195,1.0
1.0810916544292333,-1.0
1.0810916544292333,1.0
1.0945066889319948,-1.0
1.0945066889319948,1.0
1.10789084596374,-1.0
1.10789084596374,1.0
1.1212452678683733,-1.0
1.1212452678683733,1.0
1.1345710673288991,-1.0
1.1345710673288991,1.0
1.1478693290165007,-1.0
1.1478693290165007,1.0
1.1611411111436905,-1.0
1.1611411111436905,1.0
1.1743874469290094,-1.0
1.1743874469290094,1.0
1.187609345980208,-1.0
1.187609345980208,1.0
1.2008077956022187,-1.0
1.2008077956022187,1.0
1.2139837620356726,-1.0
1.2139837620356726,1.0
1.2271381916312514,-1.0
1.2271381916312514,1.0
1.2402720119647304,-1.0
1.2402720119647304,1.0
1.2533861328971878,-1.0
1.2533861328971878,1.0
1.2664814475845019,-1.0
1.2664814475845019,1.0
1.2795588334399017,-1.0
1.2795588334399017,1.0
1.2926191530531377,-1.0
1.2926191530531377,1.0
1.305663255069517,-1.0
1.305663255069517,1.0
1.3186919750317736,-1.0
1.3186919750317736,1.0
1.3317061361876243,-1.0
1.3317061361876243,1.0
1.3447065502656297,-1.0
1.3447065502656297,1.0
1.3576940182218025,-1.0
1.3576940182218025,1.0
1.3706693309592064,-1.0
1.3706693309592064,1.0
1.3836332700227247,-1.0
1.3836332700227247,1.0
1.3965866082709832,-1.0
1.3965866082709832,1.0
1.4095301105273594,-1.0
1.4095301105273594,1.0
1.422464534211811,-1.0
1.422464534211811,1.0
1.435390629955239,-1.0
1.435390629955239,1.0
1.4483091421980219,-1.0
1.4483091421980219,1.0
1.4612208097741928,-1.0
1.4612208097741928,1.0
1.4741263664827606,-1.0
1.4741263664827606,1.0
1.4870265416475401,-1.0
1.4870265416475401,1.0
1.4999220606668848,-1.0
1.4999220606668848,1.0
1.5128136455545789,-1.0
1.5128136455545789,1.0
1.5257020154731495,-1.0
1.5257020154731495,1.0
1.5385878872608287,-1.0
1.5385878872608287,1.0
1.5514719759533822,-1.0
1.5514719759533822,1.0
1.5643549953019398,-1.0
1.5643549953019398,1.0
1.577237658287954,-1.0
1.577237658287954,1.0
1.5901206776365093,-1.0
1.5901206776365093,1.0
1.6030047663290652,-1.0
1.6030047663290652,1.0
1.61589063811674,-1.0
1.61589063811674,1.0
1.628779008035299,-1.0
1.628779008035299,1.0
1.641670592922987,-1.0
1.641670592922987,1.0
1.6545661119423332,-1.0
1.6545661119423332,1.0
1.667466287107114,-1.0
1.667466287107114,1.0
1.680371843815682,-1.0
1.680371843815682,1.0
1.6932835113918545,-1.0
1.6932835113918545,1.0
1.7062020236346396,-1.0
1.7062020236346396,1.0
1.7191281193780674,-1.0
1.7191281193780674,1.0
1.7320625430625158,-1.0
1.7320625430625158,1.0
1.7450060453188918,-1.0
1.7450060453188918,1.0
1.7579593835671505,-1.0
1.7579593835671505,1.0
1.7709233226306682,-1.0
1.7709233226306682,1.0
1.783898635368069,-1.0
1.783898635368069,1.0
1.7968861033242385,-1.0
1.7968861033242385,1.0
1.80988651740224,-1.0
1.80988651740224,1.0
1.8229006785580828,-1.0
1.8229006785580828,1.0
1.8359293985203389,-1.0
1.8359293985203389,1.0
1.8489735005367283,-1.0
1.8489735005367283,1.0
1.862033820149973,-1.0
1.862033820149973,1.0
1.8751112060053736,-1.0
1.8751112060053736,1.0
1.8882065206926917,-1.0
1.8882065206926917,1.0
1.9013206416251525,-1.0
1.9013206416251525,1.0
1.9144544619586341,-1.0
1.9144544619586341,1.0
1.927608891554216,-1.0
1.927608891554216,1.0
1.9407848579876663,-1.0
1.9407848579876663,1.0
1.953983307609673,-1.0
1.953983307609673,1.0
1.9672052066608687,-1.0
1.9672052066608687,1.0
1.9804515424461866,-1.0
1.9804515424461866,1.0
1.9937233245733765,-1.0
1.9937233245733765,1.0
2.007021586260972,-1.0
2.007021586260972,1.0
2.0203473857214913,-1.0
2.0203473857214913,1.0
2.0337018076261284,-1.0
2.0337018076261284,1.0
2.0470859646578763,-1.0
2.0470859646578763,1.0
2.0605009991606313,-1.0
2.0605009991606313,1.0
2.073948084892537,-1.0
2.073948084892537,1.0
2.087428428892707,-1.0
2.087428428892707,1.0
2.100943273471376,-1.0
2.100943273471376,1.0
2.1144938983345405,-1.0
2.1144938983345405,1.0
2.1280816228553547,-1.0
2.1280816228553547,1.0
2.141707808505811,-1.0
2.141707808505811,1.0
2.1553738614637563,-1.0
2.1553738614637563,1.0
2.1690812354119715,-1.0
2.1690812354119715,1.0
2.1828314345478814,-1.0
2.1828314345478814,1.0
2.1966260168246703,-1.0
2.1966260168246703,1.0
2.2104665974470046,-1.0
2.2104665974470046,1.0
2.224354852647363,-1.0
2.224354852647363,1.0
2.2382925237721443,-1.0
2.2382925237721443,1.0
2.2522814217103315,-1.0
2.2522814217103315,1.0
2.266323431701834,-1.0
2.266323431701834,1.0
2.280420518567325,-1.0
2.280420518567325,1.0
2.294574732406934,-1.0
2.294574732406934,1.0
2.3087882148218264,-1.0
2.3087882148218264,1.0
2.3230632057200014,-1.0
2.3230632057200014,1.0
2.3374020507764857,-1.0
2.3374020507764857,1.0
2.351807209628318,-1.0
2.351807209628318,1.0
2.3662812648967906,-1.0
2.3662812648967906,1.0
2.380826932143483,-1.0
2.380826932143483,1.0
2.395447070883345,-1.0
2.395447070883345,1.0
2.4101446967980626,-1.0
2.4101446967980626,1.0
2.4249229953164826,-1.0
2.4249229953164826,1.0
2.439785336757247,-1.0
2.439785336757247,1.0
2.4547352932628437,-1.0
2.4547352932628437,1.0
2.469776657795476,-1.0
2.469776657795476,1.0
2.484913465515129,-1.0
2.484913465515129,1.0
2.5001500179213205,-1.0
2.5001500179213205,1.0
2.515490910214988,-1.0
2.515490910214988,1.0
2.5309410624296107,-1.0
2.5309410624296107,1.0
2.5465057549959194,-1.0
2.5465057549959194,1.0
2.5621906695488,-1.0
2.5621906695488,1.0
2.578001935966856,-1.0
2.578001935966856,1.0
2.5939461868663534,-1.0
2.5939461868663534,1.0
2.610030621067373,-1.0
2.610030621067373,1.0
2.62626307793283,-1.0
2.62626307793283,1.0
2.642652124980762,-1.0
2.642652124980762,1.0
2.659207161828888,-1.0
2.659207161828888,1.0
2.6759385444086234,-1.0
2.6759385444086234,1.0
2.6928577345702616,-1.0
2.6928577345702616,1.0
2.7099774818201516,-1.0
2.7099774818201516,1.0
2.7273120461753373,-1.0
2.7273120461753373,1.0
2.7448774742817634,-1.0
2.7448774742817634,1.0
2.7626919454699124,-1.0
2.7626919454699124,1.0
2.7807762110320042,-1.0
2.7807762110320042,1.0
2.799154159862516,-1.0
2.799154159862516,1.0
2.8178535586560396,-1.0
2.8178535586560396,1.0
2.8369070384644286,-1.0
2.8369070384644286,1.0
2.8563534375866553,-1.0
2.8563534375866553,1.0
2.8762396746796206,-1.0
2.8762396746796206,1.0
2.8966234374354394,-1.0
2.8966234374354394,1.0
2.9175771760510445,-1.0
2.9175771760510445,1.0
2.939194285597891,-1.0
2.939194285597891,1.0
2.9615991814430496,-1.0
2.9615991814430496,1.0
2.984964829989975,-1.0
2.984964829989975,1.0
3.0095460098365834,-1.0
3.0095460098365834,1.0
3.0357505054667473,-1.0
3.0357505054667473,1.0
3.0643219068803886,-1.0
3.0643219068803886,1.0
3.096983294673582,-1.0
3.096983294673582,1.0
3.141592653589793,-1.0
3.141592653589793,1.0
