dx_1
-3.141592653589793,-1.0
-3.141592653589793,1.0
-3.129827956668178,-1.0
-3.129827956668178,1.0
-3.1062394512985376,-1.0
-3.1062394512985376,1.0
-3.0825910843482474,-1.0
-3.0825910843482474,1.0
-3.0588820884562007,-1.0
-3.0588820884562007,1.0
-3.035111678371305,-1.0
-3.035111678371305,1.0
-3.011279050344281,-1.0
-3.011279050344281,1.0
-2.9873833814910924,-1.0
-2.9873833814910924,1.0
-2.9634238291280193,-1.0
-2.9634238291280193,1.0
-2.939399530076357,-1.0
-2.939399530076357,1.0
-2.915309599934239,-1.0
-2.915309599934239,1.0
-2.89115313231457,-1.0
-2.89115313231457,1.0
-2.8669291980469658,-1.0
-2.8669291980469658,1.0
-2.842636844340985,-1.0
-2.842636844340985,1.0
-2.8182750939089303,-1.0
-2.8182750939089303,1.0
-2.7938429440459327,-1.0
-2.7938429440459327,1.0
-2.769339365663229,-1.0
-2.769339365663229,1.0
-2.7447633022738884,-1.0
-2.7447633022738884,1.0
-2.720113668926847,-1.0
-2.720113668926847,1.0
-2.695389351085216,-1.0
-2.695389351085216,1.0
-2.6705892034469683,-1.0
-2.6705892034469683,1.0
-2.6457120487028423,-1.0
-2.6457120487028423,1.0
-2.6207566762280172,-1.0
-2.6207566762280172,1.0
-2.5957218407032663,-1.0
-2.5957218407032663,1.0
-2.5706062606598348,-1.0
-2.5706062606598348,1.0
-2.545408616944216,-1.0
-2.545408616944216,1.0
-2.520127551095982,-1.0
-2.520127551095982,1.0
-2.494761663633317,-1.0
-2.494761663633317,1.0
-2.4693095122394846,-1.0
-2.4693095122394846,1.0
-2.443769609842615,-1.0
-2.443769609842615,1.0
-2.4181404225821233,-1.0
-2.4181404225821233,1.0
-2.3924203676516433,-1.0
-2.3924203676516433,1.0
-2.366607811010817,-1.0
-2.366607811010817,1.0
-2.340701064954639,-1.0
-2.340701064954639,1.0
-2.3146983855301113,-1.0
-2.3146983855301113,1.0
-2.288597969787562,-1.0
-2.288597969787562,1.0
-2.2623979528539166,-1.0
-2.2623979528539166,1.0
-2.2360964048127494,-1.0
-2.2360964048127494,1.0
-2.2096913273760603,-1.0
-2.2096913273760603,1.0
-2.18318065032918,-1.0
-2.18318065032918,1.0
-2.1565622277306007,-1.0
-2.1565622277306007,1.0
-2.129833833844544,-1.0
-2.129833833844544,1.0
-2.102993158783064,-1.0
-2.102993158783064,1.0
-2.0760378038316847,-1.0
-2.0760378038316847,1.0
-2.0489652764295867,-1.0
-2.0489652764295867,1.0
-2.021772984772251,-1.0
-2.021772984772251,1.0
-1.9944582320006115,-1.0
-1.9944582320006115,1.0
-1.9670182099376106,-1.0
-1.9670182099376106,1.0
-1.939449992326896,-1.0
-1.939449992326896,1.0
-1.9117505275242486,-1.0
-1.9117505275242486,1.0
-1.8839166305861512,-1.0
-1.8839166305861512,1.0
-1.8559449746925845,-1.0
-1.8559449746925845,1.0
-1.8278320818332965,-1.0
-1.8278320818332965,1.0
-1.7995743126784358,-1.0
-1.7995743126784358,1.0
-1.7711678555426185,-1.0
-1.7711678555426185,1.0
-1.7426087143406237,-1.0
-1.7426087143406237,1.0
-1.713892695418413,-1.0
-1.713892695418413,1.0
-1.6850153931263363,-1.0
-1.6850153931263363,1.0
-1.655972173983102,-1.0
-1.655972173983102,1.0
-1.6267581592565579,-1.0
-1.6267581592565579,1.0
-1.597368205760585,-1.0
-1.597368205760585,1.0
-1.567796884637282,-1.0
-1.567796884637282,1.0
-1.538038457856558,-1.0
-1.538038457856558,1.0
-1.5080868521217485,-1.0
-1.5080868521217485,1.0
-1.4779356298184443,-1.0
-1.4779356298184443,1.0
-1.4475779565810207,-1.0
-1.4475779565810207,1.0
-1.417006564976826,-1.0
-1.417006564976826,1.0
-1.3862137137172617,-1.0
-1.3862137137172617,1.0
-1.3551911416948168,-1.0
-1.3551911416948168,1.0
-1.3239300160103378,-1.0
-1.3239300160103378,1.0
-1.2924208729888844,-1.0
-1.2924208729888844,1.0
-1.2606535509773766,-1.0
-1.2606535509773766,1.0
-1.2286171134616775,-1.0
-1.2286171134616775,1.0
-1.1962997607197015,-1.0
-1.1962997607197015,1.0
-1.1636887278220824,-1.0
-1.1636887278220824,1.0
-1.130770166275819,-1.0
-1.130770166275819,1.0
-1.0975290059429637,-1.0
-1.0975290059429637,1.0
-1.06394879300761,-1.0
-1.06394879300761,1.0
-1.030011498639837,-1.0
-1.030011498639837,1.0
-0.9956972915186625,-1.0
-0.9956972915186625,1.0
-0.9609842653876053,-1.0
-0.9609842653876053,1.0
-0.9258481101250191,-1.0
-0.9258481101250191,1.0
-0.8902617111181862,-1.0
-0.8902617111181862,1.0
-0.85419465658942,-1.0
-0.85419465658942,1.0
-0.8176126252501746,-1.0
-0.8176126252501746,1.0
-0.7804766161893543,-1.0
-0.7804766161893543,1.0
-0.7427419675305744,-1.0
-0.7427419675305744,1.0
-0.7043570873279226,-1.0
-0.7043570873279226,1.0
-0.6652617847016044,-1.0
-0.6652617847016044,1.0
-0.6253850331440652,-1.0
-0.6253850331440652,1.0
-0.5846419064412774,-1.0
-0.5846419064412774,1.0
-0.5429292728546217,-1.0
-0.5429292728546217,1.0
-0.5001195599360664,-1.0
-0.5001195599360664,1.0
-0.4560513951487743,-1.0
-0.4560513951487743,1.0
-0.4105149276756377,-1.0
-0.4105149276756377,1.0
-0.36322751490803296,-1.0
-0.36322751490803296,1.0
-0.3137905140750223,-1.0
-0.3137905140750223,1.0
-0.2616049125957762,-1.0
-0.2616049125957762,1.0
-0.20568304600906032,-1.0
-0.20568304600906032,1.0
-0.14413153309958956,-1.0
-0.14413153309958956,1.0
-0.0720657665497947,-1.0
-0.0720657665497947,1.0
0.0,-1.0
0.0,1.0
0.09276836767579358,-1.0
0.09276836767579358,1.0
0.1606795261751149,-1.0
0.1606795261751149,1.0
0.22007266604832698,-1.0
0.22007266604832698,1.0
0.27452993473911247,-1.0
0.27452993473911247,1.0
0.3255966219333395,-1.0
0.3255966219333395,1.0
0.37411988461920026,-1.0
0.37411988461920026,1.0
0.42062880019755117,-1.0
0.42062880019755117,1.0
0.46548239088819393,-1.0
0.46548239088819393,1.0
0.5089387736949196,-1.0
0.5089387736949196,1.0
0.5511916039317863,-1.0
0.5511916039317863,1.0
0.5923910185345592,-1.0
0.5923910185345592,1.0
0.632656485856071,-1.0
0.632656485856071,1.0
0.6720851050966583,-1.0
0.6720851050966583,1.0
0.7107571934659273,-1.0
0.7107571934659273,1.0
0.7487401781481287,-1.0
0.7487401781481287,1.0
0.7860913862576683,-1.0
0.7860913862576683,1.0
0.8228600942500628,-1.0
0.8228600942500628,1.0
0.8590890653790048,-1.0
0.8590890653790048,1.0
0.8948157244382802,-1.0
0.8948157244382802,1.0
0.9300730699524146,-1.0
0.9300730699524146,1.0
0.9648903926916683,-1.0
0.9648903926916683,1.0
0.9992938488979011,-1.0
0.9992938488979011,1.0
1.0333069228686673,-1.0
1.0333069228686673,1.0
1.0669508041369713,-1.0
1.0669508041369713,1.0
1.1002446979155716,-1.0
1.1002446979155716,1.0
1.133206082810234,-1.0
1.133206082810234,1.0
1.1658509264419052,-1.0
1.1658509264419052,1.0
1.1981938671563095,-1.0
1.1981938671563095,1.0
1.2302483681750236,-1.0
1.2302483681750236,1.0
1.2620268491735456,-1.0
1.2620268491735456,1.0
1.293540799233831,-1.0
1.293540799233831,1.0
1.3248008743234345,-1.0
1.3248008743234345,1.0
1.3558169818380938,-1.0
1.3558169818380938,1.0
1.3865983542644367,-1.0
1.3865983542644367,1.0
1.417153613641662,-1.0
1.417153613641662,1.0
1.447490828201424,-1.0
1.447490828201424,1.0
1.4776175623258514,-1.0
1.4776175623258514,1.0
1.507540920771184,-1.0
1.507540920771184,1.0
1.5372675879487598,-1.0
1.5372675879487598,1.0
1.5668038629283005,-1.0
1.5668038629283005,1.0
1.5961556907245893,-1.0
1.5961556907245893,1.0
1.6253286903431565,-1.0
1.6253286903431565,1.0
1.6543281799898368,-1.0
1.6543281799898368,1.0
1.6831591997902822,-1.0
1.6831591997902822,1.0
1.7118265323163593,-1.0
1.7118265323163593,1.0
1.7403347211751294,-1.0
1.7403347211751294,1.0
1.7686880878814089,-1.0
1.7686880878814089,1.0
1.796890747205548,-1.0
1.796890747205548,1.0
1.824946621163084,-1.0
1.824946621163084,1.0
1.8528594517917114,-1.0
1.8528594517917114,1.0
1.880632812842834,-1.0
1.880632812842834,1.0
1.908270120499355,-1.0
1.908270120499355,1.0
1.9357746432180092,-1.0
1.9357746432180092,1.0
1.96314951078286,-1.0
1.96314951078286,1.0
1.990397722646637,-1.0
1.990397722646637,1.0
2.0175221556278746,-1.0
2.0175221556278746,1.0
2.0445255710241863,-1.0
2.0445255710241863,1.0
2.0714106211954375,-1.0
2.0714106211954375,1.0
2.0981798556647933,-1.0
2.0981798556647933,1.0
2.124835726780481,-1.0
2.124835726780481,1.0
2.151380594976722,-1.0
2.151380594976722,1.0
2.1778167336683136,-1.0
2.1778167336683136,1.0
2.204146333809818,-1.0
2.204146333809818,1.0
2.2303715081473854,-1.0
2.2303715081473854,1.0
2.256494295188345,-1.0
2.256494295188345,1.0
2.282516662911347,-1.0
2.282516662911347,1.0
2.3084405122377074,-1.0
2.3084405122377074,1.0
2.3342676802826783,-1.0
2.3342676802826783,1.0
2.359999943403612,-1.0
2.359999943403612,1.0
2.3856390200604056,-1.0
2.3856390200604056,1.0
2.411186573502383,-1.0
2.411186573502383,1.0
2.436644214294435,-1.0
2.436644214294435,1.0
2.462013502694092,-1.0
2.462013502694092,1.0
2.487295950890253,-1.0
2.487295950890253,1.0
2.512493025113385,-1.0
2.512493025113385,1.0
2.537606147626227,-1.0
2.537606147626227,1.0
2.562636698603196,-1.0
2.562636698603196,1.0
2.587586017906121,-1.0
2.587586017906121,1.0
2.6124554067632184,-1.0
2.6124554067632184,1.0
2.6372461293578127,-1.0
2.6372461293578127,1.0
2.6619594143326997,-1.0
2.6619594143326997,1.0
2.6865964562155615,-1.0
2.6865964562155615,1.0
2.7111584167705796,-1.0
2.7111584167705796,1.0
2.7356464262808484,-1.0
2.7356464262808484,1.0
2.7600615847659262,-1.0
2.7600615847659262,1.0
2.7844049631384973,-1.0
2.7844049631384973,1.0
2.8086776043039623,-1.0
2.8086776043039623,1.0
2.832880524206297,-1.0
2.832880524206297,1.0
2.857014712823408,-1.0
2.857014712823408,1.0
2.8810811351149925,-1.0
2.8810811351149925,1.0
2.9050807319256373,-1.0
2.9050807319256373,1.0
2.929014420845804,-1.0
2.929014420845804,1.0
2.9528830970329647,-1.0
2.9528830970329647,1.0
2.9766876339952875,-1.0
2.9766876339952875,1.0
3.000428884339927,-1.0
3.000428884339927,1.0
3.0241076804877642,-1.0
3.0241076804877642,1.0
3.047724835356602,-1.0
3.047724835356602,1.0
3.0712811430143834,-1.0
3.0712811430143834,1.0
3.094777379304094,-1.0
3.094777379304094,1.0
3.1182143024418956,-1.0
3.1182143024418956,1.0
3.141592653589793,-1.0
3.141592653589793,1.0
dx_2
-3.141592653589793,-1.0
-3.141592653589793,1.0
-3.0835903283323693,-1.0
-3.0835903283323693,1.0
-3.0255660360798977,-1.0
-3.0255660360798977,1.0
-2.975976959013194,-1.0
-2.975976959013194,1.0
-2.9308882518574553,-1.0
-2.9308882518574553,1.0
-2.8887733638215995,-1.0
-2.8887733638215995,1.0
-2.848835152599696,-1.0
-2.848835152599696,1.0
-2.8105895605838263,-1.0
-2.8105895605838263,1.0
-2.7737139871192307,-1.0
-2.7737139871192307,1.0
-2.737979329576689,-1.0
-2.737979329576689,1.0
-2.7032151715845956,-1.0
-2.7032151715845956,1.0
-2.669290189551347,-1.0
-2.669290189551347,1.0
-2.6361003208740135,-1.0
-2.6361003208740135,1.0
-2.603561217384798,-1.0
-2.603561217384798,1.0
-2.5716032163051956,-1.0
-2.5716032163051956,1.0
-2.5401678661660307,-1.0
-2.5401678661660307,1.0
-2.5092054536747703,-1.0
-2.5092054536747703,1.0
-2.4786731976362444,-1.0
-2.4786731976362444,1.0
-2.4485339007442968,-1.0
-2.4485339007442968,1.0
-2.418754923770398,-1.0
-2.418754923770398,1.0
-2.3893073918571774,-1.0
-2.3893073918571774,1.0
-2.3601655712087894,-1.0
-2.3601655712087894,1.0
-2.3313063730590793,-1.0
-2.3313063730590793,1.0
-2.3027089541897707,-1.0
-2.3027089541897707,1.0
-2.274354391711341,-1.0
-2.274354391711341,1.0
-2.246225415681851,-1.0
-2.246225415681851,1.0
-2.2183061872849907,-1.0
-2.2183061872849907,1.0
-2.1905821132662355,-1.0
-2.1905821132662355,1.0
-2.1630396894966935,-1.0
-2.1630396894966935,1.0
-2.135666368138252,-1.0
-2.135666368138252,1.0
-2.1084504440821044,-1.0
-2.1084504440821044,1.0
-2.0813809572399538,-1.0
-2.0813809572399538,1.0
-2.0544476079597023,-1.0
-2.0544476079597023,1.0
-2.0276406833722413,-1.0
-2.0276406833722413,1.0
-2.0009509928914886,-1.0
-2.0009509928914886,1.0
-1.9743698114167514,-1.0
-1.9743698114167514,1.0
-1.9478888290441456,-1.0
-1.9478888290441456,1.0
-1.9215001062994876,-1.0
-1.9215001062994876,1.0
-1.8951960340697316,-1.0
-1.8951960340697316,1.0
-1.868969297542393,-1.0
-1.868969297542393,1.0
-1.8428128435705506,-1.0
-1.8428128435705506,1.0
-1.816719850967576,-1.0
-1.816719850967576,1.0
-1.7906837033079233,-1.0
-1.7906837033079233,1.0
-1.764697963868445,-1.0
-1.764697963868445,1.0
-1.7387563523926144,-1.0
-1.7387563523926144,1.0
-1.712852723399628,-1.0
-1.712852723399628,1.0
-1.6869810457924141,-1.0
-1.6869810457924141,1.0
-1.6611353835448754,-1.0
-1.6611353835448754,1.0
-1.635309877269927,-1.0
-1.635309877269927,1.0
-1.6094987264869414,-1.0
-1.6094987264869414,1.0
-1.5836961724201666,-1.0
-1.5836961724201666,1.0
-1.5578964811696212,-1.0
-1.5578964811696212,1.0
-1.5320939271028458,-1.0
-1.5320939271028458,1.0
-1.5062827763198636,-1.0
-1.5062827763198636,1.0
-1.4804572700449121,-1.0
-1.4804572700449121,1.0
-1.454611607797369,-1.0
-1.454611607797369,1.0
-1.4287399301901653,-1.0
-1.4287399301901653,1.0
-1.4028363011971925,-1.0
-1.4028363011971925,1.0
-1.3768946897213659,-1.0
-1.3768946897213659,1.0
-1.3509089502818985,-1.0
-1.3509089502818985,1.0
-1.3248728026222412,-1.0
-1.3248728026222412,1.0
-1.2987798100192616,-1.0
-1.2987798100192616,1.0
-1.2726233560474172,-1.0
-1.2726233560474172,1.0
-1.2463966195200749,-1.0
-1.2463966195200749,1.0
-1.220092547290311,-1.0
-1.220092547290311,1.0
-1.1937038245456657,-1.0
-1.1937038245456657,1.0
-1.1672228421730624,-1.0
-1.1672228421730624,1.0
-1.1406416606983252,-1.0
-1.1406416606983252,1.0
-1.1139519702175584,-1.0
-1.1139519702175584,1.0
-1.0871450456300769,-1.0
-1.0871450456300769,1.0
-1.0602116963498207,-1.0
-1.0602116963498207,1.0
-1.0331422095076526,-1.0
-1.0331422095076526,1.0
-1.0059262854514888,-1.0
-1.0059262854514888,1.0
-0.9785529640930364,-1.0
-0.9785529640930364,1.0
-0.9510105403235173,-1.0
-0.9510105403235173,1.0
-0.9232864663047804,-1.0
-0.9232864663047804,1.0
-0.8953672379079384,-1.0
-0.8953672379079384,1.0
-0.8672382618784366,-1.0
-0.8672382618784366,1.0
-0.8388836994000055,-1.0
-0.8388836994000055,1.0
-0.8102862805307011,-1.0
-0.8102862805307011,1.0
-0.7814270823809985,-1.0
-0.7814270823809985,1.0
-0.7522852617326243,-1.0
-0.7522852617326243,1.0
-0.7228377298194159,-1.0
-0.7228377298194159,1.0
-0.6930587528454956,-1.0
-0.6930587528454956,1.0
-0.6629194559535608,-1.0
-0.6629194559535608,1.0
-0.6323871999150322,-1.0
-0.6323871999150322,1.0
-0.601424787423785,-1.0
-0.601424787423785,1.0
-0.5699894372846622,-1.0
-0.5699894372846622,1.0
-0.538031436205014,-1.0
-0.538031436205014,1.0
-0.5054923327158135,-1.0
-0.5054923327158135,1.0
-0.47230246403845083,-1.0
-0.47230246403845083,1.0
-0.4383774820052275,-1.0
-0.4383774820052275,1.0
-0.40361332401316935,-1.0
-0.40361332401316935,1.0
-0.3678786664706559,-1.0
-0.3678786664706559,1.0
-0.3310030930060317,-1.0
-0.3310030930060317,1.0
-0.2927575009900984,-1.0
-0.2927575009900984,1.0
-0.25281928976815127,-1.0
-0.25281928976815127,1.0
-0.2107044017322584,-1.0
-0.2107044017322584,1.0
-0.16561569457658562,-1.0
-0.16561569457658562,1.0
-0.11602661750999893,-1.0
-0.11602661750999893,1.0
-0.05800232525740935,-1.0
-0.05800232525740935,1.0
0.0,-1.0
0.0,1.0
0.0747987233746179,-1.0
0.0747987233746179,1.0
0.12957937281920567,-1.0
0.12957937281920567,1.0
0.17752032158648806,-1.0
0.17752032158648806,1.0
0.22151283055213414,-1.0
0.22151283055213414,1.0
0.2628052705048947,-1.0
0.2628052705048947,1.0
0.3020827606881038,-1.0
0.3020827606881038,1.0
0.3397737237182756,-1.0
0.3397737237182756,1.0
0.37616930607439925,-1.0
0.37616930607439925,1.0
0.411479177289463,-1.0
0.411479177289463,1.0
0.44586094396824866,-1.0
0.44586094396824866,1.0
0.479437057519719,-1.0
0.479437057519719,1.0
0.5123051906594289,-1.0
0.5123051906594289,1.0
0.5445449413113665,-1.0
0.5445449413113665,1.0
0.5762223470758092,-1.0
0.5762223470758092,1.0
0.6073930310484253,-1.0
0.6073930310484253,1.0
0.6381044577613035,-1.0
0.6381044577613035,1.0
0.6683975910315846,-1.0
0.6683975910315846,1.0
0.6983081382701763,-1.0
0.6983081382701763,1.0
0.7278675017568845,-1.0
0.7278675017568845,1.0
0.7571035177748052,-1.0
0.7571035177748052,1.0
0.7860410392379189,-1.0
0.7860410392379189,1.0
0.8147024009031106,-1.0
0.8147024009031106,1.0
0.8431077951637851,-1.0
0.8431077951637851,1.0
0.8712755788229675,-1.0
0.8712755788229675,1.0
0.8992225259386644,-1.0
0.8992225259386644,1.0
0.9269640380665782,-1.0
0.9269640380665782,1.0
0.9545143205074201,-1.0
0.9545143205074201,1.0
0.9818865311775823,-1.0
0.9818865311775823,1.0
1.0090929072479438,-1.0
1.0090929072479438,1.0
1.0361448735899181,-1.0
1.0361448735899181,1.0
1.0630531362293063,-1.0
1.0630531362293063,1.0
1.0898277633661115,-1.0
1.0898277633661115,1.0
1.116478256021571,-1.0
1.116478256021571,1.0
1.1430136099860928,-1.0
1.1430136099860928,1.0
1.1694423704370143,-1.0
1.1694423704370143,1.0
1.195772680353583,-1.0
1.195772680353583,1.0
1.2220123236639844,-1.0
1.2220123236639844,1.0
1.2481687639046137,-1.0
1.2481687639046137,1.0
1.274249179046999,-1.0
1.274249179046999,1.0
1.3002604930465302,-1.0
1.3002604930465302,1.0
1.326209404584654,-1.0
1.326209404584654,1.0
1.35210241340871,-1.0
1.35210241340871,1.0
1.377945844618297,-1.0
1.377945844618297,1.0
1.4037458712015962,-1.0
1.4037458712015962,1.0
1.4295085350878103,-1.0
1.4295085350878103,1.0
1.455239766951311,-1.0
1.455239766951311,1.0
1.4809454049780653,-1.0
1.4809454049780653,1.0
1.5066312127848456,-1.0
1.5066312127848456,1.0
1.5323028966655678,-1.0
1.5323028966655678,1.0
1.557966122326562,-1.0
1.557966122326562,1.0
1.5836265312632514,-1.0
1.5836265312632514,1.0
1.6092897569242461,-1.0
1.6092897569242461,1.0
1.6349614408049729,-1.0
1.6349614408049729,1.0
1.6606472486117532,-1.0
1.6606472486117532,1.0
1.6863528866385031,-1.0
1.6863528866385031,1.0
1.7120841185020037,-1.0
1.7120841185020037,1.0
1.7378467823882218,-1.0
1.7378467823882218,1.0
1.7636468089715176,-1.0
1.7636468089715176,1.0
1.789490240181102,-1.0
1.789490240181102,1.0
1.8153832490051558,-1.0
1.8153832490051558,1.0
1.8413321605432762,-1.0
1.8413321605432762,1.0
1.8673434745428055,-1.0
1.8673434745428055,1.0
1.8934238896851883,-1.0
1.8934238896851883,1.0
1.9195803299258154,-1.0
1.9195803299258154,1.0
1.9458199732362145,-1.0
1.9458199732362145,1.0
1.9721502831527808,-1.0
1.9721502831527808,1.0
1.9985790436037039,-1.0
1.9985790436037039,1.0
2.025114397568227,-1.0
2.025114397568227,1.0
2.0517648902236845,-1.0
2.0517648902236845,1.0
2.0785395173604884,-1.0
2.0785395173604884,1.0
2.1054477799998748,-1.0
2.1054477799998748,1.0
2.1324997463418476,-1.0
2.1324997463418476,1.0
2.159706122412208,-1.0
2.159706122412208,1.0
2.1870783330823653,-1.0
2.1870783330823653,1.0
2.214628615523205,-1.0
2.214628615523205,1.0
2.242370127651121,-1.0
2.242370127651121,1.0
2.2703170747668198,-1.0
2.2703170747668198,1.0
2.298484858426001,-1.0
2.298484858426001,1.0
2.3268902526866695,-1.0
2.3268902526866695,1.0
2.355551614351854,-1.0
2.355551614351854,1.0
2.384489135814967,-1.0
2.384489135814967,1.0
2.4137251518328946,-1.0
2.4137251518328946,1.0
2.443284515319604,-1.0
2.443284515319604,1.0
2.47319506255819,-1.0
2.47319506255819,1.0
2.5034881958284663,-1.0
2.5034881958284663,1.0
2.534199622541346,-1.0
2.534199622541346,1.0
2.5653703065139672,-1.0
2.5653703065139672,1.0
2.59704771227841,-1.0
2.59704771227841,1.0
2.6292874629303493,-1.0
2.6292874629303493,1.0
2.662155596070059,-1.0
2.662155596070059,1.0
2.69573170962153,-1.0
2.69573170962153,1.0
2.7301134763003185,-1.0
2.7301134763003185,1.0
2.765423347515381,-1.0
2.765423347515381,1.0
2.8018189298715033,-1.0
2.8018189298715033,1.0
2.8395098929016727,-1.0
2.8395098929016727,1.0
2.8787873830848825,-1.0
2.8787873830848825,1.0
2.9200798230376477,-1.0
2.9200798230376477,1.0
2.9640723320032967,-1.0
2.9640723320032967,1.0
3.012013280770582,-1.0
3.012013280770582,1.0
3.0667939302151734,-1.0
3.0667939302151734,1.0
3.141592653589793,-1.0
3.141592653589793,1.0
