1.32,1.01
1.3203168,1.0125856
1.32055344377045,1.01517527863685
1.32070959906671,1.01776836834317
1.32078496714945,1.02036419419672
1.32077928326179,1.02296207419209
1.32069231707653,1.02556131952561
1.320523873113,1.02816123499323
1.32027379139474,1.03076111925471
1.3199419473589,1.03336026499722
1.31952825237128,1.03595795927743
1.31903265399339,1.03855348394715
1.31845513636302,1.04114611589938
1.31779572025299,1.0437351276758
1.31705446339,1.04631978836156
1.31623146061321,1.04889936498653
1.31532684405888,1.05147312205585
1.31434078328258,1.05404032049307
1.31327348529982,1.0566002191705
1.31212519462613,1.05915207422913
1.31089619324625,1.06169514050565
1.30958680057843,1.06422867095605
1.30819737337024,1.0667519180338
1.30672830558717,1.06926413315651
1.30518002823344,1.07176456809514
1.30355300916559,1.07425247441772
1.30184775283727,1.0767271049173
1.30006479987371,1.07918771305515
1.29820472722379,1.08163355439035
1.29626814717138,1.08406388616366
1.29425570753503,1.08647796836094
1.29216809110117,1.08887506394701
1.29000601486797,1.09125443910974
1.28777022977186,1.09361544292992
1.28546150106493,1.09595737975375
1.28308064918558,1.09827957063847
1.2806285286417,1.10058122092487
1.2781060215213,1.10286161948349
1.27551404173516,1.10512006156418
1.27285350931288,1.10735586891853
1.27012539868292,1.1095684039512
1.26733071408631,1.11175690798738
1.26447048583015,1.11392070465993
1.26154577136332,1.11605912585237
1.25855763059535,1.11817161427592
1.25550717609911,1.12025740477037
1.2523955408479,1.12231585177273
1.24922388195786,1.12434632203474
1.24599337927198,1.12634819021341
1.2427052125551,1.12832086778539
1.23936063942028,1.13026373878343
1.23596119423564,1.13217636380293
1.23250814129203,1.13405811128892
1.22900276071244,1.13590841991741
1.22544634918956,1.1377267505677
1.22184019726746,1.13951260484866
1.21818563331364,1.14126539610173
1.21448399735613,1.14298464431233
1.2107366428031,1.14466984780479
1.20694493437498,1.1463205119144
1.2031102266091,1.14793616344985
1.19923390376723,1.14951627837405
1.19531735648796,1.15106041816894
1.1913619828262,1.1525681537802
1.18736918707764,1.15403909033669
1.18334037933136,1.15547280321801
1.17927697347397,1.1568689097631
1.1751803864327,1.15822704175299
1.17105201889542,1.15954686644207
1.16689329188134,1.16082802615828
1.16270562658379,1.16207019865796
1.15849044365713,1.16327308056971
1.15424916154449,1.16443638374523
1.14998319676302,1.16555984385194
1.14569396216207,1.16664322759258
1.14138286685565,1.16768626741383
1.13705131448495,1.1686887403944
1.13270068487177,1.16965047114843
1.12833236928081,1.17057123784057
1.12394775045718,1.17145086327746
1.11954819793766,1.17228918917837
1.1151350815997,1.17308607680123
1.11070975656642,1.17384141839104
1.10627356776084,1.17455509065766
1.10182784836169,1.17522701429636
1.09737391987944,1.1758571169909
1.09291309126801,1.17644534285455
1.08844665831776,1.17699165188764
1.08397590306296,1.17749601984994
1.07950207442094,1.1779584889945
1.07502642682405,1.17837901765378
1.07055019557296,1.17875762692638
1.06607460517844,1.17909435471589
1.0616008612182,1.17938925304327
1.05713015249835,1.17964238869844
1.05280808296325,1.17985384304157
1.04889168233158,1.18002371826608
1.04497758841406,1.18015214237543
1.04106678893134,1.18023923968324
1.03716025825622,1.18028514816772
1.03325895711667,1.18029001923387
1.02936383231756,1.18025401746919
1.02547581648113,1.18017732039325
1.02159579937823,1.18006019803449
1.01772468696772,1.18007664506247
1.01386340506132,1.18019496513189
1.01001285750553,1.18027210167637
1.00617390386981,1.18030819825698
1.00234738610228,1.18030341088681
0.99853413166731,1.18025790885916
0.994734952369844,1.18017187415061
0.990950644256961,1.18004550116447
0.987181987535846,1.17987899646937
0.983429746507711,1.1796726533952
0.979694671284247,1.17942661428562
0.975977493895459,1.17914112063804
0.972278898221452,1.17881651427775
0.968599584149386,1.17845296887567
0.964940236221474,1.17805075793693
0.961301523204942,1.17761016528131
0.957684098052177,1.17713148473415
0.954088597447243,1.176615019673
0.950515644125894,1.17606108349037
0.946965841225325,1.17546999741237
0.943439779690464,1.17484209261543
0.93993803118635,1.17417770757406
0.936461154455845,1.17347718982646
0.933009692408353,1.17274089469633
0.929584140439561,1.17196926508391
0.926185947755252,1.17116251121984
0.922814669410847,1.17032115676381
0.919470792770382,1.16944550774231
0.916154782697133,1.16853595356301
0.912867093034384,1.16759289099956
0.909608162646017,1.16661672255077
0.906379436487389,1.16560778577786
0.903180296499892,1.16456663233085
0.900011141440372,1.16349386576698
0.896872329960169,1.16238972054084
0.893764234493384,1.16125455707915
0.890687212610362,1.16008877548246
0.887642594755813,1.15889278434794
0.884629716824576,1.15766711072322
0.88164889855279,1.15641213581269
0.878700446037935,1.15512830693101
0.875784653307274,1.15381607451516
0.872901801320608,1.15247589148437
0.870053025953879,1.15110821414493
0.867237700526551,1.14971355799835
0.864456074413863,1.14829236329369
0.861708385630834,1.14684538769334
0.858994854394274,1.14537285136066
0.856315698743798,1.14387516110167
0.853671125258483,1.14235278196082
0.851061330600374,1.14080618016584
0.848487366824647,1.13923580833073
0.845948678539525,1.13764223665629
0.843445475309254,1.13602592443617
0.840977914780845,1.13438734648362
0.838546145633012,1.13272696681992
0.836150307495873,1.13104524745208
0.833791316899734,1.12934261721812
0.831468506136208,1.12761985601277
0.829181982441626,1.12587715615997
0.826931853075195,1.12411496931469
0.824718217865565,1.12233376512865
0.822541168852407,1.12053400997108
0.820400790950275,1.11871617274798
0.818297162236564,1.11688071433939
0.816230350140091,1.11502809598516
0.814200423574043,1.11315878370297
0.812208158613019,1.11127322048494
0.810252885694991,1.10937189074254
0.808334641485057,1.10745524979
0.806453468046203,1.10552399878581
0.804609406873549,1.10357832952441
0.802802488196775,1.10161869164728
0.801032737560297,1.09964553588674
0.799300165702065,1.09765931821639
0.797604788482823,1.09566046709589
0.795946612874953,1.09364942123116
0.794325649600303,1.09162662666417
0.792742011439943,1.08959251173692
0.791196126630061,1.08754749905469
0.78968744609681,1.0854920563305
0.788215961180406,1.08342659237136
0.786781659318311,1.08135177451447
0.785384516725929,1.0792678075091
0.784024514792495,1.07717508713095
0.782701631369782,1.07507403032111
0.781415841374645,1.07296505090963
0.780167116927937,1.07084855957274
0.778955427343195,1.06872496374578
0.777780739671871,1.06659466771963
0.776643018430412,1.06445807247932
0.775542225846337,1.06231557571177
0.774478321980149,1.06016776701959
0.773451268471379,1.05801484026106
0.772461725223163,1.05585718311407
0.771508925196444,1.05369521377233
0.770592821368281,1.05152927552897
0.769713364865746,1.04935974579602
0.768870505048653,1.04718699846875
0.768064189839567,1.04501140399175
0.767294365816072,1.04283332935088
0.766560978298023,1.04065313806688
0.76586397143145,1.03847119019116
0.765203288269711,1.03628784230374
0.764578870851148,1.03410344751309
0.763990660270596,1.03191835545694
0.763438595733085,1.02973291195615
0.76292261737349,1.02754745996655
0.762442664232789,1.02536233885837
0.761998675155419,1.02317788472795
0.761590586690919,1.02115997772934
0.761218365855491,1.01920687481251
0.760881960726405,1.01725441703245
0.760582439873799,1.01530285930325
0.760318602903776,1.01335259269947
0.760090386721062,1.01140386682827
0.760010052509812,1.00945702505142
0.760157118092155,1.00751231438355
0.760339006336758,1.00557003085569
0.760555653613122,1.00363046085033
0.760806997386729,1.00169388839683
0.761092972696036,0.999760593992967
0.7614135156301,0.99783085578379
0.761768562188448,0.995904949194231
0.762158049560131,0.993983147368431
0.762581912090731,0.992065719847714
0.763040085838547,0.99015293411044
0.763532506402295,0.988245054854005
0.764059109254728,0.986342914091701
0.764619814939574,0.984446247990738
0.765216051630445,0.982555216401567
0.765846261363813,0.980670164900129
0.766510379339309,0.978791296671888
0.767208340106581,0.9769188607581
0.767940077977778,0.975053103682742
0.768705527001201,0.973194269474577
0.769504620933947,0.971342599690069
0.770337293215464,0.969498333437758
0.771203478812942,0.967661708036772
0.772103109183949,0.965832957354682
0.773036119633663,0.964012314307545
0.774002438512045,0.962200007311113
0.77500199708758,0.960396263582575
0.776034726097522,0.958601308028984
0.777100555718021,0.956815363295906
0.778199415493983,0.95503864977938
0.77933139243338,0.953271386385539
0.780497569988489,0.95151378953482
0.781696541994628,0.949767057527913
0.782928252749329,0.948030407880407
0.784192606050688,0.946304088544037
0.785489527136048,0.944588267558868
0.786818939497245,0.942883150087273
0.788180765554194,0.941188939257889
0.789574926593297,0.939506477829113
0.791001354862731,0.937835322956456
0.792459949781607,0.936175706177016
0.793950629396766,0.934527787541432
0.795473309776651,0.932891760326947
0.797027905517428,0.93126780434043
0.798615863975662,0.929656089542166
0.800235565216684,0.928057490065655
0.801886912621626,0.926471552178464
0.803569814435429,0.924898427627164
0.80528418084798,0.923338300220806
0.807029911180103,0.921791349109111
0.808806907231699,0.920257753240183
0.810615068696701,0.918737689907444
0.812454293077401,0.917231935458192
0.814324469665899,0.915740075110541
0.816225491527088,0.914262268882432
0.818157504254942,0.912798687630905
0.82012072683982,0.911349490954964
0.822114461203954,0.909914906057865
0.824138590746323,0.908495065767505
0.826192995374717,0.907090134103307
0.828277723547541,0.905700405432666
0.830393051985319,0.904326358293258
0.832538271539988,0.902967756946573
0.834713251307944,0.901624703973297
0.836917855548553,0.900297356418757
0.839152047613158,0.898985904191285
0.841415716345081,0.897690511585223
0.843708717102411,0.896411837081048
0.846031543138516,0.895149517324615
0.8483833962625,0.893903720535059
0.85076411976017,0.892674585443247
0.853173552549661,0.891462262143951
0.855611529873282,0.890266899731184
0.858077882842692,0.889088646204996
0.860572437886229,0.887927648344282
0.863095356637382,0.886784055136809
0.865646648697847,0.885657999108934
0.868225596102144,0.88455022687705
0.870831998579277,0.883460296996952
0.873465658073947,0.882388334675097
0.87612637101866,0.881334480850153
0.878813929198511,0.880298873381417
0.881528119541075,0.879281648845751
0.884268722165455,0.878282943499815
0.887035511497723,0.877302891842055
0.889828256121844,0.876341628655318
0.892646718685082,0.875399285429836
0.895491381568632,0.874475982638777
0.898361273930745,0.873571873195299
0.901256140319392,0.872687685717463
0.904175707969498,0.871822947377533
0.907119707809441,0.87097778028835
0.910087863878647,0.870152312512938
0.913080617874923,0.869346654012935
0.916096959742736,0.868560963528134
0.919136592986329,0.867795349185719
0.922199213523977,0.867049935285763
0.925284509933533,0.866324845200512
0.928392163325084,0.865620201374089
0.931521847214161,0.864936125321244
0.934673227393862,0.864272737624541
0.937845961813573,0.863630157932511
0.941039700457367,0.863008504956386
0.944255108044486,0.862407869666064
0.94749080179978,0.861829160569722
0.950746392325911,0.861271755156462
0.954021496839993,0.860735740429705
0.957315723355693,0.860221230164792
0.960628668746374,0.85972833633818
0.963959926057811,0.859257171575293
0.967309076913688,0.85880784666687
0.97067569391882,0.858380471382642
0.974059340552569,0.857975154456637
0.977459573370051,0.857592004377913
0.980875934923232,0.857231126939572
0.984309315954942,0.856892590383248
0.987757896208945,0.856576569519508
0.99122119270843,0.856283130318091
0.994698711885296,0.856012374895931
0.998189950368423,0.855764404195568
1.00169439490096,0.855539317960271
1.00521152226143,0.855337214707817
1.00874079918878,0.855159392184817
1.01228166045764,0.855004793827909
1.01583355072691,0.854873470713143
1.01939590585451,0.854866982973373
1.02296817303875,0.854992148489381
1.02654979111173,0.85514165517636
1.03014016597351,0.855315579802054
1.03373869308255,0.855513997237818
1.03734475741916,0.855736980403332
1.04095773344888,0.85598460020957
1.04488121455506,0.856256925499978
1.04895117741506,0.856554035134888
1.05302950055956,0.856875999524936
1.05711546817727,0.857222881456668
1.06120886508983,0.857594741397409
1.06531049656596,0.857993128620626
1.06941754053326,0.85841670570914
1.07352923039009,0.858865424839539
1.07764478323463,0.859339336141841
1.08176340271227,0.859838487038411
1.08588427926472,0.86036292218184
1.09000659263533,0.860912684280681
1.09412950762533,0.861487812541527
1.09825217191524,0.862088341930244
1.10237372492112,0.862714305956886
1.10649328895513,0.863365733616545
1.11061093024027,0.864042651288579
1.11472695374132,0.864745036657586
1.11883830861089,0.865473000538517
1.12294406585377,0.866226506284342
1.12704328443409,0.867007249452069
1.13113497838515,0.867813616585119
1.13521818437117,0.868645561191704
1.13929192166349,0.869503083198631
1.14335519914771,0.870386179087558
1.14740701370955,0.87129484120093
1.15144635043133,0.872229057639603
1.15547218279933,0.8731888121579
1.15948347293012,0.874174084058805
1.1634791765987,0.87518484966043
1.16745822917336,0.876221077498461
1.1714195601155,0.877282732862403
1.17536515205174,0.878371360705219
1.17929084509225,0.879485410028051
1.18319659027945,0.880624737868178
1.18708219111026,0.881789265124452
1.190944591203,0.882978985027016
1.19478265386092,0.884193797866336
1.19859524050669,0.885433631365157
1.20238246024222,0.886698407538503
1.2061434153672,0.887988042718706
1.20987545518137,0.889302447721199
1.21357741142042,0.890642530074723
1.21724808757138,0.892007213204342
1.22088808533585,0.89339636648622
1.22449541287035,0.894809875203851
1.22806792445768,0.896248333917569
1.2316044182765,0.897710947927447
1.23510369671285,0.899197531224253
1.23856491543861,0.900707938470793
1.24198874928286,0.902242010837069
1.24537177049929,0.903799617100727
1.24871277077881,0.905380615550458
1.2520105418409,0.906985458573097
1.2552638618891,0.908613399489585
1.25847154966845,0.910264209729428
1.26163415560954,0.911937755758739
1.26475046007518,0.913633856848888
1.26781778416919,0.915352344775544
1.27083493617859,0.917092931504993
1.27380072712263,0.918856288883556
1.27671547692729,0.920641316999979
1.27957738612818,0.922447760344672
1.28238439880273,0.92427537063236
1.28513534609501,0.926123895499763
1.28782907213425,0.927993067771495
1.29046442746455,0.929882623144668
1.29304027530696,0.931792265883521
1.29555586140335,0.933721703968627
1.29801225226355,0.935671527849734
1.30040578141182,0.93764057522834
1.30273535577773,0.939628490859809
1.30499989803046,0.941634947200389
1.30719834452602,0.943659612728084
1.30932964548984,0.945702899847299
1.31139275627359,0.947763728589876
1.31338666172917,0.94984171357795
1.3153111966629,0.951936483848854
1.31716722018811,0.954047633191423
1.31895112290413,0.95617482452258
1.32066196721876,0.95831762711609
1.32229883634966,0.960475633576221
1.32386083624847,0.962648427443689
1.32534709650268,0.964836745520962
1.32675674656342,0.967039042162581
1.32808896697617,0.969254829850224
1.32934296326908,0.971483655829753
1.33051796745158,0.973725058215388
1.33161423688699,0.975978566498086
1.3326336794812,0.978243650782096
1.33357201214454,0.980519918920468
1.33442858824276,0.982806819229202
1.33520278553232,0.985103846706296
1.33589401356156,0.987411997728376
1.3365016806045,0.989729315171994
1.33702526228604,0.992055203429456
1.33746426916041,0.994389124688536
1.33781824486259,0.996730532820973
1.33808676545443,0.999078873081224
1.33826944890643,1.00143358520765
1.33836594650038,1.00379410056933
1.33837594656381,1.00615984338902
1.33830630512028,1.00853015019781
1.33814967445407,1.01090457815741
