1.28,0.99
1.2796832,0.9922144
1.27929679448945,0.994436241943183
1.27884077372182,0.996665017135426
1.27831515720868,0.998900209990491
1.27771999385042,1.00114129817179
1.27705536204408,1.00338775274013
1.27632136976779,1.00563903820728
1.27551815436885,1.00789461274232
1.27464588304428,1.01015392849674
1.27370475265769,1.01241643176987
1.27269498974587,1.01468156310858
1.27161685035232,1.01694875760445
1.27047062012249,1.01921744484701
1.26925661407776,1.02148704860665
1.26797517648822,1.02375698602778
1.26662668065711,1.02602666870897
1.26521152870502,1.02829550438616
1.26373015137287,1.0305628960439
1.26218300776213,1.03282824325174
1.26057058508265,1.03509094140761
1.25889339834209,1.03735038299799
1.25715199004064,1.03960595691652
1.25534692980989,1.0418570497061
1.25347881405684,1.04410304489001
1.25154826555294,1.04634332425912
1.24955593303011,1.04857726718492
1.2475024908862,1.05080425192635
1.2453886382524,1.05302365495861
1.24321509914222,1.05523485215519
1.24098262135347,1.0574372184969
1.23869197607965,1.0596301286163
1.2363439576545,1.06181295733663
1.23393938275902,1.06398500078891
1.23147910892438,1.06614560482944
1.22896399248954,1.06829410438604
1.22639490849518,1.07042995667892
1.22377275590507,1.07255254276674
1.22109845204365,1.07466124548997
1.21837295693837,1.07675543013861
1.21559722363317,1.07883443108854
1.21277222133076,1.08089771431691
1.20989893765165,1.08294467479435
1.20697837603677,1.08497471131471
1.20401157887159,1.08698712468408
1.20099957569357,1.08898143717843
1.19794341383757,1.09095706582389
1.19484415304485,1.09291343041951
1.19170286520718,1.09484995867575
1.18852065547655,1.09676605801766
1.1852985826223,1.0986611805538
1.1820374583926,1.10053461976072
1.17873839259596,1.10238587987401
1.17540250542993,1.10421441416918
1.1720309249709,1.10601967363598
1.16862480811155,1.10780108908182
1.1651852948025,1.1095582007413
1.16171353242584,1.11129046395894
1.15821067228543,1.11299737806971
1.15467786988662,1.11467845828279
1.15111630464764,1.11633322175481
1.14752713821452,1.11796126042402
1.14391153604029,1.1195621051391
1.14027066458807,1.12113530218626
1.13660569076263,1.12268038901935
1.13291778062954,1.12419695861903
1.12920809970026,1.12568458818782
1.12547781199822,1.12714286704748
1.12172809766971,1.12857137596405
1.11796011476771,1.12996974787981
1.11417501778921,1.13133760786636
1.1103739567958,1.13267458996409
1.10655807752228,1.13398034108998
1.10272851955858,1.13525451267884
1.09888641659081,1.13649675367277
1.09503289500169,1.1377067759966
1.09116907417595,1.13888427582908
1.0872960834511,1.1400289308339
1.08341502549676,1.14114049425425
1.07952699495744,1.14221870390648
1.07563308184964,1.14326330797385
1.07173435680734,1.14427406440548
1.06783188494489,1.14525072949186
1.06392672015776,1.14619310437184
1.0600199055534,1.14710097547742
1.05611247230506,1.14797415147287
1.05220543951385,1.1488124537332
1.04829981383372,1.1496157167838
1.04439658912642,1.15038378830337
1.0404967649296,1.15111647824404
1.03660130697692,1.15181370907818
1.03271117102979,1.15247536892821
1.02882729381354,1.15310135730827
1.02495060041171,1.15369158759732
1.02108200144791,1.15424598613795
1.01707796055207,1.15476449217134
1.01268348314448,1.15524705129301
1.00830393358205,1.15569361017764
1.00394029284779,1.15610414576437
0.999593521358704,1.15647864757195
0.995264558855375,1.15681711759109
0.990954324314472,1.15711957016896
0.98666371588356,1.15738603188596
0.982393639265631,1.15761646159235
0.978144948434973,1.15763711787689
0.973918441766501,1.15747997431213
0.969714903686021,1.15728838823881
0.965535126849434,1.15706253998585
0.961379885398157,1.1568026201021
0.957249931757126,1.15650882807917
0.953145997787469,1.15618137248865
0.949068794893548,1.15582047077188
0.945019014146067,1.15542634902755
0.94099732642057,1.15499916693575
0.937004380783757,1.15453925501953
0.933040808517704,1.15404686401417
0.929107253347738,1.15352216319786
0.92520430747449,1.15296550837446
0.921332543138228,1.15237717338292
0.917492513287759,1.15175743911186
0.913684751882794,1.15110659330172
0.909909774632798,1.15042493048971
0.906168076981769,1.14971275103847
0.90246014008592,1.1489703628079
0.898786423767032,1.14819807852483
0.895147373955346,1.14739621793
0.89154341671484,1.14656510550504
0.887974961557163,1.1457050712436
0.884442433537676,1.14481637035632
0.880945272361959,1.14389950301537
0.877484780790096,1.1429546677572
0.874061298648347,1.14198229204488
0.870675158064013,1.14098273077643
0.867326672488124,1.13995634180413
0.864016141180717,1.13890348707993
0.860742828587143,1.13782460285714
0.857508033965145,1.1367199201855
0.854312012067949,1.1355896266252
0.851155030584083,1.13443428679496
0.848037316773503,1.13325434684143
0.844959086643256,1.13205022028798
0.841919557761686,1.13082231876241
0.838919917162615,1.12957094162582
0.835960343548706,1.12829653981803
0.833041005294179,1.12699950348794
0.830162059418527,1.12568022456652
0.827323653109012,1.12433909700519
0.824525056331358,1.12297651545362
0.821767279794208,1.12159281907652
0.81905043689438,1.12018842561132
0.816374631672288,1.11876343832593
0.813739965787199,1.11731850056277
0.811146523430842,1.11585407123677
0.808594381142257,1.11437055288761
0.806083606792241,1.11286834839105
0.803613394797187,1.11134787542043
0.801184529478806,1.10980943491901
0.798797013176055,1.10825343927502
0.79645088362824,1.10668028558449
0.794146171548708,1.10509038165471
0.791882901149516,1.10348413695099
0.78966030473942,1.10186199344763
0.787479184331277,1.10022404113132
0.785339552938565,1.09857095635981
0.783241409970383,1.09690315469951
0.781184749151091,1.09522103200744
0.779169559337769,1.09352498546622
0.777195824308039,1.09181540752862
0.775263522916297,1.09009269625223
0.773372633295282,1.08835724670877
0.77152312129027,1.08660944630725
0.769714235065159,1.08484970243949
0.767946658358953,1.08307837782266
0.766220359026686,1.08129586082651
0.764535290265154,1.07950229034999
0.762891396966896,1.0776983108551
0.761288626797685,1.07588430498858
0.759726923987896,1.07406065017808
0.758206239816857,1.07222771432872
0.756726513038319,1.07038588843227
0.755287684268746,1.06853554865742
0.753889683594684,1.06667705915869
0.752532332685085,1.06481079695491
0.751215131685464,1.06293713985711
0.749938552295575,1.0610564155109
0.748702520349459,1.05916900530329
0.747506960428022,1.05727502682553
0.746351803465786,1.05537505489635
0.745236970634156,1.05346946785849
0.744162382323624,1.05155861735624
0.743127957803962,1.04964285253411
0.742133615339902,1.04772252000714
0.741179272445006,1.04579796388215
0.740264845587016,1.04386952559535
0.739390250679229,1.04193754402096
0.73855540306125,1.04000235541007
0.737760217592028,1.03806409812967
0.737004605111071,1.03612330028016
0.736287775953491,1.03418029009341
0.735610365347882,1.03223535920301
0.734972286641541,1.03028886803176
0.734373453347157,1.02834113674595
0.733813779226642,1.02639248287112
0.733293178125027,1.0244432212085
0.73281156403385,1.02249366382971
0.732368851152527,1.02054412007352
0.731964953946141,1.01859489654404
0.731599787199145,1.01664629711018
0.731273266065804,1.01469862290658
0.730985306120128,1.01275217233678
0.730735824448844,1.01080724141595
0.730524736835135,1.00886412286445
0.730351960008212,1.00692310679953
0.730217410762154,1.00498448046642
0.730121008211626,1.0028829809025
0.730062641055139,1.00072096224013
0.730042217077406,0.998563188414664
0.730058523788875,0.996410003436431
0.730112617948088,0.994261609117858
0.73020441934443,0.992118342736799
0.730221523914705,0.989980441832641
0.730084271388775,0.987848234358029
0.729985096938683,0.985721993346964
0.729923922761617,0.983601995618475
0.729900670496516,0.981488514528392
0.729915264833962,0.979381821169665
0.729967629999441,0.977282183257934
0.730057690929672,0.975189865537336
0.730185372010935,0.973105129385912
0.730350601120835,0.971028234184996
0.730553305022624,0.968959435845834
0.730793411602594,0.966898987554934
0.731070849496683,0.964846569739832
0.7313855628826,0.962802953283234
0.731735988902443,0.960768480047885
0.732123551433372,0.958743300880558
0.732548181679959,0.956727703810904
0.733009812033471,0.954721925835389
0.733508375596575,0.952726201357019
0.734043806168229,0.950740762221768
0.73461603822513,0.948765837754846
0.735225006897862,0.94680165479612
0.735870646043688,0.94484843711104
0.736552893306057,0.942906407086342
0.737271682617045,0.940975783317637
0.738026954947561,0.939056784214774
0.738818648355755,0.937149624764206
0.739646701411836,0.935254517685894
0.740511053093596,0.933371673465909
0.741411642790203,0.931501300401309
0.742348252131264,0.929643603899826
0.743319665880227,0.927798787550088
0.744327157927893,0.925966068809332
0.745370651112362,0.924146641732463
0.746450108067295,0.922340665817393
0.74756546917815,0.920548376415209
0.748716675654937,0.91876996775953
0.749903668742738,0.917005632185773
0.751126389663552,0.915254918530737
0.752384767397412,0.913518657428139
0.753678762317724,0.911797001396187
0.755008314686049,0.910090170740153
0.75637336504194,0.908398348929122
0.75777385358468,0.906721729345634
0.759208185798099,0.905060511723342
0.760677832356,0.903414188188277
0.762182738365193,0.901783575358641
0.763722841663877,0.900168881060042
0.765298075594471,0.898570277797982
0.766908381624643,0.896987939549635
0.768553695864913,0.895422037354442
0.77023395347597,0.893872740828511
0.771949088582546,0.892339617513497
0.773699040116597,0.890823423116472
0.775483739655366,0.889324335637039
0.777302862482617,0.887842519383502
0.779156006535318,0.886378147124701
0.78104368267863,0.884931321281682
0.782965815968049,0.883502235960457
0.784922330420871,0.882091051437474
0.786912976774499,0.880697795054669
0.78893727257163,0.879322307447786
0.790995716084269,0.877965141042562
0.793088221990629,0.876626507508147
0.795214704243243,0.875306561659484
0.797374971923268,0.874005423105787
0.799568902620545,0.872723234773363
0.801796401187627,0.871459643150258
0.804056728182104,0.870215314334299
0.806350428830492,0.868990380717025
0.808677400019206,0.867785002037438
0.811037535855528,0.866599324586519
0.81343072673702,0.865433493610979
0.815856859564613,0.864287653444311
0.818315818050623,0.863161947670573
0.820807142582752,0.862056515729661
0.823330517120852,0.860971511651511
0.825886344747411,0.859906473446909
0.828474501883263,0.858862125380216
0.831094853596449,0.857838623257469
0.833747261069152,0.856836105373177
0.836431580469482,0.855854711348769
0.839147662895759,0.85489458036099
0.841895356059334,0.853955850203449
0.844674502898784,0.853038658746808
0.847484941456507,0.852143141916725
0.850326504698803,0.851269437289746
0.853198294568788,0.850417691834941
0.856100854665017,0.849588018472282
0.859034001348834,0.848779952821388
0.861997556165586,0.847994230364067
0.864991324555093,0.847230990067914
0.868015106034819,0.846490363423082
0.871067969710363,0.845772498384298
0.874150423058456,0.845077492611968
0.877262246439899,0.844405492825993
0.880403213957006,0.843756628020347
0.883573092919176,0.843131026561755
0.886771643680913,0.842528816185805
0.889998619479046,0.841950123991816
0.893253766270956,0.841395076437023
0.896536822566319,0.840863799327521
0.899847519259488,0.840356417808285
0.903184556640295,0.839873083151582
0.906548666335629,0.839413127459318
0.909939570150187,0.838977412199866
0.913356966543959,0.83856608765163
0.916800546165654,0.838179275619833
0.920269993497348,0.837817097982212
0.923764979287772,0.837479674201199
0.927285167842335,0.837167123782695
0.930830214351727,0.8368795654232
0.934399764724863,0.836617116985295
0.937993453002493,0.836379894702999
0.941610908511588,0.836168015472247
0.945250393065509,0.835981631774878
0.94891286000776,0.835820787468099
0.952597905677819,0.835685633140167
0.956305117030742,0.835576281065154
0.960034070602656,0.835492842464144
0.96378433235247,0.835435427466481
0.967555457505381,0.83540414506909
0.971346990398354,0.8353979026119
0.975158486081127,0.835417959276588
0.978989468552501,0.835464463958614
0.982839448935857,0.835436053871591
0.986707905235927,0.835326105737711
0.990594301851517,0.835242123413589
0.994498113955925,0.835184218980819
0.998418804829801,0.835152503399921
1.00235582573023,0.835147086466925
1.00630861576366,0.835168076769869
1.00997237232101,0.835215581636151
1.01350988655118,0.835289694942434
1.01705802467942,0.83539051546592
1.02061622408797,0.835518145940752
1.02418339823873,0.835672687631181
1.02775741676902,0.835852749080226
1.03133975326756,0.836059821454833
1.03492980220628,0.836294102192349
1.03852695085279,0.836555686437546
1.04213057625771,0.836844667605523
1.0457400451856,0.837161137229918
1.04935471138755,0.837505184060534
1.05297392004489,0.837876895402695
1.05659700972144,0.838276357782966
1.06022330372359,0.83870365394237
1.06385211907389,0.83915886570457
1.0674818054429,0.839642071950817
1.07111045046214,0.840153394507931
1.07473947429526,0.840692816177071
1.07836815241219,0.841260461040834
1.08199574934889,0.841854714708289
1.08562155187312,0.842477265307126
1.08924480162472,0.843128227308262
1.09286473536136,0.84380766187165
1.09648057819949,0.844515626504244
1.10009154549655,0.845252175545282
1.10369684294682,0.846017360055602
1.1072956666903,0.846811227705611
1.11088720342689,0.847633822659256
1.11447062582285,0.848485183859894
1.11804510676142,0.849365349668661
1.12160980546254,0.85027435302711
1.12516080857443,0.851210638405757
1.12870032695089,0.852175736969392
1.13222644208142,0.853169762557051
1.13573736529511,0.854192755541431
1.13923415076361,0.855244674071035
1.14271591616489,0.856325559208266
1.14618176520278,0.857435414185168
1.14962953856913,0.858574237325798
1.15305806908994,0.859742021761908
1.15646792861671,0.860938755005582
1.15985819331345,0.862163416455368
1.16322795509352,0.863416957947701
1.1665744959382,0.864699373434877
1.16989768046757,0.866010628760112
1.17319751711017,0.867349968018077
1.17647306120396,0.868718011821054
1.17972335558504,0.870114759076289
1.18294708225483,0.871540154793876
1.18614139800932,0.872994143796786
1.18930755662975,0.874476629528773
1.19244458806083,0.875987511819508
1.19555151886575,0.877526082026291
1.19862738684576,0.879092815927921
1.20167118808597,0.880687656281434
1.20468018694225,0.882310435626949
1.20765341893254,0.883961018260816
1.21059138117615,0.885639240252806
1.213493087099,0.887345041521806
1.21635755214373,0.88907738588233
1.21918228885737,0.890836992429143
1.22196693647518,0.892623719129061
1.2247113992985,0.894437399753784
1.22741470465547,0.896277854891687
1.23007587788075,0.89814490260132
1.23269395071547,0.900038340343612
1.23526795628956,0.901957979116795
1.23779656069172,0.903903608091608
1.24027662583364,0.905874115756738
1.24270976560083,0.907870124615568
1.24509503998568,0.909891431511198
1.24743151453895,0.91193778668909
1.2497182639115,0.914008925301466
1.25195437317144,0.916103819337597
1.25413894805652,0.918222913767885
1.25627109211722,0.920365939436831
1.25834908778577,0.922532593105153
1.26037022355142,0.924722586992255
1.26233628831211,0.926935544290641
1.26424643258373,0.929171161840938
1.26609982102967,0.931429093075294
1.26789563206502,0.933708980342261
1.26963305847853,0.936009292526632
1.27131133272208,0.938330760719055
1.27292967718871,0.940673037616181
1.27448733171351,0.943035720911004
1.27598355389006,0.945418397084955
1.27741662133758,0.947820641036274
1.27878320836424,0.950242066750829
1.28008622778432,0.952682130613815
1.28132500662,0.955140428183609
1.28249889840096,0.957616488462603
1.28360727741557,0.960108319216022
1.28464957311475,0.96261686198396
1.28562520274526,0.965141677234988
1.28653360519775,0.967682248208559
1.28737424394482,0.970238047271391
1.28814660894907,0.972808536415499
1.28885020835912,0.97539316438764
1.28948457821932,0.977991369802607
1.29004927982443,0.980602580194852
1.29053677010825,0.983226292861736
1.29095377428257,0.98586176679012
