dx_1
-0.25,-0.25,-0.25,-0.25
-0.25,-0.25,-0.25,0.25
-0.25,-0.25,0.25,-0.25
-0.25,-0.25,0.25,0.25
-0.25,0.25,-0.25,-0.25
-0.25,0.25,-0.25,0.25
-0.25,0.25,0.25,-0.25
-0.25,0.25,0.25,0.25
-0.24813005182989165,-0.25,-0.25,-0.25
-0.24813005182989165,-0.25,-0.25,0.25
-0.24813005182989165,-0.25,0.25,-0.25
-0.24813005182989165,-0.25,0.25,0.25
-0.24813005182989165,0.25,-0.25,-0.25
-0.24813005182989165,0.25,-0.25,0.25
-0.24813005182989165,0.25,0.25,-0.25
-0.24813005182989165,0.25,0.25,0.25
-0.2443712793519215,-0.25,-0.25,-0.25
-0.2443712793519215,-0.25,-0.25,0.25
-0.2443712793519215,-0.25,0.25,-0.25
-0.2443712793519215,-0.25,0.25,0.25
-0.2443712793519215,0.25,-0.25,-0.25
-0.2443712793519215,0.25,-0.25,0.25
-0.2443712793519215,0.25,0.25,-0.25
-0.2443712793519215,0.25,0.25,0.25
-0.2405931427291222,-0.25,-0.25,-0.25
-0.2405931427291222,-0.25,-0.25,0.25
-0.2405931427291222,-0.25,0.25,-0.25
-0.2405931427291222,-0.25,0.25,0.25
-0.2405931427291222,0.25,-0.25,-0.25
-0.2405931427291222,0.25,-0.25,0.25
-0.2405931427291222,0.25,0.25,-0.25
-0.2405931427291222,0.25,0.25,0.25
-0.23679513248936762,-0.25,-0.25,-0.25
-0.23679513248936762,-0.25,-0.25,0.25
-0.23679513248936762,-0.25,0.25,-0.25
-0.23679513248936762,-0.25,0.25,0.25
-0.23679513248936762,0.25,-0.25,-0.25
-0.23679513248936762,0.25,-0.25,0.25
-0.23679513248936762,0.25,0.25,-0.25
-0.23679513248936762,0.25,0.25,0.25
-0.23297671451269092,-0.25,-0.25,-0.25
-0.23297671451269092,-0.25,-0.25,0.25
-0.23297671451269092,-0.25,0.25,-0.25
-0.23297671451269092,-0.25,0.25,0.25
-0.23297671451269092,0.25,-0.25,-0.25
-0.23297671451269092,0.25,-0.25,0.25
-0.23297671451269092,0.25,0.25,-0.25
-0.23297671451269092,0.25,0.25,0.25
-0.22913732827096925,-0.25,-0.25,-0.25
-0.22913732827096925,-0.25,-0.25,0.25
-0.22913732827096925,-0.25,0.25,-0.25
-0.22913732827096925,-0.25,0.25,0.25
-0.22913732827096925,0.25,-0.25,-0.25
-0.22913732827096925,0.25,-0.25,0.25
-0.22913732827096925,0.25,0.25,-0.25
-0.22913732827096925,0.25,0.25,0.25
-0.2252763848994736,-0.25,-0.25,-0.25
-0.2252763848994736,-0.25,-0.25,0.25
-0.2252763848994736,-0.25,0.25,-0.25
-0.2252763848994736,-0.25,0.25,0.25
-0.2252763848994736,0.25,-0.25,-0.25
-0.2252763848994736,0.25,-0.25,0.25
-0.2252763848994736,0.25,0.25,-0.25
-0.2252763848994736,0.25,0.25,0.25
-0.22139326508006216,-0.25,-0.25,-0.25
-0.22139326508006216,-0.25,-0.25,0.25
-0.22139326508006216,-0.25,0.25,-0.25
-0.22139326508006216,-0.25,0.25,0.25
-0.22139326508006216,0.25,-0.25,-0.25
-0.22139326508006216,0.25,-0.25,0.25
-0.22139326508006216,0.25,0.25,-0.25
-0.22139326508006216,0.25,0.25,0.25
-0.2174873167127074,-0.25,-0.25,-0.25
-0.2174873167127074,-0.25,-0.25,0.25
-0.2174873167127074,-0.25,0.25,-0.25
-0.2174873167127074,-0.25,0.25,0.25
-0.2174873167127074,0.25,-0.25,-0.25
-0.2174873167127074,0.25,-0.25,0.25
-0.2174873167127074,0.25,0.25,-0.25
-0.2174873167127074,0.25,0.25,0.25
-0.2135578523485643,-0.25,-0.25,-0.25
-0.2135578523485643,-0.25,-0.25,0.25
-0.2135578523485643,-0.25,0.25,-0.25
-0.2135578523485643,-0.25,0.25,0.25
-0.2135578523485643,0.25,-0.25,-0.25
-0.2135578523485643,0.25,-0.25,0.25
-0.2135578523485643,0.25,0.25,-0.25
-0.2135578523485643,0.25,0.25,0.25
-0.20960414635371752,-0.25,-0.25,-0.25
-0.20960414635371752,-0.25,-0.25,0.25
-0.20960414635371752,-0.25,0.25,-0.25
-0.20960414635371752,-0.25,0.25,0.25
-0.20960414635371752,0.25,-0.25,-0.25
-0.20960414635371752,0.25,-0.25,0.25
-0.20960414635371752,0.25,0.25,-0.25
-0.20960414635371752,0.25,0.25,0.25
-0.20562543176780224,-0.25,-0.25,-0.25
-0.20562543176780224,-0.25,-0.25,0.25
-0.20562543176780224,-0.25,0.25,-0.25
-0.20562543176780224,-0.25,0.25,0.25
-0.20562543176780224,0.25,-0.25,-0.25
-0.20562543176780224,0.25,-0.25,0.25
-0.20562543176780224,0.25,0.25,-0.25
-0.20562543176780224,0.25,0.25,0.25
-0.20162089681585288,-0.25,-0.25,-0.25
-0.20162089681585288,-0.25,-0.25,0.25
-0.20162089681585288,-0.25,0.25,-0.25
-0.20162089681585288,-0.25,0.25,0.25
-0.20162089681585288,0.25,-0.25,-0.25
-0.20162089681585288,0.25,-0.25,0.25
-0.20162089681585288,0.25,0.25,-0.25
-0.20162089681585288,0.25,0.25,0.25
-0.19758968102489677,-0.25,-0.25,-0.25
-0.19758968102489677,-0.25,-0.25,0.25
-0.19758968102489677,-0.25,0.25,-0.25
-0.19758968102489677,-0.25,0.25,0.25
-0.19758968102489677,0.25,-0.25,-0.25
-0.19758968102489677,0.25,-0.25,0.25
-0.19758968102489677,0.25,0.25,-0.25
-0.19758968102489677,0.25,0.25,0.25
-0.19353087088839324,-0.25,-0.25,-0.25
-0.19353087088839324,-0.25,-0.25,0.25
-0.19353087088839324,-0.25,0.25,-0.25
-0.19353087088839324,-0.25,0.25,0.25
-0.19353087088839324,0.25,-0.25,-0.25
-0.19353087088839324,0.25,-0.25,0.25
-0.19353087088839324,0.25,0.25,-0.25
-0.19353087088839324,0.25,0.25,0.25
-0.18944349501167973,-0.25,-0.25,-0.25
-0.18944349501167973,-0.25,-0.25,0.25
-0.18944349501167973,-0.25,0.25,-0.25
-0.18944349501167973,-0.25,0.25,0.25
-0.18944349501167973,0.25,-0.25,-0.25
-0.18944349501167973,0.25,-0.25,0.25
-0.18944349501167973,0.25,0.25,-0.25
-0.18944349501167973,0.25,0.25,0.25
-0.18532651865944252,-0.25,-0.25,-0.25
-0.18532651865944252,-0.25,-0.25,0.25
-0.18532651865944252,-0.25,0.25,-0.25
-0.18532651865944252,-0.25,0.25,0.25
-0.18532651865944252,0.25,-0.25,-0.25
-0.18532651865944252,0.25,-0.25,0.25
-0.18532651865944252,0.25,0.25,-0.25
-0.18532651865944252,0.25,0.25,0.25
-0.1811788376115124,-0.25,-0.25,-0.25
-0.1811788376115124,-0.25,-0.25,0.25
-0.1811788376115124,-0.25,0.25,-0.25
-0.1811788376115124,-0.25,0.25,0.25
-0.1811788376115124,0.25,-0.25,-0.25
-0.1811788376115124,0.25,-0.25,0.25
-0.1811788376115124,0.25,0.25,-0.25
-0.1811788376115124,0.25,0.25,0.25
-0.17699927121524034,-0.25,-0.25,-0.25
-0.17699927121524034,-0.25,-0.25,0.25
-0.17699927121524034,-0.25,0.25,-0.25
-0.17699927121524034,-0.25,0.25,0.25
-0.17699927121524034,0.25,-0.25,-0.25
-0.17699927121524034,0.25,-0.25,0.25
-0.17699927121524034,0.25,0.25,-0.25
-0.17699927121524034,0.25,0.25,0.25
-0.17278655450057384,-0.25,-0.25,-0.25
-0.17278655450057384,-0.25,-0.25,0.25
-0.17278655450057384,-0.25,0.25,-0.25
-0.17278655450057384,-0.25,0.25,0.25
-0.17278655450057384,0.25,-0.25,-0.25
-0.17278655450057384,0.25,-0.25,0.25
-0.17278655450057384,0.25,0.25,-0.25
-0.17278655450057384,0.25,0.25,0.25
-0.16853932919648065,-0.25,-0.25,-0.25
-0.16853932919648065,-0.25,-0.25,0.25
-0.16853932919648065,-0.25,0.25,-0.25
-0.16853932919648065,-0.25,0.25,0.25
-0.16853932919648065,0.25,-0.25,-0.25
-0.16853932919648065,0.25,-0.25,0.25
-0.16853932919648065,0.25,0.25,-0.25
-0.16853932919648065,0.25,0.25,0.25
-0.16425613345320858,-0.25,-0.25,-0.25
-0.16425613345320858,-0.25,-0.25,0.25
-0.16425613345320858,-0.25,0.25,-0.25
-0.16425613345320858,-0.25,0.25,0.25
-0.16425613345320858,0.25,-0.25,-0.25
-0.16425613345320858,0.25,-0.25,0.25
-0.16425613345320858,0.25,0.25,-0.25
-0.16425613345320858,0.25,0.25,0.25
-0.15993539003197726,-0.25,-0.25,-0.25
-0.15993539003197726,-0.25,-0.25,0.25
-0.15993539003197726,-0.25,0.25,-0.25
-0.15993539003197726,-0.25,0.25,0.25
-0.15993539003197726,0.25,-0.25,-0.25
-0.15993539003197726,0.25,-0.25,0.25
-0.15993539003197726,0.25,0.25,-0.25
-0.15993539003197726,0.25,0.25,0.25
-0.15557539266951353,-0.25,-0.25,-0.25
-0.15557539266951353,-0.25,-0.25,0.25
-0.15557539266951353,-0.25,0.25,-0.25
-0.15557539266951353,-0.25,0.25,0.25
-0.15557539266951353,0.25,-0.25,-0.25
-0.15557539266951353,0.25,-0.25,0.25
-0.15557539266951353,0.25,0.25,-0.25
-0.15557539266951353,0.25,0.25,0.25
-0.1511742902558349,-0.25,-0.25,-0.25
-0.1511742902558349,-0.25,-0.25,0.25
-0.1511742902558349,-0.25,0.25,-0.25
-0.1511742902558349,-0.25,0.25,0.25
-0.1511742902558349,0.25,-0.25,-0.25
-0.1511742902558349,0.25,-0.25,0.25
-0.1511742902558349,0.25,0.25,-0.25
-0.1511742902558349,0.25,0.25,0.25
-0.1467300683750408,-0.25,-0.25,-0.25
-0.1467300683750408,-0.25,-0.25,0.25
-0.1467300683750408,-0.25,0.25,-0.25
-0.1467300683750408,-0.25,0.25,0.25
-0.1467300683750408,0.25,-0.25,-0.25
-0.1467300683750408,0.25,-0.25,0.25
-0.1467300683750408,0.25,0.25,-0.25
-0.1467300683750408,0.25,0.25,0.25
-0.14224052764399925,-0.25,-0.25,-0.25
-0.14224052764399925,-0.25,-0.25,0.25
-0.14224052764399925,-0.25,0.25,-0.25
-0.14224052764399925,-0.25,0.25,0.25
-0.14224052764399925,0.25,-0.25,-0.25
-0.14224052764399925,0.25,-0.25,0.25
-0.14224052764399925,0.25,0.25,-0.25
-0.14224052764399925,0.25,0.25,0.25
-0.13770325813349407,-0.25,-0.25,-0.25
-0.13770325813349407,-0.25,-0.25,0.25
-0.13770325813349407,-0.25,0.25,-0.25
-0.13770325813349407,-0.25,0.25,0.25
-0.13770325813349407,0.25,-0.25,-0.25
-0.13770325813349407,0.25,-0.25,0.25
-0.13770325813349407,0.25,0.25,-0.25
-0.13770325813349407,0.25,0.25,0.25
-0.13311560895762306,-0.25,-0.25,-0.25
-0.13311560895762306,-0.25,-0.25,0.25
-0.13311560895762306,-0.25,0.25,-0.25
-0.13311560895762306,-0.25,0.25,0.25
-0.13311560895762306,0.25,-0.25,-0.25
-0.13311560895762306,0.25,-0.25,0.25
-0.13311560895762306,0.25,0.25,-0.25
-0.13311560895762306,0.25,0.25,0.25
-0.12847465185141177,-0.25,-0.25,-0.25
-0.12847465185141177,-0.25,-0.25,0.25
-0.12847465185141177,-0.25,0.25,-0.25
-0.12847465185141177,-0.25,0.25,0.25
-0.12847465185141177,0.25,-0.25,-0.25
-0.12847465185141177,0.25,-0.25,0.25
-0.12847465185141177,0.25,0.25,-0.25
-0.12847465185141177,0.25,0.25,0.25
-0.1237771371967285,-0.25,-0.25,-0.25
-0.1237771371967285,-0.25,-0.25,0.25
-0.1237771371967285,-0.25,0.25,-0.25
-0.1237771371967285,-0.25,0.25,0.25
-0.1237771371967285,0.25,-0.25,-0.25
-0.1237771371967285,0.25,-0.25,0.25
-0.1237771371967285,0.25,0.25,-0.25
-0.1237771371967285,0.25,0.25,0.25
-0.11901944046284922,-0.25,-0.25,-0.25
-0.11901944046284922,-0.25,-0.25,0.25
-0.11901944046284922,-0.25,0.25,-0.25
-0.11901944046284922,-0.25,0.25,0.25
-0.11901944046284922,0.25,-0.25,-0.25
-0.11901944046284922,0.25,-0.25,0.25
-0.11901944046284922,0.25,0.25,-0.25
-0.11901944046284922,0.25,0.25,0.25
-0.11419749634067751,-0.25,-0.25,-0.25
-0.11419749634067751,-0.25,-0.25,0.25
-0.11419749634067751,-0.25,0.25,-0.25
-0.11419749634067751,-0.25,0.25,0.25
-0.11419749634067751,0.25,-0.25,-0.25
-0.11419749634067751,0.25,-0.25,0.25
-0.11419749634067751,0.25,0.25,-0.25
-0.11419749634067751,0.25,0.25,0.25
-0.10930671687733623,-0.25,-0.25,-0.25
-0.10930671687733623,-0.25,-0.25,0.25
-0.10930671687733623,-0.25,0.25,-0.25
-0.10930671687733623,-0.25,0.25,0.25
-0.10930671687733623,0.25,-0.25,-0.25
-0.10930671687733623,0.25,-0.25,0.25
-0.10930671687733623,0.25,0.25,-0.25
-0.10930671687733623,0.25,0.25,0.25
-0.10434188851805754,-0.25,-0.25,-0.25
-0.10434188851805754,-0.25,-0.25,0.25
-0.10434188851805754,-0.25,0.25,-0.25
-0.10434188851805754,-0.25,0.25,0.25
-0.10434188851805754,0.25,-0.25,-0.25
-0.10434188851805754,0.25,-0.25,0.25
-0.10434188851805754,0.25,0.25,-0.25
-0.10434188851805754,0.25,0.25,0.25
-0.09929704090710217,-0.25,-0.25,-0.25
-0.09929704090710217,-0.25,-0.25,0.25
-0.09929704090710217,-0.25,0.25,-0.25
-0.09929704090710217,-0.25,0.25,0.25
-0.09929704090710217,0.25,-0.25,-0.25
-0.09929704090710217,0.25,-0.25,0.25
-0.09929704090710217,0.25,0.25,-0.25
-0.09929704090710217,0.25,0.25,0.25
-0.09416527721564248,-0.25,-0.25,-0.25
-0.09416527721564248,-0.25,-0.25,0.25
-0.09416527721564248,-0.25,0.25,-0.25
-0.09416527721564248,-0.25,0.25,0.25
-0.09416527721564248,0.25,-0.25,-0.25
-0.09416527721564248,0.25,-0.25,0.25
-0.09416527721564248,0.25,0.25,-0.25
-0.09416527721564248,0.25,0.25,0.25
-0.08893855102248127,-0.25,-0.25,-0.25
-0.08893855102248127,-0.25,-0.25,0.25
-0.08893855102248127,-0.25,0.25,-0.25
-0.08893855102248127,-0.25,0.25,0.25
-0.08893855102248127,0.25,-0.25,-0.25
-0.08893855102248127,0.25,-0.25,0.25
-0.08893855102248127,0.25,0.25,-0.25
-0.08893855102248127,0.25,0.25,0.25
-0.08360736727685457,-0.25,-0.25,-0.25
-0.08360736727685457,-0.25,-0.25,0.25
-0.08360736727685457,-0.25,0.25,-0.25
-0.08360736727685457,-0.25,0.25,0.25
-0.08360736727685457,0.25,-0.25,-0.25
-0.08360736727685457,0.25,-0.25,0.25
-0.08360736727685457,0.25,0.25,-0.25
-0.08360736727685457,0.25,0.25,0.25
-0.07816037264106813,-0.25,-0.25,-0.25
-0.07816037264106813,-0.25,-0.25,0.25
-0.07816037264106813,-0.25,0.25,-0.25
-0.07816037264106813,-0.25,0.25,0.25
-0.07816037264106813,0.25,-0.25,-0.25
-0.07816037264106813,0.25,-0.25,0.25
-0.07816037264106813,0.25,0.25,-0.25
-0.07816037264106813,0.25,0.25,0.25
-0.07258377981449311,-0.25,-0.25,-0.25
-0.07258377981449311,-0.25,-0.25,0.25
-0.07258377981449311,-0.25,0.25,-0.25
-0.07258377981449311,-0.25,0.25,0.25
-0.07258377981449311,0.25,-0.25,-0.25
-0.07258377981449311,0.25,-0.25,0.25
-0.07258377981449311,0.25,0.25,-0.25
-0.07258377981449311,0.25,0.25,0.25
-0.06686053390504058,-0.25,-0.25,-0.25
-0.06686053390504058,-0.25,-0.25,0.25
-0.06686053390504058,-0.25,0.25,-0.25
-0.06686053390504058,-0.25,0.25,0.25
-0.06686053390504058,0.25,-0.25,-0.25
-0.06686053390504058,0.25,-0.25,0.25
-0.06686053390504058,0.25,0.25,-0.25
-0.06686053390504058,0.25,0.25,0.25
-0.06096906110448583,-0.25,-0.25,-0.25
-0.06096906110448583,-0.25,-0.25,0.25
-0.06096906110448583,-0.25,0.25,-0.25
-0.06096906110448583,-0.25,0.25,0.25
-0.06096906110448583,0.25,-0.25,-0.25
-0.06096906110448583,0.25,-0.25,0.25
-0.06096906110448583,0.25,0.25,-0.25
-0.06096906110448583,0.25,0.25,0.25
-0.054881306260115496,-0.25,-0.25,-0.25
-0.054881306260115496,-0.25,-0.25,0.25
-0.054881306260115496,-0.25,0.25,-0.25
-0.054881306260115496,-0.25,0.25,0.25
-0.054881306260115496,0.25,-0.25,-0.25
-0.054881306260115496,0.25,-0.25,0.25
-0.054881306260115496,0.25,0.25,-0.25
-0.054881306260115496,0.25,0.25,0.25
-0.0485594822603765,-0.25,-0.25,-0.25
-0.0485594822603765,-0.25,-0.25,0.25
-0.0485594822603765,-0.25,0.25,-0.25
-0.0485594822603765,-0.25,0.25,0.25
-0.0485594822603765,0.25,-0.25,-0.25
-0.0485594822603765,0.25,-0.25,0.25
-0.0485594822603765,0.25,0.25,-0.25
-0.0485594822603765,0.25,0.25,0.25
-0.041950293332321545,-0.25,-0.25,-0.25
-0.041950293332321545,-0.25,-0.25,0.25
-0.041950293332321545,-0.25,0.25,-0.25
-0.041950293332321545,-0.25,0.25,0.25
-0.041950293332321545,0.25,-0.25,-0.25
-0.041950293332321545,0.25,-0.25,0.25
-0.041950293332321545,0.25,0.25,-0.25
-0.041950293332321545,0.25,0.25,0.25
-0.034973655525424974,-0.25,-0.25,-0.25
-0.034973655525424974,-0.25,-0.25,0.25
-0.034973655525424974,-0.25,0.25,-0.25
-0.034973655525424974,-0.25,0.25,0.25
-0.034973655525424974,0.25,-0.25,-0.25
-0.034973655525424974,0.25,-0.25,0.25
-0.034973655525424974,0.25,0.25,-0.25
-0.034973655525424974,0.25,0.25,0.25
-0.02749752550399418,-0.25,-0.25,-0.25
-0.02749752550399418,-0.25,-0.25,0.25
-0.02749752550399418,-0.25,0.25,-0.25
-0.02749752550399418,-0.25,0.25,0.25
-0.02749752550399418,0.25,-0.25,-0.25
-0.02749752550399418,0.25,-0.25,0.25
-0.02749752550399418,0.25,0.25,-0.25
-0.02749752550399418,0.25,0.25,0.25
-0.019268775809659574,-0.25,-0.25,-0.25
-0.019268775809659574,-0.25,-0.25,0.25
-0.019268775809659574,-0.25,0.25,-0.25
-0.019268775809659574,-0.25,0.25,0.25
-0.019268775809659574,0.25,-0.25,-0.25
-0.019268775809659574,0.25,-0.25,0.25
-0.019268775809659574,0.25,0.25,-0.25
-0.019268775809659574,0.25,0.25,0.25
-0.009634387904829787,-0.25,-0.25,-0.25
-0.009634387904829787,-0.25,-0.25,0.25
-0.009634387904829787,-0.25,0.25,-0.25
-0.009634387904829787,-0.25,0.25,0.25
-0.009634387904829787,0.25,-0.25,-0.25
-0.009634387904829787,0.25,-0.25,0.25
-0.009634387904829787,0.25,0.25,-0.25
-0.009634387904829787,0.25,0.25,0.25
0.0,-0.25,-0.25,-0.25
0.0,-0.25,-0.25,0.25
0.0,-0.25,0.25,-0.25
0.0,-0.25,0.25,0.25
0.0,0.25,-0.25,-0.25
0.0,0.25,-0.25,0.25
0.0,0.25,0.25,-0.25
0.0,0.25,0.25,0.25
0.012334104229214616,-0.25,-0.25,-0.25
0.012334104229214616,-0.25,-0.25,0.25
0.012334104229214616,-0.25,0.25,-0.25
0.012334104229214616,-0.25,0.25,0.25
0.012334104229214616,0.25,-0.25,-0.25
0.012334104229214616,0.25,-0.25,0.25
0.012334104229214616,0.25,0.25,-0.25
0.012334104229214616,0.25,0.25,0.25
0.021361918321304973,-0.25,-0.25,-0.25
0.021361918321304973,-0.25,-0.25,0.25
0.021361918321304973,-0.25,0.25,-0.25
0.021361918321304973,-0.25,0.25,0.25
0.021361918321304973,0.25,-0.25,-0.25
0.021361918321304973,0.25,-0.25,0.25
0.021361918321304973,0.25,0.25,-0.25
0.021361918321304973,0.25,0.25,0.25
0.029258338630033232,-0.25,-0.25,-0.25
0.029258338630033232,-0.25,-0.25,0.25
0.029258338630033232,-0.25,0.25,-0.25
0.029258338630033232,-0.25,0.25,0.25
0.029258338630033232,0.25,-0.25,-0.25
0.029258338630033232,0.25,-0.25,0.25
0.029258338630033232,0.25,0.25,-0.25
0.029258338630033232,0.25,0.25,0.25
0.03649827430980897,-0.25,-0.25,-0.25
0.03649827430980897,-0.25,-0.25,0.25
0.03649827430980897,-0.25,0.25,-0.25
0.03649827430980897,-0.25,0.25,0.25
0.03649827430980897,0.25,-0.25,-0.25
0.03649827430980897,0.25,-0.25,0.25
0.03649827430980897,0.25,0.25,-0.25
0.03649827430980897,0.25,0.25,0.25
0.04328736905843731,-0.25,-0.25,-0.25
0.04328736905843731,-0.25,-0.25,0.25
0.04328736905843731,-0.25,0.25,-0.25
0.04328736905843731,-0.25,0.25,0.25
0.04328736905843731,0.25,-0.25,-0.25
0.04328736905843731,0.25,-0.25,0.25
0.04328736905843731,0.25,0.25,-0.25
0.04328736905843731,0.25,0.25,0.25
0.04973820412453279,-0.25,-0.25,-0.25
0.04973820412453279,-0.25,-0.25,0.25
0.04973820412453279,-0.25,0.25,-0.25
0.04973820412453279,-0.25,0.25,0.25
0.04973820412453279,0.25,-0.25,-0.25
0.04973820412453279,0.25,-0.25,0.25
0.04973820412453279,0.25,0.25,-0.25
0.04973820412453279,0.25,0.25,0.25
0.055921113582138894,-0.25,-0.25,-0.25
0.055921113582138894,-0.25,-0.25,0.25
0.055921113582138894,-0.25,0.25,-0.25
0.055921113582138894,-0.25,0.25,0.25
0.055921113582138894,0.25,-0.25,-0.25
0.055921113582138894,0.25,-0.25,0.25
0.055921113582138894,0.25,0.25,-0.25
0.055921113582138894,0.25,0.25,0.25
0.06188383774386734,-0.25,-0.25,-0.25
0.06188383774386734,-0.25,-0.25,0.25
0.06188383774386734,-0.25,0.25,-0.25
0.06188383774386734,-0.25,0.25,0.25
0.06188383774386734,0.25,-0.25,-0.25
0.06188383774386734,0.25,-0.25,0.25
0.06188383774386734,0.25,0.25,-0.25
0.06188383774386734,0.25,0.25,0.25
0.06766070955541732,-0.25,-0.25,-0.25
0.06766070955541732,-0.25,-0.25,0.25
0.06766070955541732,-0.25,0.25,-0.25
0.06766070955541732,-0.25,0.25,0.25
0.06766070955541732,0.25,-0.25,-0.25
0.06766070955541732,0.25,-0.25,0.25
0.06766070955541732,0.25,0.25,-0.25
0.06766070955541732,0.25,0.25,0.25
0.0732774948623846,-0.25,-0.25,-0.25
0.0732774948623846,-0.25,-0.25,0.25
0.0732774948623846,-0.25,0.25,-0.25
0.0732774948623846,-0.25,0.25,0.25
0.0732774948623846,0.25,-0.25,-0.25
0.0732774948623846,0.25,-0.25,0.25
0.0732774948623846,0.25,0.25,-0.25
0.0732774948623846,0.25,0.25,0.25
0.07875417384828041,-0.25,-0.25,-0.25
0.07875417384828041,-0.25,-0.25,0.25
0.07875417384828041,-0.25,0.25,-0.25
0.07875417384828041,-0.25,0.25,0.25
0.07875417384828041,0.25,-0.25,-0.25
0.07875417384828041,0.25,-0.25,0.25
0.07875417384828041,0.25,0.25,-0.25
0.07875417384828041,0.25,0.25,0.25
0.08410664776898498,-0.25,-0.25,-0.25
0.08410664776898498,-0.25,-0.25,0.25
0.08410664776898498,-0.25,0.25,-0.25
0.08410664776898498,-0.25,0.25,0.25
0.08410664776898498,0.25,-0.25,-0.25
0.08410664776898498,0.25,-0.25,0.25
0.08410664776898498,0.25,0.25,-0.25
0.08410664776898498,0.25,0.25,0.25
0.08934784156577734,-0.25,-0.25,-0.25
0.08934784156577734,-0.25,-0.25,0.25
0.08934784156577734,-0.25,0.25,-0.25
0.08934784156577734,-0.25,0.25,0.25
0.08934784156577734,0.25,-0.25,-0.25
0.08934784156577734,0.25,-0.25,0.25
0.08934784156577734,0.25,0.25,-0.25
0.08934784156577734,0.25,0.25,0.25
0.09448844640015833,-0.25,-0.25,-0.25
0.09448844640015833,-0.25,-0.25,0.25
0.09448844640015833,-0.25,0.25,-0.25
0.09448844640015833,-0.25,0.25,0.25
0.09448844640015833,0.25,-0.25,-0.25
0.09448844640015833,0.25,-0.25,0.25
0.09448844640015833,0.25,0.25,-0.25
0.09448844640015833,0.25,0.25,0.25
0.09953743711366098,-0.25,-0.25,-0.25
0.09953743711366098,-0.25,-0.25,0.25
0.09953743711366098,-0.25,0.25,-0.25
0.09953743711366098,-0.25,0.25,0.25
0.09953743711366098,0.25,-0.25,-0.25
0.09953743711366098,0.25,-0.25,0.25
0.09953743711366098,0.25,0.25,-0.25
0.09953743711366098,0.25,0.25,0.25
0.10450244333970533,-0.25,-0.25,-0.25
0.10450244333970533,-0.25,-0.25,0.25
0.10450244333970533,-0.25,0.25,-0.25
0.10450244333970533,-0.25,0.25,0.25
0.10450244333970533,0.25,-0.25,-0.25
0.10450244333970533,0.25,-0.25,0.25
0.10450244333970533,0.25,0.25,-0.25
0.10450244333970533,0.25,0.25,0.25
0.10939002223957094,-0.25,-0.25,-0.25
0.10939002223957094,-0.25,-0.25,0.25
0.10939002223957094,-0.25,0.25,-0.25
0.10939002223957094,-0.25,0.25,0.25
0.10939002223957094,0.25,-0.25,-0.25
0.10939002223957094,0.25,-0.25,0.25
0.10939002223957094,0.25,0.25,-0.25
0.10939002223957094,0.25,0.25,0.25
0.11420586320255682,-0.25,-0.25,-0.25
0.11420586320255682,-0.25,-0.25,0.25
0.11420586320255682,-0.25,0.25,-0.25
0.11420586320255682,-0.25,0.25,0.25
0.11420586320255682,0.25,-0.25,-0.25
0.11420586320255682,0.25,-0.25,0.25
0.11420586320255682,0.25,0.25,-0.25
0.11420586320255682,0.25,0.25,0.25
0.11895494432190547,-0.25,-0.25,-0.25
0.11895494432190547,-0.25,-0.25,0.25
0.11895494432190547,-0.25,0.25,-0.25
0.11895494432190547,-0.25,0.25,0.25
0.11895494432190547,0.25,-0.25,-0.25
0.11895494432190547,0.25,-0.25,0.25
0.11895494432190547,0.25,0.25,-0.25
0.11895494432190547,0.25,0.25,0.25
0.12364165394692048,-0.25,-0.25,-0.25
0.12364165394692048,-0.25,-0.25,0.25
0.12364165394692048,-0.25,0.25,-0.25
0.12364165394692048,-0.25,0.25,0.25
0.12364165394692048,0.25,-0.25,-0.25
0.12364165394692048,0.25,-0.25,0.25
0.12364165394692048,0.25,0.25,-0.25
0.12364165394692048,0.25,0.25,0.25
0.12826988646017584,-0.25,-0.25,-0.25
0.12826988646017584,-0.25,-0.25,0.25
0.12826988646017584,-0.25,0.25,-0.25
0.12826988646017584,-0.25,0.25,0.25
0.12826988646017584,0.25,-0.25,-0.25
0.12826988646017584,0.25,-0.25,0.25
0.12826988646017584,0.25,0.25,-0.25
0.12826988646017584,0.25,0.25,0.25
0.13284311870967316,-0.25,-0.25,-0.25
0.13284311870967316,-0.25,-0.25,0.25
0.13284311870967316,-0.25,0.25,-0.25
0.13284311870967316,-0.25,0.25,0.25
0.13284311870967316,0.25,-0.25,-0.25
0.13284311870967316,0.25,-0.25,0.25
0.13284311870967316,0.25,0.25,-0.25
0.13284311870967316,0.25,0.25,0.25
0.1373644717021122,-0.25,-0.25,-0.25
0.1373644717021122,-0.25,-0.25,0.25
0.1373644717021122,-0.25,0.25,-0.25
0.1373644717021122,-0.25,0.25,0.25
0.1373644717021122,0.25,-0.25,-0.25
0.1373644717021122,0.25,-0.25,0.25
0.1373644717021122,0.25,0.25,-0.25
0.1373644717021122,0.25,0.25,0.25
0.14183676091402744,-0.25,-0.25,-0.25
0.14183676091402744,-0.25,-0.25,0.25
0.14183676091402744,-0.25,0.25,-0.25
0.14183676091402744,-0.25,0.25,0.25
0.14183676091402744,0.25,-0.25,-0.25
0.14183676091402744,0.25,-0.25,0.25
0.14183676091402744,0.25,0.25,-0.25
0.14183676091402744,0.25,0.25,0.25
0.1462625377050989,-0.25,-0.25,-0.25
0.1462625377050989,-0.25,-0.25,0.25
0.1462625377050989,-0.25,0.25,-0.25
0.1462625377050989,-0.25,0.25,0.25
0.1462625377050989,0.25,-0.25,-0.25
0.1462625377050989,0.25,-0.25,0.25
0.1462625377050989,0.25,0.25,-0.25
0.1462625377050989,0.25,0.25,0.25
0.15064412369815086,-0.25,-0.25,-0.25
0.15064412369815086,-0.25,-0.25,0.25
0.15064412369815086,-0.25,0.25,-0.25
0.15064412369815086,-0.25,0.25,0.25
0.15064412369815086,0.25,-0.25,-0.25
0.15064412369815086,0.25,-0.25,0.25
0.15064412369815086,0.25,0.25,-0.25
0.15064412369815086,0.25,0.25,0.25
0.15498363954311417,-0.25,-0.25,-0.25
0.15498363954311417,-0.25,-0.25,0.25
0.15498363954311417,-0.25,0.25,-0.25
0.15498363954311417,-0.25,0.25,0.25
0.15498363954311417,0.25,-0.25,-0.25
0.15498363954311417,0.25,-0.25,0.25
0.15498363954311417,0.25,0.25,-0.25
0.15498363954311417,0.25,0.25,0.25
0.15928302915487166,-0.25,-0.25,-0.25
0.15928302915487166,-0.25,-0.25,0.25
0.15928302915487166,-0.25,0.25,-0.25
0.15928302915487166,-0.25,0.25,0.25
0.15928302915487166,0.25,-0.25,-0.25
0.15928302915487166,0.25,-0.25,0.25
0.15928302915487166,0.25,0.25,-0.25
0.15928302915487166,0.25,0.25,0.25
0.16354408027215578,-0.25,-0.25,-0.25
0.16354408027215578,-0.25,-0.25,0.25
0.16354408027215578,-0.25,0.25,-0.25
0.16354408027215578,-0.25,0.25,0.25
0.16354408027215578,0.25,-0.25,-0.25
0.16354408027215578,0.25,-0.25,0.25
0.16354408027215578,0.25,0.25,-0.25
0.16354408027215578,0.25,0.25,0.25
0.1677684420024854,-0.25,-0.25,-0.25
0.1677684420024854,-0.25,-0.25,0.25
0.1677684420024854,-0.25,0.25,-0.25
0.1677684420024854,-0.25,0.25,0.25
0.1677684420024854,0.25,-0.25,-0.25
0.1677684420024854,0.25,-0.25,0.25
0.1677684420024854,0.25,0.25,-0.25
0.1677684420024854,0.25,0.25,0.25
0.17195763987988616,-0.25,-0.25,-0.25
0.17195763987988616,-0.25,-0.25,0.25
0.17195763987988616,-0.25,0.25,-0.25
0.17195763987988616,-0.25,0.25,0.25
0.17195763987988616,0.25,-0.25,-0.25
0.17195763987988616,0.25,-0.25,0.25
0.17195763987988616,0.25,0.25,-0.25
0.17195763987988616,0.25,0.25,0.25
0.17611308885615742,-0.25,-0.25,-0.25
0.17611308885615742,-0.25,-0.25,0.25
0.17611308885615742,-0.25,0.25,-0.25
0.17611308885615742,-0.25,0.25,0.25
0.17611308885615742,0.25,-0.25,-0.25
0.17611308885615742,0.25,-0.25,0.25
0.17611308885615742,0.25,0.25,-0.25
0.17611308885615742,0.25,0.25,0.25
0.1802361045644295,-0.25,-0.25,-0.25
0.1802361045644295,-0.25,-0.25,0.25
0.1802361045644295,-0.25,0.25,-0.25
0.1802361045644295,-0.25,0.25,0.25
0.1802361045644295,0.25,-0.25,-0.25
0.1802361045644295,0.25,-0.25,0.25
0.1802361045644295,0.25,0.25,-0.25
0.1802361045644295,0.25,0.25,0.25
0.18432791312971633,-0.25,-0.25,-0.25
0.18432791312971633,-0.25,-0.25,0.25
0.18432791312971633,-0.25,0.25,-0.25
0.18432791312971633,-0.25,0.25,0.25
0.18432791312971633,0.25,-0.25,-0.25
0.18432791312971633,0.25,-0.25,0.25
0.18432791312971633,0.25,0.25,-0.25
0.18432791312971633,0.25,0.25,0.25
0.18838965975075733,-0.25,-0.25,-0.25
0.18838965975075733,-0.25,-0.25,0.25
0.18838965975075733,-0.25,0.25,-0.25
0.18838965975075733,-0.25,0.25,0.25
0.18838965975075733,0.25,-0.25,-0.25
0.18838965975075733,0.25,-0.25,0.25
0.18838965975075733,0.25,0.25,-0.25
0.18838965975075733,0.25,0.25,0.25
0.19242241623745018,-0.25,-0.25,-0.25
0.19242241623745018,-0.25,-0.25,0.25
0.19242241623745018,-0.25,0.25,-0.25
0.19242241623745018,-0.25,0.25,0.25
0.19242241623745018,0.25,-0.25,-0.25
0.19242241623745018,0.25,-0.25,0.25
0.19242241623745018,0.25,0.25,-0.25
0.19242241623745018,0.25,0.25,0.25
0.19642718765622386,-0.25,-0.25,-0.25
0.19642718765622386,-0.25,-0.25,0.25
0.19642718765622386,-0.25,0.25,-0.25
0.19642718765622386,-0.25,0.25,0.25
0.19642718765622386,0.25,-0.25,-0.25
0.19642718765622386,0.25,-0.25,0.25
0.19642718765622386,0.25,0.25,-0.25
0.19642718765622386,0.25,0.25,0.25
0.20040491820999573,-0.25,-0.25,-0.25
0.20040491820999573,-0.25,-0.25,0.25
0.20040491820999573,-0.25,0.25,-0.25
0.20040491820999573,-0.25,0.25,0.25
0.20040491820999573,0.25,-0.25,-0.25
0.20040491820999573,0.25,-0.25,0.25
0.20040491820999573,0.25,0.25,-0.25
0.20040491820999573,0.25,0.25,0.25
0.20435649645854687,-0.25,-0.25,-0.25
0.20435649645854687,-0.25,-0.25,0.25
0.20435649645854687,-0.25,0.25,-0.25
0.20435649645854687,-0.25,0.25,0.25
0.20435649645854687,0.25,-0.25,-0.25
0.20435649645854687,0.25,-0.25,0.25
0.20435649645854687,0.25,0.25,-0.25
0.20435649645854687,0.25,0.25,0.25
0.20828275996820297,-0.25,-0.25,-0.25
0.20828275996820297,-0.25,-0.25,0.25
0.20828275996820297,-0.25,0.25,-0.25
0.20828275996820297,-0.25,0.25,0.25
0.20828275996820297,0.25,-0.25,-0.25
0.20828275996820297,0.25,-0.25,0.25
0.20828275996820297,0.25,0.25,-0.25
0.20828275996820297,0.25,0.25,0.25
0.2121844994658269,-0.25,-0.25,-0.25
0.2121844994658269,-0.25,-0.25,0.25
0.2121844994658269,-0.25,0.25,-0.25
0.2121844994658269,-0.25,0.25,0.25
0.2121844994658269,0.25,-0.25,-0.25
0.2121844994658269,0.25,-0.25,0.25
0.2121844994658269,0.25,0.25,-0.25
0.2121844994658269,0.25,0.25,0.25
0.2160624625606982,-0.25,-0.25,-0.25
0.2160624625606982,-0.25,-0.25,0.25
0.2160624625606982,-0.25,0.25,-0.25
0.2160624625606982,-0.25,0.25,0.25
0.2160624625606982,0.25,-0.25,-0.25
0.2160624625606982,0.25,-0.25,0.25
0.2160624625606982,0.25,0.25,-0.25
0.2160624625606982,0.25,0.25,0.25
0.21991735708839355,-0.25,-0.25,-0.25
0.21991735708839355,-0.25,-0.25,0.25
0.21991735708839355,-0.25,0.25,-0.25
0.21991735708839355,-0.25,0.25,0.25
0.21991735708839355,0.25,-0.25,-0.25
0.21991735708839355,0.25,-0.25,0.25
0.21991735708839355,0.25,0.25,-0.25
0.21991735708839355,0.25,0.25,0.25
0.22374985412292106,-0.25,-0.25,-0.25
0.22374985412292106,-0.25,-0.25,0.25
0.22374985412292106,-0.25,0.25,-0.25
0.22374985412292106,-0.25,0.25,0.25
0.22374985412292106,0.25,-0.25,-0.25
0.22374985412292106,0.25,-0.25,0.25
0.22374985412292106,0.25,0.25,-0.25
0.22374985412292106,0.25,0.25,0.25
0.2275605906967823,-0.25,-0.25,-0.25
0.2275605906967823,-0.25,-0.25,0.25
0.2275605906967823,-0.25,0.25,-0.25
0.2275605906967823,-0.25,0.25,0.25
0.2275605906967823,0.25,-0.25,-0.25
0.2275605906967823,0.25,-0.25,0.25
0.2275605906967823,0.25,0.25,-0.25
0.2275605906967823,0.25,0.25,0.25
0.23135017226312646,-0.25,-0.25,-0.25
0.23135017226312646,-0.25,-0.25,0.25
0.23135017226312646,-0.25,0.25,-0.25
0.23135017226312646,-0.25,0.25,0.25
0.23135017226312646,0.25,-0.25,-0.25
0.23135017226312646,0.25,-0.25,0.25
0.23135017226312646,0.25,0.25,-0.25
0.23135017226312646,0.25,0.25,0.25
0.23511917492951429,-0.25,-0.25,-0.25
0.23511917492951429,-0.25,-0.25,0.25
0.23511917492951429,-0.25,0.25,-0.25
0.23511917492951429,-0.25,0.25,0.25
0.23511917492951429,0.25,-0.25,-0.25
0.23511917492951429,0.25,-0.25,0.25
0.23511917492951429,0.25,0.25,-0.25
0.23511917492951429,0.25,0.25,0.25
0.23886814743436538,-0.25,-0.25,-0.25
0.23886814743436538,-0.25,-0.25,0.25
0.23886814743436538,-0.25,0.25,-0.25
0.23886814743436538,-0.25,0.25,0.25
0.23886814743436538,0.25,-0.25,-0.25
0.23886814743436538,0.25,-0.25,0.25
0.23886814743436538,0.25,0.25,-0.25
0.23886814743436538,0.25,0.25,0.25
0.24259761365392515,-0.25,-0.25,-0.25
0.24259761365392515,-0.25,-0.25,0.25
0.24259761365392515,-0.25,0.25,-0.25
0.24259761365392515,-0.25,0.25,0.25
0.24259761365392515,0.25,-0.25,-0.25
0.24259761365392515,0.25,-0.25,0.25
0.24259761365392515,0.25,0.25,-0.25
0.24259761365392515,0.25,0.25,0.25
0.2463080730484474,-0.25,-0.25,-0.25
0.2463080730484474,-0.25,-0.25,0.25
0.2463080730484474,-0.25,0.25,-0.25
0.2463080730484474,-0.25,0.25,0.25
0.2463080730484474,0.25,-0.25,-0.25
0.2463080730484474,0.25,-0.25,0.25
0.2463080730484474,0.25,0.25,-0.25
0.2463080730484474,0.25,0.25,0.25
0.25,-0.25,-0.25,-0.25
0.25,-0.25,-0.25,0.25
0.25,-0.25,0.25,-0.25
0.25,-0.25,0.25,0.25
0.25,0.25,-0.25,-0.25
0.25,0.25,-0.25,0.25
0.25,0.25,0.25,-0.25
0.25,0.25,0.25,0.25
