dx_1
-0.25,-0.25,-0.25,-0.25
-0.25,-0.25,-0.25,0.25
-0.25,-0.25,0.25,-0.25
-0.25,-0.25,0.25,0.25
-0.25,0.25,-0.25,-0.25
-0.25,0.25,-0.25,0.25
-0.25,0.25,0.25,-0.25
-0.25,0.25,0.25,0.25
-0.24906371663866664,-0.25,-0.25,-0.25
-0.24906371663866664,-0.25,-0.25,0.25
-0.24906371663866664,-0.25,0.25,-0.25
-0.24906371663866664,-0.25,0.25,0.25
-0.24906371663866664,0.25,-0.25,-0.25
-0.24906371663866664,0.25,-0.25,0.25
-0.24906371663866664,0.25,0.25,-0.25
-0.24906371663866664,0.25,0.25,0.25
-0.24718644751887844,-0.25,-0.25,-0.25
-0.24718644751887844,-0.25,-0.25,0.25
-0.24718644751887844,-0.25,0.25,-0.25
-0.24718644751887844,-0.25,0.25,0.25
-0.24718644751887844,0.25,-0.25,-0.25
-0.24718644751887844,0.25,-0.25,0.25
-0.24718644751887844,0.25,0.25,-0.25
-0.24718644751887844,0.25,0.25,0.25
-0.2453044161204644,-0.25,-0.25,-0.25
-0.2453044161204644,-0.25,-0.25,0.25
-0.2453044161204644,-0.25,0.25,-0.25
-0.2453044161204644,-0.25,0.25,0.25
-0.2453044161204644,0.25,-0.25,-0.25
-0.2453044161204644,0.25,-0.25,0.25
-0.2453044161204644,0.25,0.25,-0.25
-0.2453044161204644,0.25,0.25,0.25
-0.24341756139828413,-0.25,-0.25,-0.25
-0.24341756139828413,-0.25,-0.25,0.25
-0.24341756139828413,-0.25,0.25,-0.25
-0.24341756139828413,-0.25,0.25,0.25
-0.24341756139828413,0.25,-0.25,-0.25
-0.24341756139828413,0.25,-0.25,0.25
-0.24341756139828413,0.25,0.25,-0.25
-0.24341756139828413,0.25,0.25,0.25
-0.24152582088404165,-0.25,-0.25,-0.25
-0.24152582088404165,-0.25,-0.25,0.25
-0.24152582088404165,-0.25,0.25,-0.25
-0.24152582088404165,-0.25,0.25,0.25
-0.24152582088404165,0.25,-0.25,-0.25
-0.24152582088404165,0.25,-0.25,0.25
-0.24152582088404165,0.25,0.25,-0.25
-0.24152582088404165,0.25,0.25,0.25
-0.23962913063782967,-0.25,-0.25,-0.25
-0.23962913063782967,-0.25,-0.25,0.25
-0.23962913063782967,-0.25,0.25,-0.25
-0.23962913063782967,-0.25,0.25,0.25
-0.23962913063782967,0.25,-0.25,-0.25
-0.23962913063782967,0.25,-0.25,0.25
-0.23962913063782967,0.25,0.25,-0.25
-0.23962913063782967,0.25,0.25,0.25
-0.23772742519755685,-0.25,-0.25,-0.25
-0.23772742519755685,-0.25,-0.25,0.25
-0.23772742519755685,-0.25,0.25,-0.25
-0.23772742519755685,-0.25,0.25,0.25
-0.23772742519755685,0.25,-0.25,-0.25
-0.23772742519755685,0.25,-0.25,0.25
-0.23772742519755685,0.25,0.25,-0.25
-0.23772742519755685,0.25,0.25,0.25
-0.23582063752603144,-0.25,-0.25,-0.25
-0.23582063752603144,-0.25,-0.25,0.25
-0.23582063752603144,-0.25,0.25,-0.25
-0.23582063752603144,-0.25,0.25,0.25
-0.23582063752603144,0.25,-0.25,-0.25
-0.23582063752603144,0.25,-0.25,0.25
-0.23582063752603144,0.25,0.25,-0.25
-0.23582063752603144,0.25,0.25,0.25
-0.23390869895561342,-0.25,-0.25,-0.25
-0.23390869895561342,-0.25,-0.25,0.25
-0.23390869895561342,-0.25,0.25,-0.25
-0.23390869895561342,-0.25,0.25,0.25
-0.23390869895561342,0.25,-0.25,-0.25
-0.23390869895561342,0.25,-0.25,0.25
-0.23390869895561342,0.25,0.25,-0.25
-0.23390869895561342,0.25,0.25,0.25
-0.23199153913032322,-0.25,-0.25,-0.25
-0.23199153913032322,-0.25,-0.25,0.25
-0.23199153913032322,-0.25,0.25,-0.25
-0.23199153913032322,-0.25,0.25,0.25
-0.23199153913032322,0.25,-0.25,-0.25
-0.23199153913032322,0.25,-0.25,0.25
-0.23199153913032322,0.25,0.25,-0.25
-0.23199153913032322,0.25,0.25,0.25
-0.2300690859452151,-0.25,-0.25,-0.25
-0.2300690859452151,-0.25,-0.25,0.25
-0.2300690859452151,-0.25,0.25,-0.25
-0.2300690859452151,-0.25,0.25,0.25
-0.2300690859452151,0.25,-0.25,-0.25
-0.2300690859452151,0.25,-0.25,0.25
-0.2300690859452151,0.25,0.25,-0.25
-0.2300690859452151,0.25,0.25,0.25
-0.22814126548286126,-0.25,-0.25,-0.25
-0.22814126548286126,-0.25,-0.25,0.25
-0.22814126548286126,-0.25,0.25,-0.25
-0.22814126548286126,-0.25,0.25,0.25
-0.22814126548286126,0.25,-0.25,-0.25
-0.22814126548286126,0.25,-0.25,0.25
-0.22814126548286126,0.25,0.25,-0.25
-0.22814126548286126,0.25,0.25,0.25
-0.22620800194681928,-0.25,-0.25,-0.25
-0.22620800194681928,-0.25,-0.25,0.25
-0.22620800194681928,-0.25,0.25,-0.25
-0.22620800194681928,-0.25,0.25,0.25
-0.22620800194681928,0.25,-0.25,-0.25
-0.22620800194681928,0.25,-0.25,0.25
-0.22620800194681928,0.25,0.25,-0.25
-0.22620800194681928,0.25,0.25,0.25
-0.22426921759182086,-0.25,-0.25,-0.25
-0.22426921759182086,-0.25,-0.25,0.25
-0.22426921759182086,-0.25,0.25,-0.25
-0.22426921759182086,-0.25,0.25,0.25
-0.22426921759182086,0.25,-0.25,-0.25
-0.22426921759182086,0.25,-0.25,0.25
-0.22426921759182086,0.25,0.25,-0.25
-0.22426921759182086,0.25,0.25,0.25
-0.22232483265058248,-0.25,-0.25,-0.25
-0.22232483265058248,-0.25,-0.25,0.25
-0.22232483265058248,-0.25,0.25,-0.25
-0.22232483265058248,-0.25,0.25,0.25
-0.22232483265058248,0.25,-0.25,-0.25
-0.22232483265058248,0.25,-0.25,0.25
-0.22232483265058248,0.25,0.25,-0.25
-0.22232483265058248,0.25,0.25,0.25
-0.22037476525694516,-0.25,-0.25,-0.25
-0.22037476525694516,-0.25,-0.25,0.25
-0.22037476525694516,-0.25,0.25,-0.25
-0.22037476525694516,-0.25,0.25,0.25
-0.22037476525694516,0.25,-0.25,-0.25
-0.22037476525694516,0.25,-0.25,0.25
-0.22037476525694516,0.25,0.25,-0.25
-0.22037476525694516,0.25,0.25,0.25
-0.21841893136514287,-0.25,-0.25,-0.25
-0.21841893136514287,-0.25,-0.25,0.25
-0.21841893136514287,-0.25,0.25,-0.25
-0.21841893136514287,-0.25,0.25,0.25
-0.21841893136514287,0.25,-0.25,-0.25
-0.21841893136514287,0.25,-0.25,0.25
-0.21841893136514287,0.25,0.25,-0.25
-0.21841893136514287,0.25,0.25,0.25
-0.21645724466501082,-0.25,-0.25,-0.25
-0.21645724466501082,-0.25,-0.25,0.25
-0.21645724466501082,-0.25,0.25,-0.25
-0.21645724466501082,-0.25,0.25,0.25
-0.21645724466501082,0.25,-0.25,-0.25
-0.21645724466501082,0.25,-0.25,0.25
-0.21645724466501082,0.25,0.25,-0.25
-0.21645724466501082,0.25,0.25,0.25
-0.2144896164927422,-0.25,-0.25,-0.25
-0.2144896164927422,-0.25,-0.25,0.25
-0.2144896164927422,-0.25,0.25,-0.25
-0.2144896164927422,-0.25,0.25,0.25
-0.2144896164927422,0.25,-0.25,-0.25
-0.2144896164927422,0.25,-0.25,0.25
-0.2144896164927422,0.25,0.25,-0.25
-0.2144896164927422,0.25,0.25,0.25
-0.21251595573709178,-0.25,-0.25,-0.25
-0.21251595573709178,-0.25,-0.25,0.25
-0.21251595573709178,-0.25,0.25,-0.25
-0.21251595573709178,-0.25,0.25,0.25
-0.21251595573709178,0.25,-0.25,-0.25
-0.21251595573709178,0.25,-0.25,0.25
-0.21251595573709178,0.25,0.25,-0.25
-0.21251595573709178,0.25,0.25,0.25
-0.21053616874053976,-0.25,-0.25,-0.25
-0.21053616874053976,-0.25,-0.25,0.25
-0.21053616874053976,-0.25,0.25,-0.25
-0.21053616874053976,-0.25,0.25,0.25
-0.21053616874053976,0.25,-0.25,-0.25
-0.21053616874053976,0.25,-0.25,0.25
-0.21053616874053976,0.25,0.25,-0.25
-0.21053616874053976,0.25,0.25,0.25
-0.20855015919523298,-0.25,-0.25,-0.25
-0.20855015919523298,-0.25,-0.25,0.25
-0.20855015919523298,-0.25,0.25,-0.25
-0.20855015919523298,-0.25,0.25,0.25
-0.20855015919523298,0.25,-0.25,-0.25
-0.20855015919523298,0.25,-0.25,0.25
-0.20855015919523298,0.25,0.25,-0.25
-0.20855015919523298,0.25,0.25,0.25
-0.20655782803325018,-0.25,-0.25,-0.25
-0.20655782803325018,-0.25,-0.25,0.25
-0.20655782803325018,-0.25,0.25,-0.25
-0.20655782803325018,-0.25,0.25,0.25
-0.20655782803325018,0.25,-0.25,-0.25
-0.20655782803325018,0.25,-0.25,0.25
-0.20655782803325018,0.25,0.25,-0.25
-0.20655782803325018,0.25,0.25,0.25
-0.20455907331089762,-0.25,-0.25,-0.25
-0.20455907331089762,-0.25,-0.25,0.25
-0.20455907331089762,-0.25,0.25,-0.25
-0.20455907331089762,-0.25,0.25,0.25
-0.20455907331089762,0.25,-0.25,-0.25
-0.20455907331089762,0.25,-0.25,0.25
-0.20455907331089762,0.25,0.25,-0.25
-0.20455907331089762,0.25,0.25,0.25
-0.2025537900865143,-0.25,-0.25,-0.25
-0.2025537900865143,-0.25,-0.25,0.25
-0.2025537900865143,-0.25,0.25,-0.25
-0.2025537900865143,-0.25,0.25,0.25
-0.2025537900865143,0.25,-0.25,-0.25
-0.2025537900865143,0.25,-0.25,0.25
-0.2025537900865143,0.25,0.25,-0.25
-0.2025537900865143,0.25,0.25,0.25
-0.20054187029146192,-0.25,-0.25,-0.25
-0.20054187029146192,-0.25,-0.25,0.25
-0.20054187029146192,-0.25,0.25,-0.25
-0.20054187029146192,-0.25,0.25,0.25
-0.20054187029146192,0.25,-0.25,-0.25
-0.20054187029146192,0.25,-0.25,0.25
-0.20054187029146192,0.25,0.25,-0.25
-0.20054187029146192,0.25,0.25,0.25
-0.19852320259372205,-0.25,-0.25,-0.25
-0.19852320259372205,-0.25,-0.25,0.25
-0.19852320259372205,-0.25,0.25,-0.25
-0.19852320259372205,-0.25,0.25,0.25
-0.19852320259372205,0.25,-0.25,-0.25
-0.19852320259372205,0.25,-0.25,0.25
-0.19852320259372205,0.25,0.25,-0.25
-0.19852320259372205,0.25,0.25,0.25
-0.19649767225360723,-0.25,-0.25,-0.25
-0.19649767225360723,-0.25,-0.25,0.25
-0.19649767225360723,-0.25,0.25,-0.25
-0.19649767225360723,-0.25,0.25,0.25
-0.19649767225360723,0.25,-0.25,-0.25
-0.19649767225360723,0.25,-0.25,0.25
-0.19649767225360723,0.25,0.25,-0.25
-0.19649767225360723,0.25,0.25,0.25
-0.19446516097102434,-0.25,-0.25,-0.25
-0.19446516097102434,-0.25,-0.25,0.25
-0.19446516097102434,-0.25,0.25,-0.25
-0.19446516097102434,-0.25,0.25,0.25
-0.19446516097102434,0.25,-0.25,-0.25
-0.19446516097102434,0.25,-0.25,0.25
-0.19446516097102434,0.25,0.25,-0.25
-0.19446516097102434,0.25,0.25,0.25
-0.19242554672365378,-0.25,-0.25,-0.25
-0.19242554672365378,-0.25,-0.25,0.25
-0.19242554672365378,-0.25,0.25,-0.25
-0.19242554672365378,-0.25,0.25,0.25
-0.19242554672365378,0.25,-0.25,-0.25
-0.19242554672365378,0.25,-0.25,0.25
-0.19242554672365378,0.25,0.25,-0.25
-0.19242554672365378,0.25,0.25,0.25
-0.19037870359537848,-0.25,-0.25,-0.25
-0.19037870359537848,-0.25,-0.25,0.25
-0.19037870359537848,-0.25,0.25,-0.25
-0.19037870359537848,-0.25,0.25,0.25
-0.19037870359537848,0.25,-0.25,-0.25
-0.19037870359537848,0.25,-0.25,0.25
-0.19037870359537848,0.25,0.25,-0.25
-0.19037870359537848,0.25,0.25,0.25
-0.18832450159423056,-0.25,-0.25,-0.25
-0.18832450159423056,-0.25,-0.25,0.25
-0.18832450159423056,-0.25,0.25,-0.25
-0.18832450159423056,-0.25,0.25,0.25
-0.18832450159423056,0.25,-0.25,-0.25
-0.18832450159423056,0.25,-0.25,0.25
-0.18832450159423056,0.25,0.25,-0.25
-0.18832450159423056,0.25,0.25,0.25
-0.18626280645902593,-0.25,-0.25,-0.25
-0.18626280645902593,-0.25,-0.25,0.25
-0.18626280645902593,-0.25,0.25,-0.25
-0.18626280645902593,-0.25,0.25,0.25
-0.18626280645902593,0.25,-0.25,-0.25
-0.18626280645902593,0.25,-0.25,0.25
-0.18626280645902593,0.25,0.25,-0.25
-0.18626280645902593,0.25,0.25,0.25
-0.1841934794538176,-0.25,-0.25,-0.25
-0.1841934794538176,-0.25,-0.25,0.25
-0.1841934794538176,-0.25,0.25,-0.25
-0.1841934794538176,-0.25,0.25,0.25
-0.1841934794538176,0.25,-0.25,-0.25
-0.1841934794538176,0.25,-0.25,0.25
-0.1841934794538176,0.25,0.25,-0.25
-0.1841934794538176,0.25,0.25,0.25
-0.18211637714926723,-0.25,-0.25,-0.25
-0.18211637714926723,-0.25,-0.25,0.25
-0.18211637714926723,-0.25,0.25,-0.25
-0.18211637714926723,-0.25,0.25,0.25
-0.18211637714926723,0.25,-0.25,-0.25
-0.18211637714926723,0.25,-0.25,0.25
-0.18211637714926723,0.25,0.25,-0.25
-0.18211637714926723,0.25,0.25,0.25
-0.18003135118975636,-0.25,-0.25,-0.25
-0.18003135118975636,-0.25,-0.25,0.25
-0.18003135118975636,-0.25,0.25,-0.25
-0.18003135118975636,-0.25,0.25,0.25
-0.18003135118975636,0.25,-0.25,-0.25
-0.18003135118975636,0.25,-0.25,0.25
-0.18003135118975636,0.25,0.25,-0.25
-0.18003135118975636,0.25,0.25,0.25
-0.1779382480452131,-0.25,-0.25,-0.25
-0.1779382480452131,-0.25,-0.25,0.25
-0.1779382480452131,-0.25,0.25,-0.25
-0.1779382480452131,-0.25,0.25,0.25
-0.1779382480452131,0.25,-0.25,-0.25
-0.1779382480452131,0.25,-0.25,0.25
-0.1779382480452131,0.25,0.25,-0.25
-0.1779382480452131,0.25,0.25,0.25
-0.1758369087463133,-0.25,-0.25,-0.25
-0.1758369087463133,-0.25,-0.25,0.25
-0.1758369087463133,-0.25,0.25,-0.25
-0.1758369087463133,-0.25,0.25,0.25
-0.1758369087463133,0.25,-0.25,-0.25
-0.1758369087463133,0.25,-0.25,0.25
-0.1758369087463133,0.25,0.25,-0.25
-0.1758369087463133,0.25,0.25,0.25
-0.1737271686016568,-0.25,-0.25,-0.25
-0.1737271686016568,-0.25,-0.25,0.25
-0.1737271686016568,-0.25,0.25,-0.25
-0.1737271686016568,-0.25,0.25,0.25
-0.1737271686016568,0.25,-0.25,-0.25
-0.1737271686016568,0.25,-0.25,0.25
-0.1737271686016568,0.25,0.25,-0.25
-0.1737271686016568,0.25,0.25,0.25
-0.17160885689543587,-0.25,-0.25,-0.25
-0.17160885689543587,-0.25,-0.25,0.25
-0.17160885689543587,-0.25,0.25,-0.25
-0.17160885689543587,-0.25,0.25,0.25
-0.17160885689543587,0.25,-0.25,-0.25
-0.17160885689543587,0.25,-0.25,0.25
-0.17160885689543587,0.25,0.25,-0.25
-0.17160885689543587,0.25,0.25,0.25
-0.16948179656383866,-0.25,-0.25,-0.25
-0.16948179656383866,-0.25,-0.25,0.25
-0.16948179656383866,-0.25,0.25,-0.25
-0.16948179656383866,-0.25,0.25,0.25
-0.16948179656383866,0.25,-0.25,-0.25
-0.16948179656383866,0.25,-0.25,0.25
-0.16948179656383866,0.25,0.25,-0.25
-0.16948179656383866,0.25,0.25,0.25
-0.1673458038483541,-0.25,-0.25,-0.25
-0.1673458038483541,-0.25,-0.25,0.25
-0.1673458038483541,-0.25,0.25,-0.25
-0.1673458038483541,-0.25,0.25,0.25
-0.1673458038483541,0.25,-0.25,-0.25
-0.1673458038483541,0.25,-0.25,0.25
-0.1673458038483541,0.25,0.25,-0.25
-0.1673458038483541,0.25,0.25,0.25
-0.16520068792388748,-0.25,-0.25,-0.25
-0.16520068792388748,-0.25,-0.25,0.25
-0.16520068792388748,-0.25,0.25,-0.25
-0.16520068792388748,-0.25,0.25,0.25
-0.16520068792388748,0.25,-0.25,-0.25
-0.16520068792388748,0.25,-0.25,0.25
-0.16520068792388748,0.25,0.25,-0.25
-0.16520068792388748,0.25,0.25,0.25
-0.1630462504994036,-0.25,-0.25,-0.25
-0.1630462504994036,-0.25,-0.25,0.25
-0.1630462504994036,-0.25,0.25,-0.25
-0.1630462504994036,-0.25,0.25,0.25
-0.1630462504994036,0.25,-0.25,-0.25
-0.1630462504994036,0.25,-0.25,0.25
-0.1630462504994036,0.25,0.25,-0.25
-0.1630462504994036,0.25,0.25,0.25
-0.1608822853885172,-0.25,-0.25,-0.25
-0.1608822853885172,-0.25,-0.25,0.25
-0.1608822853885172,-0.25,0.25,-0.25
-0.1608822853885172,-0.25,0.25,0.25
-0.1608822853885172,0.25,-0.25,-0.25
-0.1608822853885172,0.25,-0.25,0.25
-0.1608822853885172,0.25,0.25,-0.25
-0.1608822853885172,0.25,0.25,0.25
-0.15870857804721392,-0.25,-0.25,-0.25
-0.15870857804721392,-0.25,-0.25,0.25
-0.15870857804721392,-0.25,0.25,-0.25
-0.15870857804721392,-0.25,0.25,0.25
-0.15870857804721392,0.25,-0.25,-0.25
-0.15870857804721392,0.25,-0.25,0.25
-0.15870857804721392,0.25,0.25,-0.25
-0.15870857804721392,0.25,0.25,0.25
-0.1565249050755225,-0.25,-0.25,-0.25
-0.1565249050755225,-0.25,-0.25,0.25
-0.1565249050755225,-0.25,0.25,-0.25
-0.1565249050755225,-0.25,0.25,0.25
-0.1565249050755225,0.25,-0.25,-0.25
-0.1565249050755225,0.25,-0.25,0.25
-0.1565249050755225,0.25,0.25,-0.25
-0.1565249050755225,0.25,0.25,0.25
-0.15433103367959433,-0.25,-0.25,-0.25
-0.15433103367959433,-0.25,-0.25,0.25
-0.15433103367959433,-0.25,0.25,-0.25
-0.15433103367959433,-0.25,0.25,0.25
-0.15433103367959433,0.25,-0.25,-0.25
-0.15433103367959433,0.25,-0.25,0.25
-0.15433103367959433,0.25,0.25,-0.25
-0.15433103367959433,0.25,0.25,0.25
-0.15212672109027617,-0.25,-0.25,-0.25
-0.15212672109027617,-0.25,-0.25,0.25
-0.15212672109027617,-0.25,0.25,-0.25
-0.15212672109027617,-0.25,0.25,0.25
-0.15212672109027617,0.25,-0.25,-0.25
-0.15212672109027617,0.25,-0.25,0.25
-0.15212672109027617,0.25,0.25,-0.25
-0.15212672109027617,0.25,0.25,0.25
-0.1499117139336526,-0.25,-0.25,-0.25
-0.1499117139336526,-0.25,-0.25,0.25
-0.1499117139336526,-0.25,0.25,-0.25
-0.1499117139336526,-0.25,0.25,0.25
-0.1499117139336526,0.25,-0.25,-0.25
-0.1499117139336526,0.25,-0.25,0.25
-0.1499117139336526,0.25,0.25,-0.25
-0.1499117139336526,0.25,0.25,0.25
-0.14768574754867655,-0.25,-0.25,-0.25
-0.14768574754867655,-0.25,-0.25,0.25
-0.14768574754867655,-0.25,0.25,-0.25
-0.14768574754867655,-0.25,0.25,0.25
-0.14768574754867655,0.25,-0.25,-0.25
-0.14768574754867655,0.25,-0.25,0.25
-0.14768574754867655,0.25,0.25,-0.25
-0.14768574754867655,0.25,0.25,0.25
-0.14544854524617373,-0.25,-0.25,-0.25
-0.14544854524617373,-0.25,-0.25,0.25
-0.14544854524617373,-0.25,0.25,-0.25
-0.14544854524617373,-0.25,0.25,0.25
-0.14544854524617373,0.25,-0.25,-0.25
-0.14544854524617373,0.25,-0.25,0.25
-0.14544854524617373,0.25,0.25,-0.25
-0.14544854524617373,0.25,0.25,0.25
-0.14319981750294256,-0.25,-0.25,-0.25
-0.14319981750294256,-0.25,-0.25,0.25
-0.14319981750294256,-0.25,0.25,-0.25
-0.14319981750294256,-0.25,0.25,0.25
-0.14319981750294256,0.25,-0.25,-0.25
-0.14319981750294256,0.25,-0.25,0.25
-0.14319981750294256,0.25,0.25,-0.25
-0.14319981750294256,0.25,0.25,0.25
-0.14093926108376142,-0.25,-0.25,-0.25
-0.14093926108376142,-0.25,-0.25,0.25
-0.14093926108376142,-0.25,0.25,-0.25
-0.14093926108376142,-0.25,0.25,0.25
-0.14093926108376142,0.25,-0.25,-0.25
-0.14093926108376142,0.25,-0.25,0.25
-0.14093926108376142,0.25,0.25,-0.25
-0.14093926108376142,0.25,0.25,0.25
-0.13866655808313832,-0.25,-0.25,-0.25
-0.13866655808313832,-0.25,-0.25,0.25
-0.13866655808313832,-0.25,0.25,-0.25
-0.13866655808313832,-0.25,0.25,0.25
-0.13866655808313832,0.25,-0.25,-0.25
-0.13866655808313832,0.25,-0.25,0.25
-0.13866655808313832,0.25,0.25,-0.25
-0.13866655808313832,0.25,0.25,0.25
-0.13638137487757454,-0.25,-0.25,-0.25
-0.13638137487757454,-0.25,-0.25,0.25
-0.13638137487757454,-0.25,0.25,-0.25
-0.13638137487757454,-0.25,0.25,0.25
-0.13638137487757454,0.25,-0.25,-0.25
-0.13638137487757454,0.25,-0.25,0.25
-0.13638137487757454,0.25,0.25,-0.25
-0.13638137487757454,0.25,0.25,0.25
-0.13408336097777676,-0.25,-0.25,-0.25
-0.13408336097777676,-0.25,-0.25,0.25
-0.13408336097777676,-0.25,0.25,-0.25
-0.13408336097777676,-0.25,0.25,0.25
-0.13408336097777676,0.25,-0.25,-0.25
-0.13408336097777676,0.25,-0.25,0.25
-0.13408336097777676,0.25,0.25,-0.25
-0.13408336097777676,0.25,0.25,0.25
-0.1317721477687303,-0.25,-0.25,-0.25
-0.1317721477687303,-0.25,-0.25,0.25
-0.1317721477687303,-0.25,0.25,-0.25
-0.1317721477687303,-0.25,0.25,0.25
-0.1317721477687303,0.25,-0.25,-0.25
-0.1317721477687303,0.25,-0.25,0.25
-0.1317721477687303,0.25,0.25,-0.25
-0.1317721477687303,0.25,0.25,0.25
-0.12944734712380504,-0.25,-0.25,-0.25
-0.12944734712380504,-0.25,-0.25,0.25
-0.12944734712380504,-0.25,0.25,-0.25
-0.12944734712380504,-0.25,0.25,0.25
-0.12944734712380504,0.25,-0.25,-0.25
-0.12944734712380504,0.25,-0.25,0.25
-0.12944734712380504,0.25,0.25,-0.25
-0.12944734712380504,0.25,0.25,0.25
-0.12710854987693956,-0.25,-0.25,-0.25
-0.12710854987693956,-0.25,-0.25,0.25
-0.12710854987693956,-0.25,0.25,-0.25
-0.12710854987693956,-0.25,0.25,0.25
-0.12710854987693956,0.25,-0.25,-0.25
-0.12710854987693956,0.25,-0.25,0.25
-0.12710854987693956,0.25,0.25,-0.25
-0.12710854987693956,0.25,0.25,0.25
-0.12475532413451096,-0.25,-0.25,-0.25
-0.12475532413451096,-0.25,-0.25,0.25
-0.12475532413451096,-0.25,0.25,-0.25
-0.12475532413451096,-0.25,0.25,0.25
-0.12475532413451096,0.25,-0.25,-0.25
-0.12475532413451096,0.25,-0.25,0.25
-0.12475532413451096,0.25,0.25,-0.25
-0.12475532413451096,0.25,0.25,0.25
-0.12238721340559787,-0.25,-0.25,-0.25
-0.12238721340559787,-0.25,-0.25,0.25
-0.12238721340559787,-0.25,0.25,-0.25
-0.12238721340559787,-0.25,0.25,0.25
-0.12238721340559787,0.25,-0.25,-0.25
-0.12238721340559787,0.25,-0.25,0.25
-0.12238721340559787,0.25,0.25,-0.25
-0.12238721340559787,0.25,0.25,0.25
-0.12000373452586545,-0.25,-0.25,-0.25
-0.12000373452586545,-0.25,-0.25,0.25
-0.12000373452586545,-0.25,0.25,-0.25
-0.12000373452586545,-0.25,0.25,0.25
-0.12000373452586545,0.25,-0.25,-0.25
-0.12000373452586545,0.25,-0.25,0.25
-0.12000373452586545,0.25,0.25,-0.25
-0.12000373452586545,0.25,0.25,0.25
-0.11760437534616622,-0.25,-0.25,-0.25
-0.11760437534616622,-0.25,-0.25,0.25
-0.11760437534616622,-0.25,0.25,-0.25
-0.11760437534616622,-0.25,0.25,0.25
-0.11760437534616622,0.25,-0.25,-0.25
-0.11760437534616622,0.25,-0.25,0.25
-0.11760437534616622,0.25,0.25,-0.25
-0.11760437534616622,0.25,0.25,0.25
-0.11518859215204373,-0.25,-0.25,-0.25
-0.11518859215204373,-0.25,-0.25,0.25
-0.11518859215204373,-0.25,0.25,-0.25
-0.11518859215204373,-0.25,0.25,0.25
-0.11518859215204373,0.25,-0.25,-0.25
-0.11518859215204373,0.25,-0.25,0.25
-0.11518859215204373,0.25,0.25,-0.25
-0.11518859215204373,0.25,0.25,0.25
-0.11275580677432337,-0.25,-0.25,-0.25
-0.11275580677432337,-0.25,-0.25,0.25
-0.11275580677432337,-0.25,0.25,-0.25
-0.11275580677432337,-0.25,0.25,0.25
-0.11275580677432337,0.25,-0.25,-0.25
-0.11275580677432337,0.25,-0.25,0.25
-0.11275580677432337,0.25,0.25,-0.25
-0.11275580677432337,0.25,0.25,0.25
-0.11030540334379829,-0.25,-0.25,-0.25
-0.11030540334379829,-0.25,-0.25,0.25
-0.11030540334379829,-0.25,0.25,-0.25
-0.11030540334379829,-0.25,0.25,0.25
-0.11030540334379829,0.25,-0.25,-0.25
-0.11030540334379829,0.25,-0.25,0.25
-0.11030540334379829,0.25,0.25,-0.25
-0.11030540334379829,0.25,0.25,0.25
-0.10783672463422725,-0.25,-0.25,-0.25
-0.10783672463422725,-0.25,-0.25,0.25
-0.10783672463422725,-0.25,0.25,-0.25
-0.10783672463422725,-0.25,0.25,0.25
-0.10783672463422725,0.25,-0.25,-0.25
-0.10783672463422725,0.25,-0.25,0.25
-0.10783672463422725,0.25,0.25,-0.25
-0.10783672463422725,0.25,0.25,0.25
-0.10534906792714732,-0.25,-0.25,-0.25
-0.10534906792714732,-0.25,-0.25,0.25
-0.10534906792714732,-0.25,0.25,-0.25
-0.10534906792714732,-0.25,0.25,0.25
-0.10534906792714732,0.25,-0.25,-0.25
-0.10534906792714732,0.25,-0.25,0.25
-0.10534906792714732,0.25,0.25,-0.25
-0.10534906792714732,0.25,0.25,0.25
-0.10284168031880209,-0.25,-0.25,-0.25
-0.10284168031880209,-0.25,-0.25,0.25
-0.10284168031880209,-0.25,0.25,-0.25
-0.10284168031880209,-0.25,0.25,0.25
-0.10284168031880209,0.25,-0.25,-0.25
-0.10284168031880209,0.25,-0.25,0.25
-0.10284168031880209,0.25,0.25,-0.25
-0.10284168031880209,0.25,0.25,0.25
-0.1003137533731671,-0.25,-0.25,-0.25
-0.1003137533731671,-0.25,-0.25,0.25
-0.1003137533731671,-0.25,0.25,-0.25
-0.1003137533731671,-0.25,0.25,0.25
-0.1003137533731671,0.25,-0.25,-0.25
-0.1003137533731671,0.25,-0.25,0.25
-0.1003137533731671,0.25,0.25,-0.25
-0.1003137533731671,0.25,0.25,0.25
-0.0977644170046888,-0.25,-0.25,-0.25
-0.0977644170046888,-0.25,-0.25,0.25
-0.0977644170046888,-0.25,0.25,-0.25
-0.0977644170046888,-0.25,0.25,0.25
-0.0977644170046888,0.25,-0.25,-0.25
-0.0977644170046888,0.25,-0.25,0.25
-0.0977644170046888,0.25,0.25,-0.25
-0.0977644170046888,0.25,0.25,0.25
-0.09519273244884968,-0.25,-0.25,-0.25
-0.09519273244884968,-0.25,-0.25,0.25
-0.09519273244884968,-0.25,0.25,-0.25
-0.09519273244884968,-0.25,0.25,0.25
-0.09519273244884968,0.25,-0.25,-0.25
-0.09519273244884968,0.25,-0.25,0.25
-0.09519273244884968,0.25,0.25,-0.25
-0.09519273244884968,0.25,0.25,0.25
-0.09259768414640833,-0.25,-0.25,-0.25
-0.09259768414640833,-0.25,-0.25,0.25
-0.09259768414640833,-0.25,0.25,-0.25
-0.09259768414640833,-0.25,0.25,0.25
-0.09259768414640833,0.25,-0.25,-0.25
-0.09259768414640833,0.25,-0.25,0.25
-0.09259768414640833,0.25,0.25,-0.25
-0.09259768414640833,0.25,0.25,0.25
-0.08997817032609878,-0.25,-0.25,-0.25
-0.08997817032609878,-0.25,-0.25,0.25
-0.08997817032609878,-0.25,0.25,-0.25
-0.08997817032609878,-0.25,0.25,0.25
-0.08997817032609878,0.25,-0.25,-0.25
-0.08997817032609878,0.25,-0.25,0.25
-0.08997817032609878,0.25,0.25,-0.25
-0.08997817032609878,0.25,0.25,0.25
-0.08733299201780115,-0.25,-0.25,-0.25
-0.08733299201780115,-0.25,-0.25,0.25
-0.08733299201780115,-0.25,0.25,-0.25
-0.08733299201780115,-0.25,0.25,0.25
-0.08733299201780115,0.25,-0.25,-0.25
-0.08733299201780115,0.25,-0.25,0.25
-0.08733299201780115,0.25,0.25,-0.25
-0.08733299201780115,0.25,0.25,0.25
-0.0846608401598363,-0.25,-0.25,-0.25
-0.0846608401598363,-0.25,-0.25,0.25
-0.0846608401598363,-0.25,0.25,-0.25
-0.0846608401598363,-0.25,0.25,0.25
-0.0846608401598363,0.25,-0.25,-0.25
-0.0846608401598363,0.25,-0.25,0.25
-0.0846608401598363,0.25,0.25,-0.25
-0.0846608401598363,0.25,0.25,0.25
-0.08196028037456647,-0.25,-0.25,-0.25
-0.08196028037456647,-0.25,-0.25,0.25
-0.08196028037456647,-0.25,0.25,-0.25
-0.08196028037456647,-0.25,0.25,0.25
-0.08196028037456647,0.25,-0.25,-0.25
-0.08196028037456647,0.25,-0.25,0.25
-0.08196028037456647,0.25,0.25,-0.25
-0.08196028037456647,0.25,0.25,0.25
-0.0792297348681557,-0.25,-0.25,-0.25
-0.0792297348681557,-0.25,-0.25,0.25
-0.0792297348681557,-0.25,0.25,-0.25
-0.0792297348681557,-0.25,0.25,0.25
-0.0792297348681557,0.25,-0.25,-0.25
-0.0792297348681557,0.25,-0.25,0.25
-0.0792297348681557,0.25,0.25,-0.25
-0.0792297348681557,0.25,0.25,0.25
-0.07646746075215263,-0.25,-0.25,-0.25
-0.07646746075215263,-0.25,-0.25,0.25
-0.07646746075215263,-0.25,0.25,-0.25
-0.07646746075215263,-0.25,0.25,0.25
-0.07646746075215263,0.25,-0.25,-0.25
-0.07646746075215263,0.25,-0.25,0.25
-0.07646746075215263,0.25,0.25,-0.25
-0.07646746075215263,0.25,0.25,0.25
-0.07367152387033804,-0.25,-0.25,-0.25
-0.07367152387033804,-0.25,-0.25,0.25
-0.07367152387033804,-0.25,0.25,-0.25
-0.07367152387033804,-0.25,0.25,0.25
-0.07367152387033804,0.25,-0.25,-0.25
-0.07367152387033804,0.25,-0.25,0.25
-0.07367152387033804,0.25,0.25,-0.25
-0.07367152387033804,0.25,0.25,0.25
-0.07083976692041986,-0.25,-0.25,-0.25
-0.07083976692041986,-0.25,-0.25,0.25
-0.07083976692041986,-0.25,0.25,-0.25
-0.07083976692041986,-0.25,0.25,0.25
-0.07083976692041986,0.25,-0.25,-0.25
-0.07083976692041986,0.25,-0.25,0.25
-0.07083976692041986,0.25,0.25,-0.25
-0.07083976692041986,0.25,0.25,0.25
-0.06796977025105577,-0.25,-0.25,-0.25
-0.06796977025105577,-0.25,-0.25,0.25
-0.06796977025105577,-0.25,0.25,-0.25
-0.06796977025105577,-0.25,0.25,0.25
-0.06796977025105577,0.25,-0.25,-0.25
-0.06796977025105577,0.25,-0.25,0.25
-0.06796977025105577,0.25,0.25,-0.25
-0.06796977025105577,0.25,0.25,0.25
-0.06505880313597827,-0.25,-0.25,-0.25
-0.06505880313597827,-0.25,-0.25,0.25
-0.06505880313597827,-0.25,0.25,-0.25
-0.06505880313597827,-0.25,0.25,0.25
-0.06505880313597827,0.25,-0.25,-0.25
-0.06505880313597827,0.25,-0.25,0.25
-0.06505880313597827,0.25,0.25,-0.25
-0.06505880313597827,0.25,0.25,0.25
-0.06210376249384917,-0.25,-0.25,-0.25
-0.06210376249384917,-0.25,-0.25,0.25
-0.06210376249384917,-0.25,0.25,-0.25
-0.06210376249384917,-0.25,0.25,0.25
-0.06210376249384917,0.25,-0.25,-0.25
-0.06210376249384917,0.25,-0.25,0.25
-0.06210376249384917,0.25,0.25,-0.25
-0.06210376249384917,0.25,0.25,0.25
-0.05910109479923281,-0.25,-0.25,-0.25
-0.05910109479923281,-0.25,-0.25,0.25
-0.05910109479923281,-0.25,0.25,-0.25
-0.05910109479923281,-0.25,0.25,0.25
-0.05910109479923281,0.25,-0.25,-0.25
-0.05910109479923281,0.25,-0.25,0.25
-0.05910109479923281,0.25,0.25,-0.25
-0.05910109479923281,0.25,0.25,0.25
-0.05604669509461362,-0.25,-0.25,-0.25
-0.05604669509461362,-0.25,-0.25,0.25
-0.05604669509461362,-0.25,0.25,-0.25
-0.05604669509461362,-0.25,0.25,0.25
-0.05604669509461362,0.25,-0.25,-0.25
-0.05604669509461362,0.25,-0.25,0.25
-0.05604669509461362,0.25,0.25,-0.25
-0.05604669509461362,0.25,0.25,0.25
-0.05293577419093189,-0.25,-0.25,-0.25
-0.05293577419093189,-0.25,-0.25,0.25
-0.05293577419093189,-0.25,0.25,-0.25
-0.05293577419093189,-0.25,0.25,0.25
-0.05293577419093189,0.25,-0.25,-0.25
-0.05293577419093189,0.25,-0.25,0.25
-0.05293577419093189,0.25,0.25,-0.25
-0.05293577419093189,0.25,0.25,0.25
-0.049762680682161664,-0.25,-0.25,-0.25
-0.049762680682161664,-0.25,-0.25,0.25
-0.049762680682161664,-0.25,0.25,-0.25
-0.049762680682161664,-0.25,0.25,0.25
-0.049762680682161664,0.25,-0.25,-0.25
-0.049762680682161664,0.25,-0.25,0.25
-0.049762680682161664,0.25,0.25,-0.25
-0.049762680682161664,0.25,0.25,0.25
-0.04652065711932746,-0.25,-0.25,-0.25
-0.04652065711932746,-0.25,-0.25,0.25
-0.04652065711932746,-0.25,0.25,-0.25
-0.04652065711932746,-0.25,0.25,0.25
-0.04652065711932746,0.25,-0.25,-0.25
-0.04652065711932746,0.25,-0.25,0.25
-0.04652065711932746,0.25,0.25,-0.25
-0.04652065711932746,0.25,0.25,0.25
-0.04320149737106807,-0.25,-0.25,-0.25
-0.04320149737106807,-0.25,-0.25,0.25
-0.04320149737106807,-0.25,0.25,-0.25
-0.04320149737106807,-0.25,0.25,0.25
-0.04320149737106807,0.25,-0.25,-0.25
-0.04320149737106807,0.25,-0.25,0.25
-0.04320149737106807,0.25,0.25,-0.25
-0.04320149737106807,0.25,0.25,0.25
-0.039795050452168086,-0.25,-0.25,-0.25
-0.039795050452168086,-0.25,-0.25,0.25
-0.039795050452168086,-0.25,0.25,-0.25
-0.039795050452168086,-0.25,0.25,0.25
-0.039795050452168086,0.25,-0.25,-0.25
-0.039795050452168086,0.25,-0.25,0.25
-0.039795050452168086,0.25,0.25,-0.25
-0.039795050452168086,0.25,0.25,0.25
-0.03628847574146307,-0.25,-0.25,-0.25
-0.03628847574146307,-0.25,-0.25,0.25
-0.03628847574146307,-0.25,0.25,-0.25
-0.03628847574146307,-0.25,0.25,0.25
-0.03628847574146307,0.25,-0.25,-0.25
-0.03628847574146307,0.25,-0.25,0.25
-0.03628847574146307,0.25,0.25,-0.25
-0.03628847574146307,0.25,0.25,0.25
-0.032665074954442284,-0.25,-0.25,-0.25
-0.032665074954442284,-0.25,-0.25,0.25
-0.032665074954442284,-0.25,0.25,-0.25
-0.032665074954442284,-0.25,0.25,0.25
-0.032665074954442284,0.25,-0.25,-0.25
-0.032665074954442284,0.25,-0.25,0.25
-0.032665074954442284,0.25,0.25,-0.25
-0.032665074954442284,0.25,0.25,0.25
-0.02890235739408532,-0.25,-0.25,-0.25
-0.02890235739408532,-0.25,-0.25,0.25
-0.02890235739408532,-0.25,0.25,-0.25
-0.02890235739408532,-0.25,0.25,0.25
-0.02890235739408532,0.25,-0.25,-0.25
-0.02890235739408532,0.25,-0.25,0.25
-0.02890235739408532,0.25,0.25,-0.25
-0.02890235739408532,0.25,0.25,0.25
-0.024968601686818522,-0.25,-0.25,-0.25
-0.024968601686818522,-0.25,-0.25,0.25
-0.024968601686818522,-0.25,0.25,-0.25
-0.024968601686818522,-0.25,0.25,0.25
-0.024968601686818522,0.25,-0.25,-0.25
-0.024968601686818522,0.25,-0.25,0.25
-0.024968601686818522,0.25,0.25,-0.25
-0.024968601686818522,0.25,0.25,0.25
-0.02081614227172818,-0.25,-0.25,-0.25
-0.02081614227172818,-0.25,-0.25,0.25
-0.02081614227172818,-0.25,0.25,-0.25
-0.02081614227172818,-0.25,0.25,0.25
-0.02081614227172818,0.25,-0.25,-0.25
-0.02081614227172818,0.25,-0.25,0.25
-0.02081614227172818,0.25,0.25,-0.25
-0.02081614227172818,0.25,0.25,0.25
-0.016366387625551523,-0.25,-0.25,-0.25
-0.016366387625551523,-0.25,-0.25,0.25
-0.016366387625551523,-0.25,0.25,-0.25
-0.016366387625551523,-0.25,0.25,0.25
-0.016366387625551523,0.25,-0.25,-0.25
-0.016366387625551523,0.25,-0.25,0.25
-0.016366387625551523,0.25,0.25,-0.25
-0.016366387625551523,0.25,0.25,0.25
-0.011468677569730084,-0.25,-0.25,-0.25
-0.011468677569730084,-0.25,-0.25,0.25
-0.011468677569730084,-0.25,0.25,-0.25
-0.011468677569730084,-0.25,0.25,0.25
-0.011468677569730084,0.25,-0.25,-0.25
-0.011468677569730084,0.25,-0.25,0.25
-0.011468677569730084,0.25,0.25,-0.25
-0.011468677569730084,0.25,0.25,0.25
-0.005734338784865042,-0.25,-0.25,-0.25
-0.005734338784865042,-0.25,-0.25,0.25
-0.005734338784865042,-0.25,0.25,-0.25
-0.005734338784865042,-0.25,0.25,0.25
-0.005734338784865042,0.25,-0.25,-0.25
-0.005734338784865042,0.25,-0.25,0.25
-0.005734338784865042,0.25,0.25,-0.25
-0.005734338784865042,0.25,0.25,0.25
0.0,-0.25,-0.25,-0.25
0.0,-0.25,-0.25,0.25
0.0,-0.25,0.25,-0.25
0.0,-0.25,0.25,0.25
0.0,0.25,-0.25,-0.25
0.0,0.25,-0.25,0.25
0.0,0.25,0.25,-0.25
0.0,0.25,0.25,0.25
0.007410213433316155,-0.25,-0.25,-0.25
0.007410213433316155,-0.25,-0.25,0.25
0.007410213433316155,-0.25,0.25,-0.25
0.007410213433316155,-0.25,0.25,0.25
0.007410213433316155,0.25,-0.25,-0.25
0.007410213433316155,0.25,-0.25,0.25
0.007410213433316155,0.25,0.25,-0.25
0.007410213433316155,0.25,0.25,0.25
0.012842050056231343,-0.25,-0.25,-0.25
0.012842050056231343,-0.25,-0.25,0.25
0.012842050056231343,-0.25,0.25,-0.25
0.012842050056231343,-0.25,0.25,0.25
0.012842050056231343,0.25,-0.25,-0.25
0.012842050056231343,0.25,-0.25,0.25
0.012842050056231343,0.25,0.25,-0.25
0.012842050056231343,0.25,0.25,0.25
0.0175854559415646,-0.25,-0.25,-0.25
0.0175854559415646,-0.25,-0.25,0.25
0.0175854559415646,-0.25,0.25,-0.25
0.0175854559415646,-0.25,0.25,0.25
0.0175854559415646,0.25,-0.25,-0.25
0.0175854559415646,0.25,-0.25,0.25
0.0175854559415646,0.25,0.25,-0.25
0.0175854559415646,0.25,0.25,0.25
0.02193891854995597,-0.25,-0.25,-0.25
0.02193891854995597,-0.25,-0.25,0.25
0.02193891854995597,-0.25,0.25,-0.25
0.02193891854995597,-0.25,0.25,0.25
0.02193891854995597,0.25,-0.25,-0.25
0.02193891854995597,0.25,-0.25,0.25
0.02193891854995597,0.25,0.25,-0.25
0.02193891854995597,0.25,0.25,0.25
0.026020535190041667,-0.25,-0.25,-0.25
0.026020535190041667,-0.25,-0.25,0.25
0.026020535190041667,-0.25,0.25,-0.25
0.026020535190041667,-0.25,0.25,0.25
0.026020535190041667,0.25,-0.25,-0.25
0.026020535190041667,0.25,-0.25,0.25
0.026020535190041667,0.25,0.25,-0.25
0.026020535190041667,0.25,0.25,0.25
0.02989915362815447,-0.25,-0.25,-0.25
0.02989915362815447,-0.25,-0.25,0.25
0.02989915362815447,-0.25,0.25,-0.25
0.02989915362815447,-0.25,0.25,0.25
0.02989915362815447,0.25,-0.25,-0.25
0.02989915362815447,0.25,-0.25,0.25
0.02989915362815447,0.25,0.25,-0.25
0.02989915362815447,0.25,0.25,0.25
0.03361668097721114,-0.25,-0.25,-0.25
0.03361668097721114,-0.25,-0.25,0.25
0.03361668097721114,-0.25,0.25,-0.25
0.03361668097721114,-0.25,0.25,0.25
0.03361668097721114,0.25,-0.25,-0.25
0.03361668097721114,0.25,-0.25,0.25
0.03361668097721114,0.25,0.25,-0.25
0.03361668097721114,0.25,0.25,0.25
0.03720166770962259,-0.25,-0.25,-0.25
0.03720166770962259,-0.25,-0.25,0.25
0.03720166770962259,-0.25,0.25,-0.25
0.03720166770962259,-0.25,0.25,0.25
0.03720166770962259,0.25,-0.25,-0.25
0.03720166770962259,0.25,-0.25,0.25
0.03720166770962259,0.25,0.25,-0.25
0.03720166770962259,0.25,0.25,0.25
0.04067461557126004,-0.25,-0.25,-0.25
0.04067461557126004,-0.25,-0.25,0.25
0.04067461557126004,-0.25,0.25,-0.25
0.04067461557126004,-0.25,0.25,0.25
0.04067461557126004,0.25,-0.25,-0.25
0.04067461557126004,0.25,-0.25,0.25
0.04067461557126004,0.25,0.25,-0.25
0.04067461557126004,0.25,0.25,0.25
0.04405090010911301,-0.25,-0.25,-0.25
0.04405090010911301,-0.25,-0.25,0.25
0.04405090010911301,-0.25,0.25,-0.25
0.04405090010911301,-0.25,0.25,0.25
0.04405090010911301,0.25,-0.25,-0.25
0.04405090010911301,0.25,-0.25,0.25
0.04405090010911301,0.25,0.25,-0.25
0.04405090010911301,0.25,0.25,0.25
0.04734244109744608,-0.25,-0.25,-0.25
0.04734244109744608,-0.25,-0.25,0.25
0.04734244109744608,-0.25,0.25,-0.25
0.04734244109744608,-0.25,0.25,0.25
0.04734244109744608,0.25,-0.25,-0.25
0.04734244109744608,0.25,-0.25,0.25
0.04734244109744608,0.25,0.25,-0.25
0.04734244109744608,0.25,0.25,0.25
0.05055872624080697,-0.25,-0.25,-0.25
0.05055872624080697,-0.25,-0.25,0.25
0.05055872624080697,-0.25,0.25,-0.25
0.05055872624080697,-0.25,0.25,0.25
0.05055872624080697,0.25,-0.25,-0.25
0.05055872624080697,0.25,-0.25,0.25
0.05055872624080697,0.25,0.25,-0.25
0.05055872624080697,0.25,0.25,0.25
0.053707471498557216,-0.25,-0.25,-0.25
0.053707471498557216,-0.25,-0.25,0.25
0.053707471498557216,-0.25,0.25,-0.25
0.053707471498557216,-0.25,0.25,0.25
0.053707471498557216,0.25,-0.25,-0.25
0.053707471498557216,0.25,-0.25,0.25
0.053707471498557216,0.25,0.25,-0.25
0.053707471498557216,0.25,0.25,0.25
0.05679506500529446,-0.25,-0.25,-0.25
0.05679506500529446,-0.25,-0.25,0.25
0.05679506500529446,-0.25,0.25,-0.25
0.05679506500529446,-0.25,0.25,0.25
0.05679506500529446,0.25,-0.25,-0.25
0.05679506500529446,0.25,-0.25,0.25
0.05679506500529446,0.25,0.25,-0.25
0.05679506500529446,0.25,0.25,0.25
0.059826875875384905,-0.25,-0.25,-0.25
0.059826875875384905,-0.25,-0.25,0.25
0.059826875875384905,-0.25,0.25,-0.25
0.059826875875384905,-0.25,0.25,0.25
0.059826875875384905,0.25,-0.25,-0.25
0.059826875875384905,0.25,-0.25,0.25
0.059826875875384905,0.25,0.25,-0.25
0.059826875875384905,0.25,0.25,0.25
0.0628074752710112,-0.25,-0.25,-0.25
0.0628074752710112,-0.25,-0.25,0.25
0.0628074752710112,-0.25,0.25,-0.25
0.0628074752710112,-0.25,0.25,0.25
0.0628074752710112,0.25,-0.25,-0.25
0.0628074752710112,0.25,-0.25,0.25
0.0628074752710112,0.25,0.25,-0.25
0.0628074752710112,0.25,0.25,0.25
0.0657407985825982,-0.25,-0.25,-0.25
0.0657407985825982,-0.25,-0.25,0.25
0.0657407985825982,-0.25,0.25,-0.25
0.0657407985825982,-0.25,0.25,0.25
0.0657407985825982,0.25,-0.25,-0.25
0.0657407985825982,0.25,-0.25,0.25
0.0657407985825982,0.25,0.25,-0.25
0.0657407985825982,0.25,0.25,0.25
0.06863026694954874,-0.25,-0.25,-0.25
0.06863026694954874,-0.25,-0.25,0.25
0.06863026694954874,-0.25,0.25,-0.25
0.06863026694954874,-0.25,0.25,0.25
0.06863026694954874,0.25,-0.25,-0.25
0.06863026694954874,0.25,-0.25,0.25
0.06863026694954874,0.25,0.25,-0.25
0.06863026694954874,0.25,0.25,0.25
0.07147888001013782,-0.25,-0.25,-0.25
0.07147888001013782,-0.25,-0.25,0.25
0.07147888001013782,-0.25,0.25,-0.25
0.07147888001013782,-0.25,0.25,0.25
0.07147888001013782,0.25,-0.25,-0.25
0.07147888001013782,0.25,-0.25,0.25
0.07147888001013782,0.25,0.25,-0.25
0.07147888001013782,0.25,0.25,0.25
0.07428928785168805,-0.25,-0.25,-0.25
0.07428928785168805,-0.25,-0.25,0.25
0.07428928785168805,-0.25,0.25,-0.25
0.07428928785168805,-0.25,0.25,0.25
0.07428928785168805,0.25,-0.25,-0.25
0.07428928785168805,0.25,-0.25,0.25
0.07428928785168805,0.25,0.25,-0.25
0.07428928785168805,0.25,0.25,0.25
0.07706384763625883,-0.25,-0.25,-0.25
0.07706384763625883,-0.25,-0.25,0.25
0.07706384763625883,-0.25,0.25,-0.25
0.07706384763625883,-0.25,0.25,0.25
0.07706384763625883,0.25,-0.25,-0.25
0.07706384763625883,0.25,-0.25,0.25
0.07706384763625883,0.25,0.25,-0.25
0.07706384763625883,0.25,0.25,0.25
0.07980466874401165,-0.25,-0.25,-0.25
0.07980466874401165,-0.25,-0.25,0.25
0.07980466874401165,-0.25,0.25,-0.25
0.07980466874401165,-0.25,0.25,0.25
0.07980466874401165,0.25,-0.25,-0.25
0.07980466874401165,0.25,-0.25,0.25
0.07980466874401165,0.25,0.25,-0.25
0.07980466874401165,0.25,0.25,0.25
0.08251364918232462,-0.25,-0.25,-0.25
0.08251364918232462,-0.25,-0.25,0.25
0.08251364918232462,-0.25,0.25,-0.25
0.08251364918232462,-0.25,0.25,0.25
0.08251364918232462,0.25,-0.25,-0.25
0.08251364918232462,0.25,-0.25,0.25
0.08251364918232462,0.25,0.25,-0.25
0.08251364918232462,0.25,0.25,0.25
0.08519250526009245,-0.25,-0.25,-0.25
0.08519250526009245,-0.25,-0.25,0.25
0.08519250526009245,-0.25,0.25,-0.25
0.08519250526009245,-0.25,0.25,0.25
0.08519250526009245,0.25,-0.25,-0.25
0.08519250526009245,0.25,-0.25,0.25
0.08519250526009245,0.25,0.25,-0.25
0.08519250526009245,0.25,0.25,0.25
0.08784279600458506,-0.25,-0.25,-0.25
0.08784279600458506,-0.25,-0.25,0.25
0.08784279600458506,-0.25,0.25,-0.25
0.08784279600458506,-0.25,0.25,0.25
0.08784279600458506,0.25,-0.25,-0.25
0.08784279600458506,0.25,-0.25,0.25
0.08784279600458506,0.25,0.25,-0.25
0.08784279600458506,0.25,0.25,0.25
0.09046594342787842,-0.25,-0.25,-0.25
0.09046594342787842,-0.25,-0.25,0.25
0.09046594342787842,-0.25,0.25,-0.25
0.09046594342787842,-0.25,0.25,0.25
0.09046594342787842,0.25,-0.25,-0.25
0.09046594342787842,0.25,-0.25,0.25
0.09046594342787842,0.25,0.25,-0.25
0.09046594342787842,0.25,0.25,0.25
0.0930632494830098,-0.25,-0.25,-0.25
0.0930632494830098,-0.25,-0.25,0.25
0.0930632494830098,-0.25,0.25,-0.25
0.0930632494830098,-0.25,0.25,0.25
0.0930632494830098,0.25,-0.25,-0.25
0.0930632494830098,0.25,-0.25,0.25
0.0930632494830098,0.25,0.25,-0.25
0.0930632494830098,0.25,0.25,0.25
0.09563591035497478,-0.25,-0.25,-0.25
0.09563591035497478,-0.25,-0.25,0.25
0.09563591035497478,-0.25,0.25,-0.25
0.09563591035497478,-0.25,0.25,0.25
0.09563591035497478,0.25,-0.25,-0.25
0.09563591035497478,0.25,-0.25,0.25
0.09563591035497478,0.25,0.25,-0.25
0.09563591035497478,0.25,0.25,0.25
0.098185028587272,-0.25,-0.25,-0.25
0.098185028587272,-0.25,-0.25,0.25
0.098185028587272,-0.25,0.25,-0.25
0.098185028587272,-0.25,0.25,0.25
0.098185028587272,0.25,-0.25,-0.25
0.098185028587272,0.25,-0.25,0.25
0.098185028587272,0.25,0.25,-0.25
0.098185028587272,0.25,0.25,0.25
0.10071162343648433,-0.25,-0.25,-0.25
0.10071162343648433,-0.25,-0.25,0.25
0.10071162343648433,-0.25,0.25,-0.25
0.10071162343648433,-0.25,0.25,0.25
0.10071162343648433,0.25,-0.25,-0.25
0.10071162343648433,0.25,-0.25,0.25
0.10071162343648433,0.25,0.25,-0.25
0.10071162343648433,0.25,0.25,0.25
0.10321663976539117,-0.25,-0.25,-0.25
0.10321663976539117,-0.25,-0.25,0.25
0.10321663976539117,-0.25,0.25,-0.25
0.10321663976539117,-0.25,0.25,0.25
0.10321663976539117,0.25,-0.25,-0.25
0.10321663976539117,0.25,-0.25,0.25
0.10321663976539117,0.25,0.25,-0.25
0.10321663976539117,0.25,0.25,0.25
0.10570095572234116,-0.25,-0.25,-0.25
0.10570095572234116,-0.25,-0.25,0.25
0.10570095572234116,-0.25,0.25,-0.25
0.10570095572234116,-0.25,0.25,0.25
0.10570095572234116,0.25,-0.25,-0.25
0.10570095572234116,0.25,-0.25,0.25
0.10570095572234116,0.25,0.25,-0.25
0.10570095572234116,0.25,0.25,0.25
0.10816538940610601,-0.25,-0.25,-0.25
0.10816538940610601,-0.25,-0.25,0.25
0.10816538940610601,-0.25,0.25,-0.25
0.10816538940610601,-0.25,0.25,0.25
0.10816538940610601,0.25,-0.25,-0.25
0.10816538940610601,0.25,-0.25,0.25
0.10816538940610601,0.25,0.25,-0.25
0.10816538940610601,0.25,0.25,0.25
0.11061070467761683,-0.25,-0.25,-0.25
0.11061070467761683,-0.25,-0.25,0.25
0.11061070467761683,-0.25,0.25,-0.25
0.11061070467761683,-0.25,0.25,0.25
0.11061070467761683,0.25,-0.25,-0.25
0.11061070467761683,0.25,-0.25,0.25
0.11061070467761683,0.25,0.25,-0.25
0.11061070467761683,0.25,0.25,0.25
0.11303761625025183,-0.25,-0.25,-0.25
0.11303761625025183,-0.25,-0.25,0.25
0.11303761625025183,-0.25,0.25,-0.25
0.11303761625025183,-0.25,0.25,0.25
0.11303761625025183,0.25,-0.25,-0.25
0.11303761625025183,0.25,-0.25,0.25
0.11303761625025183,0.25,0.25,-0.25
0.11303761625025183,0.25,0.25,0.25
0.11544679416678441,-0.25,-0.25,-0.25
0.11544679416678441,-0.25,-0.25,0.25
0.11544679416678441,-0.25,0.25,-0.25
0.11544679416678441,-0.25,0.25,0.25
0.11544679416678441,0.25,-0.25,-0.25
0.11544679416678441,0.25,-0.25,0.25
0.11544679416678441,0.25,0.25,-0.25
0.11544679416678441,0.25,0.25,0.25
0.11783886775230101,-0.25,-0.25,-0.25
0.11783886775230101,-0.25,-0.25,0.25
0.11783886775230101,-0.25,0.25,-0.25
0.11783886775230101,-0.25,0.25,0.25
0.11783886775230101,0.25,-0.25,-0.25
0.11783886775230101,0.25,-0.25,0.25
0.11783886775230101,0.25,0.25,-0.25
0.11783886775230101,0.25,0.25,0.25
0.12021442911729065,-0.25,-0.25,-0.25
0.12021442911729065,-0.25,-0.25,0.25
0.12021442911729065,-0.25,0.25,-0.25
0.12021442911729065,-0.25,0.25,0.25
0.12021442911729065,0.25,-0.25,-0.25
0.12021442911729065,0.25,-0.25,0.25
0.12021442911729065,0.25,0.25,-0.25
0.12021442911729065,0.25,0.25,0.25
0.12257403627289121,-0.25,-0.25,-0.25
0.12257403627289121,-0.25,-0.25,0.25
0.12257403627289121,-0.25,0.25,-0.25
0.12257403627289121,-0.25,0.25,0.25
0.12257403627289121,0.25,-0.25,-0.25
0.12257403627289121,0.25,-0.25,0.25
0.12257403627289121,0.25,0.25,-0.25
0.12257403627289121,0.25,0.25,0.25
0.12491821591033506,-0.25,-0.25,-0.25
0.12491821591033506,-0.25,-0.25,0.25
0.12491821591033506,-0.25,0.25,-0.25
0.12491821591033506,-0.25,0.25,0.25
0.12491821591033506,0.25,-0.25,-0.25
0.12491821591033506,0.25,-0.25,0.25
0.12491821591033506,0.25,0.25,-0.25
0.12491821591033506,0.25,0.25,0.25
0.12724746588850128,-0.25,-0.25,-0.25
0.12724746588850128,-0.25,-0.25,0.25
0.12724746588850128,-0.25,0.25,-0.25
0.12724746588850128,-0.25,0.25,0.25
0.12724746588850128,0.25,-0.25,-0.25
0.12724746588850128,0.25,-0.25,0.25
0.12724746588850128,0.25,0.25,-0.25
0.12724746588850128,0.25,0.25,0.25
0.1295622574667889,-0.25,-0.25,-0.25
0.1295622574667889,-0.25,-0.25,0.25
0.1295622574667889,-0.25,0.25,-0.25
0.1295622574667889,-0.25,0.25,0.25
0.1295622574667889,0.25,-0.25,-0.25
0.1295622574667889,0.25,-0.25,0.25
0.1295622574667889,0.25,0.25,-0.25
0.1295622574667889,0.25,0.25,0.25
0.1318630373149885,-0.25,-0.25,-0.25
0.1318630373149885,-0.25,-0.25,0.25
0.1318630373149885,-0.25,0.25,-0.25
0.1318630373149885,-0.25,0.25,0.25
0.1318630373149885,0.25,-0.25,-0.25
0.1318630373149885,0.25,-0.25,0.25
0.1318630373149885,0.25,0.25,-0.25
0.1318630373149885,0.25,0.25,0.25
0.13415022932722875,-0.25,-0.25,-0.25
0.13415022932722875,-0.25,-0.25,0.25
0.13415022932722875,-0.25,0.25,-0.25
0.13415022932722875,-0.25,0.25,0.25
0.13415022932722875,0.25,-0.25,-0.25
0.13415022932722875,0.25,-0.25,0.25
0.13415022932722875,0.25,0.25,-0.25
0.13415022932722875,0.25,0.25,0.25
0.13642423626323308,-0.25,-0.25,-0.25
0.13642423626323308,-0.25,-0.25,0.25
0.13642423626323308,-0.25,0.25,-0.25
0.13642423626323308,-0.25,0.25,0.25
0.13642423626323308,0.25,-0.25,-0.25
0.13642423626323308,0.25,-0.25,0.25
0.13642423626323308,0.25,0.25,-0.25
0.13642423626323308,0.25,0.25,0.25
0.1386854412368969,-0.25,-0.25,-0.25
0.1386854412368969,-0.25,-0.25,0.25
0.1386854412368969,-0.25,0.25,-0.25
0.1386854412368969,-0.25,0.25,0.25
0.1386854412368969,0.25,-0.25,-0.25
0.1386854412368969,0.25,-0.25,0.25
0.1386854412368969,0.25,0.25,-0.25
0.1386854412368969,0.25,0.25,0.25
0.14093420906948645,-0.25,-0.25,-0.25
0.14093420906948645,-0.25,-0.25,0.25
0.14093420906948645,-0.25,0.25,-0.25
0.14093420906948645,-0.25,0.25,0.25
0.14093420906948645,0.25,-0.25,-0.25
0.14093420906948645,0.25,-0.25,0.25
0.14093420906948645,0.25,0.25,-0.25
0.14093420906948645,0.25,0.25,0.25
0.1431708875224602,-0.25,-0.25,-0.25
0.1431708875224602,-0.25,-0.25,0.25
0.1431708875224602,-0.25,0.25,-0.25
0.1431708875224602,-0.25,0.25,0.25
0.1431708875224602,0.25,-0.25,-0.25
0.1431708875224602,0.25,-0.25,0.25
0.1431708875224602,0.25,0.25,-0.25
0.1431708875224602,0.25,0.25,0.25
0.14539580842296976,-0.25,-0.25,-0.25
0.14539580842296976,-0.25,-0.25,0.25
0.14539580842296976,-0.25,0.25,-0.25
0.14539580842296976,-0.25,0.25,0.25
0.14539580842296976,0.25,-0.25,-0.25
0.14539580842296976,0.25,-0.25,0.25
0.14539580842296976,0.25,0.25,-0.25
0.14539580842296976,0.25,0.25,0.25
0.1476092886934346,-0.25,-0.25,-0.25
0.1476092886934346,-0.25,-0.25,0.25
0.1476092886934346,-0.25,0.25,-0.25
0.1476092886934346,-0.25,0.25,0.25
0.1476092886934346,0.25,-0.25,-0.25
0.1476092886934346,0.25,-0.25,0.25
0.1476092886934346,0.25,0.25,-0.25
0.1476092886934346,0.25,0.25,0.25
0.14981163129516778,-0.25,-0.25,-0.25
0.14981163129516778,-0.25,-0.25,0.25
0.14981163129516778,-0.25,0.25,-0.25
0.14981163129516778,-0.25,0.25,0.25
0.14981163129516778,0.25,-0.25,-0.25
0.14981163129516778,0.25,-0.25,0.25
0.14981163129516778,0.25,0.25,-0.25
0.14981163129516778,0.25,0.25,0.25
0.1520031260948103,-0.25,-0.25,-0.25
0.1520031260948103,-0.25,-0.25,0.25
0.1520031260948103,-0.25,0.25,-0.25
0.1520031260948103,-0.25,0.25,0.25
0.1520031260948103,0.25,-0.25,-0.25
0.1520031260948103,0.25,-0.25,0.25
0.1520031260948103,0.25,0.25,-0.25
0.1520031260948103,0.25,0.25,0.25
0.15418405066128593,-0.25,-0.25,-0.25
0.15418405066128593,-0.25,-0.25,0.25
0.15418405066128593,-0.25,0.25,-0.25
0.15418405066128593,-0.25,0.25,0.25
0.15418405066128593,0.25,-0.25,-0.25
0.15418405066128593,0.25,-0.25,0.25
0.15418405066128593,0.25,0.25,-0.25
0.15418405066128593,0.25,0.25,0.25
0.15635467100008138,-0.25,-0.25,-0.25
0.15635467100008138,-0.25,-0.25,0.25
0.15635467100008138,-0.25,0.25,-0.25
0.15635467100008138,-0.25,0.25,0.25
0.15635467100008138,0.25,-0.25,-0.25
0.15635467100008138,0.25,-0.25,0.25
0.15635467100008138,0.25,0.25,-0.25
0.15635467100008138,0.25,0.25,0.25
0.1585152422308741,-0.25,-0.25,-0.25
0.1585152422308741,-0.25,-0.25,0.25
0.1585152422308741,-0.25,0.25,-0.25
0.1585152422308741,-0.25,0.25,0.25
0.1585152422308741,0.25,-0.25,-0.25
0.1585152422308741,0.25,-0.25,0.25
0.1585152422308741,0.25,0.25,-0.25
0.1585152422308741,0.25,0.25,0.25
0.16066600921385052,-0.25,-0.25,-0.25
0.16066600921385052,-0.25,-0.25,0.25
0.16066600921385052,-0.25,0.25,-0.25
0.16066600921385052,-0.25,0.25,0.25
0.16066600921385052,0.25,-0.25,-0.25
0.16066600921385052,0.25,-0.25,0.25
0.16066600921385052,0.25,0.25,-0.25
0.16066600921385052,0.25,0.25,0.25
0.16280720712946473,-0.25,-0.25,-0.25
0.16280720712946473,-0.25,-0.25,0.25
0.16280720712946473,-0.25,0.25,-0.25
0.16280720712946473,-0.25,0.25,0.25
0.16280720712946473,0.25,-0.25,-0.25
0.16280720712946473,0.25,-0.25,0.25
0.16280720712946473,0.25,0.25,-0.25
0.16280720712946473,0.25,0.25,0.25
0.16493906201586883,-0.25,-0.25,-0.25
0.16493906201586883,-0.25,-0.25,0.25
0.16493906201586883,-0.25,0.25,-0.25
0.16493906201586883,-0.25,0.25,0.25
0.16493906201586883,0.25,-0.25,-0.25
0.16493906201586883,0.25,-0.25,0.25
0.16493906201586883,0.25,0.25,-0.25
0.16493906201586883,0.25,0.25,0.25
0.16706179126779508,-0.25,-0.25,-0.25
0.16706179126779508,-0.25,-0.25,0.25
0.16706179126779508,-0.25,0.25,-0.25
0.16706179126779508,-0.25,0.25,0.25
0.16706179126779508,0.25,-0.25,-0.25
0.16706179126779508,0.25,-0.25,0.25
0.16706179126779508,0.25,0.25,-0.25
0.16706179126779508,0.25,0.25,0.25
0.169175604100272,-0.25,-0.25,-0.25
0.169175604100272,-0.25,-0.25,0.25
0.169175604100272,-0.25,0.25,-0.25
0.169175604100272,-0.25,0.25,0.25
0.169175604100272,0.25,-0.25,-0.25
0.169175604100272,0.25,-0.25,0.25
0.169175604100272,0.25,0.25,-0.25
0.169175604100272,0.25,0.25,0.25
0.17128070198020753,-0.25,-0.25,-0.25
0.17128070198020753,-0.25,-0.25,0.25
0.17128070198020753,-0.25,0.25,-0.25
0.17128070198020753,-0.25,0.25,0.25
0.17128070198020753,0.25,-0.25,-0.25
0.17128070198020753,0.25,-0.25,0.25
0.17128070198020753,0.25,0.25,-0.25
0.17128070198020753,0.25,0.25,0.25
0.17337727902856354,-0.25,-0.25,-0.25
0.17337727902856354,-0.25,-0.25,0.25
0.17337727902856354,-0.25,0.25,-0.25
0.17337727902856354,-0.25,0.25,0.25
0.17337727902856354,0.25,-0.25,-0.25
0.17337727902856354,0.25,-0.25,0.25
0.17337727902856354,0.25,0.25,-0.25
0.17337727902856354,0.25,0.25,0.25
0.17546552239557306,-0.25,-0.25,-0.25
0.17546552239557306,-0.25,-0.25,0.25
0.17546552239557306,-0.25,0.25,-0.25
0.17546552239557306,-0.25,0.25,0.25
0.17546552239557306,0.25,-0.25,-0.25
0.17546552239557306,0.25,-0.25,0.25
0.17546552239557306,0.25,0.25,-0.25
0.17546552239557306,0.25,0.25,0.25
0.17754561261121424,-0.25,-0.25,-0.25
0.17754561261121424,-0.25,-0.25,0.25
0.17754561261121424,-0.25,0.25,-0.25
0.17754561261121424,-0.25,0.25,0.25
0.17754561261121424,0.25,-0.25,-0.25
0.17754561261121424,0.25,-0.25,0.25
0.17754561261121424,0.25,0.25,-0.25
0.17754561261121424,0.25,0.25,0.25
0.1796177239129352,-0.25,-0.25,-0.25
0.1796177239129352,-0.25,-0.25,0.25
0.1796177239129352,-0.25,0.25,-0.25
0.1796177239129352,-0.25,0.25,0.25
0.1796177239129352,0.25,-0.25,-0.25
0.1796177239129352,0.25,-0.25,0.25
0.1796177239129352,0.25,0.25,-0.25
0.1796177239129352,0.25,0.25,0.25
0.18168202455243956,-0.25,-0.25,-0.25
0.18168202455243956,-0.25,-0.25,0.25
0.18168202455243956,-0.25,0.25,-0.25
0.18168202455243956,-0.25,0.25,0.25
0.18168202455243956,0.25,-0.25,-0.25
0.18168202455243956,0.25,-0.25,0.25
0.18168202455243956,0.25,0.25,-0.25
0.18168202455243956,0.25,0.25,0.25
0.18373867708317074,-0.25,-0.25,-0.25
0.18373867708317074,-0.25,-0.25,0.25
0.18373867708317074,-0.25,0.25,-0.25
0.18373867708317074,-0.25,0.25,0.25
0.18373867708317074,0.25,-0.25,-0.25
0.18373867708317074,0.25,-0.25,0.25
0.18373867708317074,0.25,0.25,-0.25
0.18373867708317074,0.25,0.25,0.25
0.18578783862997933,-0.25,-0.25,-0.25
0.18578783862997933,-0.25,-0.25,0.25
0.18578783862997933,-0.25,0.25,-0.25
0.18578783862997933,-0.25,0.25,0.25
0.18578783862997933,0.25,-0.25,-0.25
0.18578783862997933,0.25,-0.25,0.25
0.18578783862997933,0.25,0.25,-0.25
0.18578783862997933,0.25,0.25,0.25
0.18782966114232663,-0.25,-0.25,-0.25
0.18782966114232663,-0.25,-0.25,0.25
0.18782966114232663,-0.25,0.25,-0.25
0.18782966114232663,-0.25,0.25,0.25
0.18782966114232663,0.25,-0.25,-0.25
0.18782966114232663,0.25,-0.25,0.25
0.18782966114232663,0.25,0.25,-0.25
0.18782966114232663,0.25,0.25,0.25
0.18986429163225693,-0.25,-0.25,-0.25
0.18986429163225693,-0.25,-0.25,0.25
0.18986429163225693,-0.25,0.25,-0.25
0.18986429163225693,-0.25,0.25,0.25
0.18986429163225693,0.25,-0.25,-0.25
0.18986429163225693,0.25,-0.25,0.25
0.18986429163225693,0.25,0.25,-0.25
0.18986429163225693,0.25,0.25,0.25
0.19189187239825908,-0.25,-0.25,-0.25
0.19189187239825908,-0.25,-0.25,0.25
0.19189187239825908,-0.25,0.25,-0.25
0.19189187239825908,-0.25,0.25,0.25
0.19189187239825908,0.25,-0.25,-0.25
0.19189187239825908,0.25,-0.25,0.25
0.19189187239825908,0.25,0.25,-0.25
0.19189187239825908,0.25,0.25,0.25
0.1939125412360397,-0.25,-0.25,-0.25
0.1939125412360397,-0.25,-0.25,0.25
0.1939125412360397,-0.25,0.25,-0.25
0.1939125412360397,-0.25,0.25,0.25
0.1939125412360397,0.25,-0.25,-0.25
0.1939125412360397,0.25,-0.25,0.25
0.1939125412360397,0.25,0.25,-0.25
0.1939125412360397,0.25,0.25,0.25
0.1959264316371472,-0.25,-0.25,-0.25
0.1959264316371472,-0.25,-0.25,0.25
0.1959264316371472,-0.25,0.25,-0.25
0.1959264316371472,-0.25,0.25,0.25
0.1959264316371472,0.25,-0.25,-0.25
0.1959264316371472,0.25,-0.25,0.25
0.1959264316371472,0.25,0.25,-0.25
0.1959264316371472,0.25,0.25,0.25
0.19793367297630415,-0.25,-0.25,-0.25
0.19793367297630415,-0.25,-0.25,0.25
0.19793367297630415,-0.25,0.25,-0.25
0.19793367297630415,-0.25,0.25,0.25
0.19793367297630415,0.25,-0.25,-0.25
0.19793367297630415,0.25,-0.25,0.25
0.19793367297630415,0.25,0.25,-0.25
0.19793367297630415,0.25,0.25,0.25
0.19993439068823374,-0.25,-0.25,-0.25
0.19993439068823374,-0.25,-0.25,0.25
0.19993439068823374,-0.25,0.25,-0.25
0.19993439068823374,-0.25,0.25,0.25
0.19993439068823374,0.25,-0.25,-0.25
0.19993439068823374,0.25,-0.25,0.25
0.19993439068823374,0.25,0.25,-0.25
0.19993439068823374,0.25,0.25,0.25
0.20192870643470248,-0.25,-0.25,-0.25
0.20192870643470248,-0.25,-0.25,0.25
0.20192870643470248,-0.25,0.25,-0.25
0.20192870643470248,-0.25,0.25,0.25
0.20192870643470248,0.25,-0.25,-0.25
0.20192870643470248,0.25,-0.25,0.25
0.20192870643470248,0.25,0.25,-0.25
0.20192870643470248,0.25,0.25,0.25
0.20391673826243878,-0.25,-0.25,-0.25
0.20391673826243878,-0.25,-0.25,0.25
0.20391673826243878,-0.25,0.25,-0.25
0.20391673826243878,-0.25,0.25,0.25
0.20391673826243878,0.25,-0.25,-0.25
0.20391673826243878,0.25,-0.25,0.25
0.20391673826243878,0.25,0.25,-0.25
0.20391673826243878,0.25,0.25,0.25
0.20589860075254054,-0.25,-0.25,-0.25
0.20589860075254054,-0.25,-0.25,0.25
0.20589860075254054,-0.25,0.25,-0.25
0.20589860075254054,-0.25,0.25,0.25
0.20589860075254054,0.25,-0.25,-0.25
0.20589860075254054,0.25,-0.25,0.25
0.20589860075254054,0.25,0.25,-0.25
0.20589860075254054,0.25,0.25,0.25
0.20787440516193365,-0.25,-0.25,-0.25
0.20787440516193365,-0.25,-0.25,0.25
0.20787440516193365,-0.25,0.25,-0.25
0.20787440516193365,-0.25,0.25,0.25
0.20787440516193365,0.25,-0.25,-0.25
0.20787440516193365,0.25,-0.25,0.25
0.20787440516193365,0.25,0.25,-0.25
0.20787440516193365,0.25,0.25,0.25
0.20984425955739652,-0.25,-0.25,-0.25
0.20984425955739652,-0.25,-0.25,0.25
0.20984425955739652,-0.25,0.25,-0.25
0.20984425955739652,-0.25,0.25,0.25
0.20984425955739652,0.25,-0.25,-0.25
0.20984425955739652,0.25,-0.25,0.25
0.20984425955739652,0.25,0.25,-0.25
0.20984425955739652,0.25,0.25,0.25
0.21180826894263105,-0.25,-0.25,-0.25
0.21180826894263105,-0.25,-0.25,0.25
0.21180826894263105,-0.25,0.25,-0.25
0.21180826894263105,-0.25,0.25,0.25
0.21180826894263105,0.25,-0.25,-0.25
0.21180826894263105,0.25,-0.25,0.25
0.21180826894263105,0.25,0.25,-0.25
0.21180826894263105,0.25,0.25,0.25
0.21376653537882195,-0.25,-0.25,-0.25
0.21376653537882195,-0.25,-0.25,0.25
0.21376653537882195,-0.25,0.25,-0.25
0.21376653537882195,-0.25,0.25,0.25
0.21376653537882195,0.25,-0.25,-0.25
0.21376653537882195,0.25,-0.25,0.25
0.21376653537882195,0.25,0.25,-0.25
0.21376653537882195,0.25,0.25,0.25
0.2157191580990905,-0.25,-0.25,-0.25
0.2157191580990905,-0.25,-0.25,0.25
0.2157191580990905,-0.25,0.25,-0.25
0.2157191580990905,-0.25,0.25,0.25
0.2157191580990905,0.25,-0.25,-0.25
0.2157191580990905,0.25,-0.25,0.25
0.2157191580990905,0.25,0.25,-0.25
0.2157191580990905,0.25,0.25,0.25
0.21766623361722326,-0.25,-0.25,-0.25
0.21766623361722326,-0.25,-0.25,0.25
0.21766623361722326,-0.25,0.25,-0.25
0.21766623361722326,-0.25,0.25,0.25
0.21766623361722326,0.25,-0.25,-0.25
0.21766623361722326,0.25,-0.25,0.25
0.21766623361722326,0.25,0.25,-0.25
0.21766623361722326,0.25,0.25,0.25
0.21960785583102538,-0.25,-0.25,-0.25
0.21960785583102538,-0.25,-0.25,0.25
0.21960785583102538,-0.25,0.25,-0.25
0.21960785583102538,-0.25,0.25,0.25
0.21960785583102538,0.25,-0.25,-0.25
0.21960785583102538,0.25,-0.25,0.25
0.21960785583102538,0.25,0.25,-0.25
0.21960785583102538,0.25,0.25,0.25
0.22154411612062408,-0.25,-0.25,-0.25
0.22154411612062408,-0.25,-0.25,0.25
0.22154411612062408,-0.25,0.25,-0.25
0.22154411612062408,-0.25,0.25,0.25
0.22154411612062408,0.25,-0.25,-0.25
0.22154411612062408,0.25,-0.25,0.25
0.22154411612062408,0.25,0.25,-0.25
0.22154411612062408,0.25,0.25,0.25
0.22347510344202448,-0.25,-0.25,-0.25
0.22347510344202448,-0.25,-0.25,0.25
0.22347510344202448,-0.25,0.25,-0.25
0.22347510344202448,-0.25,0.25,0.25
0.22347510344202448,0.25,-0.25,-0.25
0.22347510344202448,0.25,-0.25,0.25
0.22347510344202448,0.25,0.25,-0.25
0.22347510344202448,0.25,0.25,0.25
0.22540090441619626,-0.25,-0.25,-0.25
0.22540090441619626,-0.25,-0.25,0.25
0.22540090441619626,-0.25,0.25,-0.25
0.22540090441619626,-0.25,0.25,0.25
0.22540090441619626,0.25,-0.25,-0.25
0.22540090441619626,0.25,-0.25,0.25
0.22540090441619626,0.25,0.25,-0.25
0.22540090441619626,0.25,0.25,0.25
0.2273216034139562,-0.25,-0.25,-0.25
0.2273216034139562,-0.25,-0.25,0.25
0.2273216034139562,-0.25,0.25,-0.25
0.2273216034139562,-0.25,0.25,0.25
0.2273216034139562,0.25,-0.25,-0.25
0.2273216034139562,0.25,-0.25,0.25
0.2273216034139562,0.25,0.25,-0.25
0.2273216034139562,0.25,0.25,0.25
0.2292372826368867,-0.25,-0.25,-0.25
0.2292372826368867,-0.25,-0.25,0.25
0.2292372826368867,-0.25,0.25,-0.25
0.2292372826368867,-0.25,0.25,0.25
0.2292372826368867,0.25,-0.25,-0.25
0.2292372826368867,0.25,-0.25,0.25
0.2292372826368867,0.25,0.25,-0.25
0.2292372826368867,0.25,0.25,0.25
0.2311480221945152,-0.25,-0.25,-0.25
0.2311480221945152,-0.25,-0.25,0.25
0.2311480221945152,-0.25,0.25,-0.25
0.2311480221945152,-0.25,0.25,0.25
0.2311480221945152,0.25,-0.25,-0.25
0.2311480221945152,0.25,-0.25,0.25
0.2311480221945152,0.25,0.25,-0.25
0.2311480221945152,0.25,0.25,0.25
0.23305390017797048,-0.25,-0.25,-0.25
0.23305390017797048,-0.25,-0.25,0.25
0.23305390017797048,-0.25,0.25,-0.25
0.23305390017797048,-0.25,0.25,0.25
0.23305390017797048,0.25,-0.25,-0.25
0.23305390017797048,0.25,-0.25,0.25
0.23305390017797048,0.25,0.25,-0.25
0.23305390017797048,0.25,0.25,0.25
0.23495499273030782,-0.25,-0.25,-0.25
0.23495499273030782,-0.25,-0.25,0.25
0.23495499273030782,-0.25,0.25,-0.25
0.23495499273030782,-0.25,0.25,0.25
0.23495499273030782,0.25,-0.25,-0.25
0.23495499273030782,0.25,-0.25,0.25
0.23495499273030782,0.25,0.25,-0.25
0.23495499273030782,0.25,0.25,0.25
0.2368513741136907,-0.25,-0.25,-0.25
0.2368513741136907,-0.25,-0.25,0.25
0.2368513741136907,-0.25,0.25,-0.25
0.2368513741136907,-0.25,0.25,0.25
0.2368513741136907,0.25,-0.25,-0.25
0.2368513741136907,0.25,-0.25,0.25
0.2368513741136907,0.25,0.25,-0.25
0.2368513741136907,0.25,0.25,0.25
0.23874311677359952,-0.25,-0.25,-0.25
0.23874311677359952,-0.25,-0.25,0.25
0.23874311677359952,-0.25,0.25,-0.25
0.23874311677359952,-0.25,0.25,0.25
0.23874311677359952,0.25,-0.25,-0.25
0.23874311677359952,0.25,-0.25,0.25
0.23874311677359952,0.25,0.25,-0.25
0.23874311677359952,0.25,0.25,0.25
0.24063029186016513,-0.25,-0.25,-0.25
0.24063029186016513,-0.25,-0.25,0.25
0.24063029186016513,-0.25,0.25,-0.25
0.24063029186016513,-0.25,0.25,0.25
0.24063029186016513,0.25,-0.25,-0.25
0.24063029186016513,0.25,-0.25,0.25
0.24063029186016513,0.25,0.25,-0.25
0.24063029186016513,0.25,0.25,0.25
0.24251296324618096,-0.25,-0.25,-0.25
0.24251296324618096,-0.25,-0.25,0.25
0.24251296324618096,-0.25,0.25,-0.25
0.24251296324618096,-0.25,0.25,0.25
0.24251296324618096,0.25,-0.25,-0.25
0.24251296324618096,0.25,-0.25,0.25
0.24251296324618096,0.25,0.25,-0.25
0.24251296324618096,0.25,0.25,0.25
0.2443912094275761,-0.25,-0.25,-0.25
0.2443912094275761,-0.25,-0.25,0.25
0.2443912094275761,-0.25,0.25,-0.25
0.2443912094275761,-0.25,0.25,0.25
0.2443912094275761,0.25,-0.25,-0.25
0.2443912094275761,0.25,-0.25,0.25
0.2443912094275761,0.25,0.25,-0.25
0.2443912094275761,0.25,0.25,0.25
0.24626512402930717,-0.25,-0.25,-0.25
0.24626512402930717,-0.25,-0.25,0.25
0.24626512402930717,-0.25,0.25,-0.25
0.24626512402930717,-0.25,0.25,0.25
0.24626512402930717,0.25,-0.25,-0.25
0.24626512402930717,0.25,-0.25,0.25
0.24626512402930717,0.25,0.25,-0.25
0.24626512402930717,0.25,0.25,0.25
0.24813474934346003,-0.25,-0.25,-0.25
0.24813474934346003,-0.25,-0.25,0.25
0.24813474934346003,-0.25,0.25,-0.25
0.24813474934346003,-0.25,0.25,0.25
0.24813474934346003,0.25,-0.25,-0.25
0.24813474934346003,0.25,-0.25,0.25
0.24813474934346003,0.25,0.25,-0.25
0.24813474934346003,0.25,0.25,0.25
0.25,-0.25,-0.25,-0.25
0.25,-0.25,-0.25,0.25
0.25,-0.25,0.25,-0.25
0.25,-0.25,0.25,0.25
0.25,0.25,-0.25,-0.25
0.25,0.25,-0.25,0.25
0.25,0.25,0.25,-0.25
0.25,0.25,0.25,0.25
