dx_1
-1.0,-1.0
-1.0,-0.9987507378944532
-1.0,-0.9962490842048525
-1.0,-0.9937442812574847
-1.0,-0.9912363091228261
-1.0,-0.9887251476431028
-1.0,-0.9862107764286494
-1.0,-0.9836931748539436
-1.0,-0.9811723220536195
-1.0,-0.9786481969184786
-1.0,-0.9761207780913268
-1.0,-0.9735900439626628
-1.0,-0.9710559726665478
-1.0,-0.9685185420759989
-1.0,-0.9659777297985915
-1.0,-0.9634335131717037
-1.0,-0.9608858692578749
-1.0,-0.9583347748399675
-1.0,-0.9557802064161938
-1.0,-0.9532221401949853
-1.0,-0.950660552089885
-1.0,-0.9480954177142502
-1.0,-0.9455267123758405
-1.0,-0.9429544110710101
-1.0,-0.9403784884793429
-1.0,-0.9377989189576703
-1.0,-0.9352156765339866
-1.0,-0.9326287349015535
-1.0,-0.9300380674124682
-1.0,-0.927443647071254
-1.0,-0.9248454465282652
-1.0,-0.9222434380730768
-1.0,-0.9196375936273399
-1.0,-0.9170278847379532
-1.0,-0.9144142825695414
-1.0,-0.9117967578970719
-1.0,-0.9091752810982819
-1.0,-0.9065498221457786
-1.0,-0.9039203505989313
-1.0,-0.9012868355957923
-1.0,-0.8986492458443297
-1.0,-0.8960075496139596
-1.0,-0.8933617147265318
-1.0,-0.8907117085471986
-1.0,-0.8880574979748486
-1.0,-0.8853990494324853
-1.0,-0.8827363288575002
-1.0,-0.8800693016910894
-1.0,-0.877397932868044
-1.0,-0.8747221868058144
-1.0,-0.8720420273934518
-1.0,-0.869357417980193
-1.0,-0.8666683213636805
-1.0,-0.8639746997780223
-1.0,-0.8612765148812758
-1.0,-0.8585737277426179
-1.0,-0.8558662988293276
-1.0,-0.8531541879931426
-1.0,-0.8504373544563785
-1.0,-0.8477157567975764
-1.0,-0.8449893529366906
-1.0,-0.8422581001198005
-1.0,-0.8395219549035404
-1.0,-0.8367808731388408
-1.0,-0.8340348099542518
-1.0,-0.8312837197387581
-1.0,-0.8285275561240771
-1.0,-0.8257662719663136
-1.0,-0.8229998193270488
-1.0,-0.8202281494539135
-1.0,-0.8174512127604947
-1.0,-0.8146689588054984
-1.0,-0.8118813362713563
-1.0,-0.8090882929419577
-1.0,-0.8062897756799473
-1.0,-0.8034857304028217
-1.0,-0.800676102058614
-1.0,-0.7978608346006076
-1.0,-0.7950398709609996
-1.0,-0.7922131530239446
-1.0,-0.7893806215975232
-1.0,-0.7865422163846717
-1.0,-0.7836978759531382
-1.0,-0.7808475377043528
-1.0,-0.7779911378411923
-1.0,-0.7751286113345716
-1.0,-0.7722598918886464
-1.0,-0.7693849119050171
-1.0,-0.7665036024454105
-1.0,-0.7636158931928436
-1.0,-0.7607217124116241
-1.0,-0.7578209869055058
-1.0,-0.7549136419743402
-1.0,-0.7519996013691114
-1.0,-0.749078787245071
-1.0,-0.74615112011306
-1.0,-0.7432165187888186
-1.0,-0.7402749003402614
-1.0,-0.7373261800327235
-1.0,-0.7343702712716493
-1.0,-0.7314070855431601
-1.0,-0.7284365323519607
-1.0,-0.7254585191565666
-1.0,-0.7224729513018731
-1.0,-0.7194797319486973
-1.0,-0.716478762000191
-1.0,-0.7134699400250905
-1.0,-0.7104531621773186
-1.0,-0.7074283221121466
-1.0,-0.7043953108984209
-1.0,-0.70135401692665
-1.0,-0.6983043258128616
-1.0,-0.695246120297865
-1.0,-0.692179280141694
-1.0,-0.6891036820128129
-1.0,-0.6860191993720782
-1.0,-0.6829257023508126
-1.0,-0.6798230576226864
-1.0,-0.6767111282691914
-1.0,-0.6735897736381927
-1.0,-0.6704588491950016
-1.0,-0.6673182063656584
-1.0,-0.6641676923718075
-1.0,-0.661007150056667
-1.0,-0.6578364177014404
-1.0,-0.6546553288315532
-1.0,-0.6514637120118946
-1.0,-0.648261390630435
-1.0,-0.6450481826694819
-1.0,-0.6418239004631977
-1.0,-0.6385883504410128
-1.0,-0.6353413328553728
-1.0,-0.6320826414930408
-1.0,-0.6288120633682405
-1.0,-0.6255293783966734
-1.0,-0.622234359048643
-1.0,-0.618926769979639
-1.0,-0.6156063676366388
-1.0,-0.6122728998380191
-1.0,-0.6089261053249501
-1.0,-0.6055657132817395
-1.0,-0.602191442822502
-1.0,-0.5988030024412302
-1.0,-0.595400089421785
-1.0,-0.5919823892044112
-1.0,-0.5885495747045036
-1.0,-0.5851013055793496
-1.0,-0.5816372274375361
-1.0,-0.5781569709856305
-1.0,-0.5746601511058476
-1.0,-0.5711463658574625
-1.0,-0.5676151953944184
-1.0,-0.5640662007897388
-1.0,-0.5604989227571651
-1.0,-0.5569128802583541
-1.0,-0.5533075689826524
-1.0,-0.5496824596851277
-1.0,-0.546036996365729
-1.0,-0.5423705942705734
-1.0,-0.5386826376934658
-1.0,-0.5349724775522738
-1.0,-0.5312394287108361
-1.0,-0.5274827670129901
-1.0,-0.5237017259890868
-1.0,-0.5198954931893478
-1.0,-0.5160632060902319
-1.0,-0.5122039475108189
-1.0,-0.5083167404645416
-1.0,-0.5044005423580221
-1.0,-0.5004542384310815
-1.0,-0.4964766343119098
-1.0,-0.4924664475348708
-1.0,-0.4884222978363212
-1.0,-0.48434269600353286
-1.0,-0.4802260310001372
-1.0,-0.47607055502696605
-1.0,-0.47187436609309863
-1.0,-0.46763538756346074
-1.0,-0.4633513440074395
-1.0,-0.45901973248567385
-1.0,-0.45463778816021133
-1.0,-0.4502024427748378
-1.0,-0.44571027408461217
-1.0,-0.44115744366616044
-1.0,-0.4365396196212735
-1.0,-0.4318518793646963
-1.0,-0.4270885857475248
-1.0,-0.4222432268544044
-1.0,-0.4173082053365008
-1.0,-0.41227455606381797
-1.0,-0.4071315593308671
-1.0,-0.4018661973091176
-1.0,-0.39646236694349085
-1.0,-0.3908996984645319
-1.0,-0.38515170248342545
-1.0,-0.37918270079513805
-1.0,-0.3729423720749525
-1.0,-0.3663551018742149
-1.0,-0.3592962162232973
-1.0,-0.3515267147598567
-1.0,-0.3424300240466009
-1.0,-0.33333333333333337
-1.0,-0.3098429680633037
-1.0,-0.292646817114302
-1.0,-0.2776075710287188
-1.0,-0.2638181568227141
-1.0,-0.25088729346865085
-1.0,-0.2386004649284404
-1.0,-0.22682370104807095
-1.0,-0.2154660918331775
-1.0,-0.20446227803946257
-1.0,-0.19376322309766322
-1.0,-0.18333090995168863
-1.0,-0.1731350872977517
-1.0,-0.16315116804456617
-1.0,-0.1533588145606482
-1.0,-0.1437409531706104
-1.0,-0.13428306769668003
-1.0,-0.12497268051702069
-1.0,-0.11579896325830409
-1.0,-0.1067524393330806
-1.0,-0.09782475295898918
-1.0,-0.08900848721949549
-1.0,-0.08029701891398976
-1.0,-0.07168440142403201
-1.0,-0.06316526920526486
-1.0,-0.05473475917775891
-1.0,-0.04638844546867444
-1.0,-0.03812228481304486
-1.0,-0.02993257054176444
-1.0,-0.021815893547837
-1.0,-0.013769108968483093
-1.0,-0.005789307583540496
-1.0,0.0021262088680070183
-1.0,0.009979949095742707
-1.0,0.017774250910555865
-1.0,0.025511297547517443
-1.0,0.03319313200813664
-1.0,0.040821669710646935
-1.0,0.04839870968824124
-1.0,0.055925944535738625
-1.0,0.06340496927305582
-1.0,0.0708372892675633
-1.0,0.07822432733576047
-1.0,0.08556743012679195
-1.0,0.09286787387543494
-1.0,0.10012686959974638
-1.0,0.10734556780812211
-1.0,0.1145250627717265
-1.0,0.12166639641081428
-1.0,0.1287705618371518
-1.0,0.13583850658936353
-1.0,0.14287113559342954
-1.0,0.1498693138766128
-1.0,0.1568338690596951
-1.0,0.16376559364947285
-1.0,0.17066524715092116
-1.0,0.17753355801622936
-1.0,0.1843712254459963
-1.0,0.19117892105619397
-1.0,0.19795729042304486
-1.0,0.20470695451667006
-1.0,0.21142851103323682
-1.0,0.21812253563433903
-1.0,0.2247895831014588
-1.0,0.2314301884125848
-1.0,0.23804486774737157
-1.0,0.24463411942660418
-1.0,0.2511984247911952
-1.0,0.25773824902545145
-1.0,0.2642540419289073
-1.0,0.27074623864063846
-1.0,0.27721526031962057
-1.0,0.28366151478437707
-1.0,0.2900853971148873
-1.0,0.29648729021946674
-1.0,0.30286756536910325
-1.0,0.30922658270152814
-1.0,0.3155646916971058
-1.0,0.3218822316284747
-1.0,0.3281795319856918
-1.0,0.33445691287851453
-1.0,0.34071468541732775
-1.0,0.34695315207408306
-1.0,0.3531726070245398
-1.0,0.35937333647299147
-1.0,0.36555561896056715
-1.0,0.371719725658121
-1.0,0.37786592064465385
-1.0,0.3839944611721442
-1.0,0.3901055979175855
-1.0,0.3961995752229983
-1.0,0.40227663132411184
-1.0,0.4083369985683614
-1.0,0.41438090362283175
-1.0,0.4204085676726921
-1.0,0.42642020661066193
-1.0,0.4324160312180101
-1.0,0.4383962473375356
-1.0,0.44436105603897824
-1.0,0.45031065377725876
-1.0,0.4562452325439195
-1.0,0.4621649800121361
-1.0,0.4680700796756379
-1.0,0.47396071098182635
-1.0,0.4798370494594075
-1.0,0.48569926684082243
-1.0,0.4915475311797066
-1.0,0.49738200696364604
-1.0,0.5032028552224657
-1.0,0.5090102336322466
-1.0,0.5148042966152919
-1.0,0.5205851954362338
-1.0,0.5263530782944589
-1.0,0.5321080904130331
-1.0,0.5378503741242705
-1.0,0.5435800689521286
-1.0,0.5492973116915523
-1.0,0.5550022364849039
-1.0,0.5606949748956338
-1.0,0.566375655979282
-1.0,0.5720444063519556
-1.0,0.5777013502563816
-1.0,0.5833466096256356
-1.0,0.588980304144647
-1.0,0.5946025513095922
-1.0,0.6002134664852475
-1.0,0.6058131629603773
-1.0,0.6114017520012838
-1.0,0.6169793429035423
-1.0,0.6225460430420194
-1.0,0.6281019579192607
-1.0,0.6336471912122884
-1.0,0.6391818448178654
-1.0,0.6447060188963245
-1.0,0.6502198119139989
-1.0,0.655723320684282
-1.0,0.6612166404074169
-1.0,0.6666998647090406
-1.0,0.6721730856775218
-1.0,0.6776363939001554
-1.0,0.6830898784982554
-1.0,0.688533627161177
-1.0,0.6939677261793172
-1.0,0.6993922604761209
-1.0,0.7048073136391437
-1.0,0.7102129679501897
-1.0,0.7156093044145785
-1.0,0.7209964027895605
-1.0,0.7263743416118831
-1.0,0.7317431982245944
-1.0,0.7371030488030765
-1.0,0.7424539683803515
-1.0,0.7477960308716479
-1.0,0.7531293090982911
-1.0,0.7584538748109514
-1.0,0.763769798712222
-1.0,0.7690771504785889
-1.0,0.7743759987818137
-1.0,0.7796664113097174
-1.0,0.7849484547864147
-1.0,0.7902221949920188
-1.0,0.7954876967818044
-1.0,0.800745024104876
-1.0,0.8059942400223356
-1.0,0.8112354067250074
-1.0,0.8164685855506556
-1.0,0.821693837000772
-1.0,0.8269112207569882
-1.0,0.8321207956970023
-1.0,0.8373226199101224
-1.0,0.8425167507124469
-1.0,0.8477032446616186
-1.0,0.8528821575712418
-1.0,0.8580535445249511
-1.0,0.8632174598901102
-1.0,0.8683739573312128
-1.0,0.873523089822909
-1.0,0.8786649096627255
-1.0,0.8837994684835203
-1.0,0.8889268172656235
-1.0,0.8940470063486655
-1.0,0.8991600854431614
-1.0,0.9042661036417822
-1.0,0.9093651094303926
-1.0,0.9144571506988453
-1.0,0.9195422747514772
-1.0,0.9246205283174069
-1.0,0.929691957560588
-1.0,0.9347566080896343
-1.0,0.9398145249674078
-1.0,0.9448657527203828
-1.0,0.949910335347852
-1.0,0.9549483163309005
-1.0,0.9599797386411463
-1.0,0.965004644749327
-1.0,0.9700230766336879
-1.0,0.9750350757882085
-1.0,0.9800406832306168
-1.0,0.9850399395102288
-1.0,0.9900328847156253
-1.0,0.9950195584822555
-1.0,1.0
-0.9984031368472525,-1.0
-0.9984031368472525,1.0
-0.9968075889058478,-1.0
-0.9968075889058478,1.0
-0.9952133050098292,-1.0
-0.9952133050098292,1.0
-0.9936202404626133,-1.0
-0.9936202404626133,1.0
-0.99202835502281,-1.0
-0.99202835502281,1.0
-0.9904376098761811,-1.0
-0.9904376098761811,1.0
-0.9888479658710909,-1.0
-0.9888479658710909,1.0
-0.9872593835878416,-1.0
-0.9872593835878416,1.0
-0.9856718238236646,-1.0
-0.9856718238236646,1.0
-0.9840852478812412,-1.0
-0.9840852478812412,1.0
-0.9824996174356152,-1.0
-0.9824996174356152,1.0
-0.980914894490818,-1.0
-0.980914894490818,1.0
-0.9793310413371529,-1.0
-0.9793310413371529,1.0
-0.9777480205700356,-1.0
-0.9777480205700356,1.0
-0.9761657950637421,-1.0
-0.9761657950637421,1.0
-0.9745843279592881,-1.0
-0.9745843279592881,1.0
-0.9730035826503758,-1.0
-0.9730035826503758,1.0
-0.971423522769742,-1.0
-0.971423522769742,1.0
-0.9698441121757327,-1.0
-0.9698441121757327,1.0
-0.968265314939101,-1.0
-0.968265314939101,1.0
-0.966687095329983,-1.0
-0.966687095329983,1.0
-0.9651094178050584,-1.0
-0.9651094178050584,1.0
-0.9635322469949186,-1.0
-0.9635322469949186,1.0
-0.9619555476915422,-1.0
-0.9619555476915422,1.0
-0.9603792848359362,-1.0
-0.9603792848359362,1.0
-0.9588034235059509,-1.0
-0.9588034235059509,1.0
-0.9572279289041788,-1.0
-0.9572279289041788,1.0
-0.9556527663459669,-1.0
-0.9556527663459669,1.0
-0.9540779012475447,-1.0
-0.9540779012475447,1.0
-0.9525032991142526,-1.0
-0.9525032991142526,1.0
-0.9509289255288467,-1.0
-0.9509289255288467,1.0
-0.9493547461398636,-1.0
-0.9493547461398636,1.0
-0.9477807266500475,-1.0
-0.9477807266500475,1.0
-0.9462068328048402,-1.0
-0.9462068328048402,1.0
-0.9446330303809132,-1.0
-0.9446330303809132,1.0
-0.9430592851747139,-1.0
-0.9430592851747139,1.0
-0.9414855629910387,-1.0
-0.9414855629910387,1.0
-0.9399118296316391,-1.0
-0.9399118296316391,1.0
-0.9383380508838037,-1.0
-0.9383380508838037,1.0
-0.93676419250893,-1.0
-0.93676419250893,1.0
-0.9351902202310967,-1.0
-0.9351902202310967,1.0
-0.9336160997255978,-1.0
-0.9336160997255978,1.0
-0.9320417966074445,-1.0
-0.9320417966074445,1.0
-0.9304672764197965,-1.0
-0.9304672764197965,1.0
-0.9288925046223636,-1.0
-0.9288925046223636,1.0
-0.9273174465797321,-1.0
-0.9273174465797321,1.0
-0.9257420675495938,-1.0
-0.9257420675495938,1.0
-0.9241663326709195,-1.0
-0.9241663326709195,1.0
-0.9225902069520013,-1.0
-0.9225902069520013,1.0
-0.9210136552583904,-1.0
-0.9210136552583904,1.0
-0.9194366423007283,-1.0
-0.9194366423007283,1.0
-0.9178591326224397,-1.0
-0.9178591326224397,1.0
-0.9162810905872767,-1.0
-0.9162810905872767,1.0
-0.914702480366702,-1.0
-0.914702480366702,1.0
-0.9131232659271177,-1.0
-0.9131232659271177,1.0
-0.9115434110169105,-1.0
-0.9115434110169105,1.0
-0.9099628791532917,-1.0
-0.9099628791532917,1.0
-0.9083816336089403,-1.0
-0.9083816336089403,1.0
-0.9067996373984415,-1.0
-0.9067996373984415,1.0
-0.9052168532644648,-1.0
-0.9052168532644648,1.0
-0.9036332436637061,-1.0
-0.9036332436637061,1.0
-0.9020487707525863,-1.0
-0.9020487707525863,1.0
-0.9004633963726381,-1.0
-0.9004633963726381,1.0
-0.8988770820356223,-1.0
-0.8988770820356223,1.0
-0.8972897889083407,-1.0
-0.8972897889083407,1.0
-0.8957014777970987,-1.0
-0.8957014777970987,1.0
-0.8941121091318301,-1.0
-0.8941121091318301,1.0
-0.8925216429498797,-1.0
-0.8925216429498797,1.0
-0.8909300388793852,-1.0
-0.8909300388793852,1.0
-0.8893372561222412,-1.0
-0.8893372561222412,1.0
-0.8877432534366838,-1.0
-0.8877432534366838,1.0
-0.8861479891193824,-1.0
-0.8861479891193824,1.0
-0.8845514209870966,-1.0
-0.8845514209870966,1.0
-0.8829535063578335,-1.0
-0.8829535063578335,1.0
-0.8813542020314723,-1.0
-0.8813542020314723,1.0
-0.8797534642698708,-1.0
-0.8797534642698708,1.0
-0.8781512487763755,-1.0
-0.8781512487763755,1.0
-0.8765475106747528,-1.0
-0.8765475106747528,1.0
-0.8749422044874707,-1.0
-0.8749422044874707,1.0
-0.8733352841133322,-1.0
-0.8733352841133322,1.0
-0.8717267028044152,-1.0
-0.8717267028044152,1.0
-0.8701164131422843,-1.0
-0.8701164131422843,1.0
-0.8685043670134186,-1.0
-0.8685043670134186,1.0
-0.8668905155838287,-1.0
-0.8668905155838287,1.0
-0.8652748092728525,-1.0
-0.8652748092728525,1.0
-0.8636571977260388,-1.0
-0.8636571977260388,1.0
-0.8620376297871022,-1.0
-0.8620376297871022,1.0
-0.8604160534688775,-1.0
-0.8604160534688775,1.0
-0.858792415923238,-1.0
-0.858792415923238,1.0
-0.8571666634099737,-1.0
-0.8571666634099737,1.0
-0.8555387412644236,-1.0
-0.8555387412644236,1.0
-0.85390859386397,-1.0
-0.85390859386397,1.0
-0.8522761645932434,-1.0
-0.8522761645932434,1.0
-0.850641395807928,-1.0
-0.850641395807928,1.0
-0.8490042287972497,-1.0
-0.8490042287972497,1.0
-0.8473646037448975,-1.0
-0.8473646037448975,1.0
-0.8457224596883801,-1.0
-0.8457224596883801,1.0
-0.8440777344767147,-1.0
-0.8440777344767147,1.0
-0.8424303647263686,-1.0
-0.8424303647263686,1.0
-0.8407802857753349,-1.0
-0.8407802857753349,1.0
-0.8391274316352505,-1.0
-0.8391274316352505,1.0
-0.8374717349414079,-1.0
-0.8374717349414079,1.0
-0.8358131269006128,-1.0
-0.8358131269006128,1.0
-0.8341515372367101,-1.0
-0.8341515372367101,1.0
-0.8324868941335801,-1.0
-0.8324868941335801,1.0
-0.830819124175581,-1.0
-0.830819124175581,1.0
-0.8291481522852076,-1.0
-0.8291481522852076,1.0
-0.8274739016577715,-1.0
-0.8274739016577715,1.0
-0.8257962936930023,-1.0
-0.8257962936930023,1.0
-0.8241152479232896,-1.0
-0.8241152479232896,1.0
-0.8224306819384178,-1.0
-0.8224306819384178,1.0
-0.8207425113065282,-1.0
-0.8207425113065282,1.0
-0.8190506494910292,-1.0
-0.8190506494910292,1.0
-0.8173550077633229,-1.0
-0.8173550077633229,1.0
-0.815655495110915,-1.0
-0.815655495110915,1.0
-0.8139520181406547,-1.0
-0.8139520181406547,1.0
-0.8122444809768278,-1.0
-0.8122444809768278,1.0
-0.8105327851537018,-1.0
-0.8105327851537018,1.0
-0.8088168295020227,-1.0
-0.8088168295020227,1.0
-0.8070965100292553,-1.0
-0.8070965100292553,1.0
-0.805371719792955,-1.0
-0.805371719792955,1.0
-0.8036423487668026,-1.0
-0.8036423487668026,1.0
-0.8019082836988108,-1.0
-0.8019082836988108,1.0
-0.8001694079609826,-1.0
-0.8001694079609826,1.0
-0.7984256013899671,-1.0
-0.7984256013899671,1.0
-0.7966767401178184,-1.0
-0.7966767401178184,1.0
-0.794922696392197,-1.0
-0.794922696392197,1.0
-0.7931633383851826,-1.0
-0.7931633383851826,1.0
-0.7913985299896306,-1.0
-0.7913985299896306,1.0
-0.7896281306022367,-1.0
-0.7896281306022367,1.0
-0.7878519948920728,-1.0
-0.7878519948920728,1.0
-0.7860699725533733,-1.0
-0.7860699725533733,1.0
-0.7842819080412605,-1.0
-0.7842819080412605,1.0
-0.7824876402888294,-1.0
-0.7824876402888294,1.0
-0.7806870024040089,-1.0
-0.7806870024040089,1.0
-0.7788798213442946,-1.0
-0.7788798213442946,1.0
-0.7770659175673188,-1.0
-0.7770659175673188,1.0
-0.7752451046549987,-1.0
-0.7752451046549987,1.0
-0.773417188908652,-1.0
-0.773417188908652,1.0
-0.7715819689123222,-1.0
-0.7715819689123222,1.0
-0.7697392350611416,-1.0
-0.7697392350611416,1.0
-0.7678887690510321,-1.0
-0.7678887690510321,1.0
-0.7660303433258892,-1.0
-0.7660303433258892,1.0
-0.7641637204776816,-1.0
-0.7641637204776816,1.0
-0.7622886525943267,-1.0
-0.7622886525943267,1.0
-0.7604048805496992,-1.0
-0.7604048805496992,1.0
-0.7585121332290914,-1.0
-0.7585121332290914,1.0
-0.7566101266827151,-1.0
-0.7566101266827151,1.0
-0.7546985631988616,-1.0
-0.7546985631988616,1.0
-0.7527771302869104,-1.0
-0.7527771302869104,1.0
-0.7508454995590884,-1.0
-0.7508454995590884,1.0
-0.748903325498101,-1.0
-0.748903325498101,1.0
-0.7469502440959456,-1.0
-0.7469502440959456,1.0
-0.7449858713467619,-1.0
-0.7449858713467619,1.0
-0.7430098015736429,-1.0
-0.7430098015736429,1.0
-0.7410216055662795,-1.0
-0.7410216055662795,1.0
-0.739020828502217,-1.0
-0.739020828502217,1.0
-0.7370069876196449,-1.0
-0.7370069876196449,1.0
-0.7349795696039075,-1.0
-0.7349795696039075,1.0
-0.7329380276427282,-1.0
-0.7329380276427282,1.0
-0.7308817780966478,-1.0
-0.7308817780966478,1.0
-0.7288101967205822,-1.0
-0.7288101967205822,1.0
-0.7267226143589464,-1.0
-0.7267226143589464,1.0
-0.7246183120207037,-1.0
-0.7246183120207037,1.0
-0.7224965152199859,-1.0
-0.7224965152199859,1.0
-0.7203563874420238,-1.0
-0.7203563874420238,1.0
-0.7181970225607714,-1.0
-0.7181970225607714,1.0
-0.7160174359923943,-1.0
-0.7160174359923943,1.0
-0.7138165543135798,-1.0
-0.7138165543135798,1.0
-0.7115932030015225,-1.0
-0.7115932030015225,1.0
-0.709346091857139,-1.0
-0.709346091857139,1.0
-0.7070737975455497,-1.0
-0.7070737975455497,1.0
-0.7047747425158217,-1.0
-0.7047747425158217,1.0
-0.7024471693250021,-1.0
-0.7024471693250021,1.0
-0.7000891090627318,-1.0
-0.7000891090627318,1.0
-0.6976983421074731,-1.0
-0.6976983421074731,1.0
-0.6952723487757877,-1.0
-0.6952723487757877,1.0
-0.6928082464442936,-1.0
-0.6928082464442936,1.0
-0.6903027082515828,-1.0
-0.6903027082515828,1.0
-0.687751856225069,-1.0
-0.687751856225069,1.0
-0.6851511181110802,-1.0
-0.6851511181110802,1.0
-0.6824950312239997,-1.0
-0.6824950312239997,1.0
-0.6797769686542969,-1.0
-0.6797769686542969,1.0
-0.6769887312265468,-1.0
-0.6769887312265468,1.0
-0.6741199938117043,-1.0
-0.6741199938117043,1.0
-0.6711572345316275,-1.0
-0.6711572345316275,1.0
-0.6680825315421903,-1.0
-0.6680825315421903,1.0
-0.664870076701813,-1.0
-0.664870076701813,1.0
-0.6614823567935092,-1.0
-0.6614823567935092,1.0
-0.657855662421268,-1.0
-0.657855662421268,1.0
-0.6538722901919388,-1.0
-0.6538722901919388,1.0
-0.6492278355623702,-1.0
-0.6492278355623702,1.0
-0.6414725628040285,-1.0
-0.6414725628040285,1.0
-0.6393115224968459,-1.0
-0.6393115224968459,1.0
-0.6374304949024123,-1.0
-0.6374304949024123,1.0
-0.635711677201617,-1.0
-0.635711677201617,1.0
-0.6341024177538714,-1.0
-0.6341024177538714,1.0
-0.6325737463384392,-1.0
-0.6325737463384392,1.0
-0.6311075090804158,-1.0
-0.6311075090804158,1.0
-0.6296916629587168,-1.0
-0.6296916629587168,1.0
-0.6283185307179586,-1.0
-0.6283185307179586,1.0
-0.6251546637939384,-1.0
-0.6251546637939384,1.0
-0.6194605502310436,-1.0
-0.6194605502310436,1.0
-0.6141720994889935,-1.0
-0.6141720994889935,1.0
-0.6091761230687328,-1.0
-0.6091761230687328,1.0
-0.6044058401269351,-1.0
-0.6044058401269351,1.0
-0.5998175845060209,-1.0
-0.5998175845060209,1.0
-0.595380770831077,-1.0
-0.595380770831077,1.0
-0.5910728902744339,-1.0
-0.5910728902744339,1.0
-0.5868767480767015,-1.0
-0.5868767480767015,1.0
-0.582778819867152,-1.0
-0.582778819867152,1.0
-0.5787682154690492,-1.0
-0.5787682154690492,1.0
-0.5748359949023946,-1.0
-0.5748359949023946,1.0
-0.5709746995929279,-1.0
-0.5709746995929279,1.0
-0.5671780208757423,-1.0
-0.5671780208757423,1.0
-0.5634405593047671,-1.0
-0.5634405593047671,1.0
-0.559757645889699,-1.0
-0.559757645889699,1.0
-0.5561252066934219,-1.0
-0.5561252066934219,1.0
-0.5525396584940487,-1.0
-0.5525396584940487,1.0
-0.5489978271545868,-1.0
-0.5489978271545868,1.0
-0.54549688289046,-1.0
-0.54549688289046,1.0
-0.5420342883124092,-1.0
-0.5420342883124092,1.0
-0.5386077562668736,-1.0
-0.5386077562668736,1.0
-0.5352152152876144,-1.0
-0.5352152152876144,1.0
-0.5318547810290152,-1.0
-0.5318547810290152,1.0
-0.5285247324516352,-1.0
-0.5285247324516352,1.0
-0.5252234918188267,-1.0
-0.5252234918188267,1.0
-0.5219496077783647,-1.0
-0.5219496077783647,1.0
-0.5187017409613239,-1.0
-0.5187017409613239,1.0
-0.5154786516506279,-1.0
-0.5154786516506279,1.0
-0.5122791891636845,-1.0
-0.5122791891636845,1.0
-0.5091022826637684,-1.0
-0.5091022826637684,1.0
-0.5059469331695001,-1.0
-0.5059469331695001,1.0
-0.5028122065751732,-1.0
-0.5028122065751732,1.0
-0.49969722752804135,-1.0
-0.49969722752804135,1.0
-0.49660117403623005,-1.0
-0.49660117403623005,1.0
-0.49352327270203467,-1.0
-0.49352327270203467,1.0
-0.4904627944935781,-1.0
-0.4904627944935781,1.0
-0.4874190509810858,-1.0
-0.4874190509810858,1.0
-0.4843913909764202,-1.0
-0.4843913909764202,1.0
-0.4813791975233844,-1.0
-0.4813791975233844,1.0
-0.47838188519480473,-1.0
-0.47838188519480473,1.0
-0.4753988976581538,-1.0
-0.4753988976581538,1.0
-0.4724297054777205,-1.0
-0.4724297054777205,1.0
-0.4694738041249793,-1.0
-0.4694738041249793,1.0
-0.46653071217377634,-1.0
-0.46653071217377634,1.0
-0.4635999696587696,-1.0
-0.4635999696587696,1.0
-0.4606811365796914,-1.0
-0.4606811365796914,1.0
-0.457773791535259,-1.0
-0.457773791535259,1.0
-0.454877530473122,-1.0
-0.454877530473122,1.0
-0.45199196554382354,-1.0
-0.45199196554382354,1.0
-0.4491167240480574,-1.0
-0.4491167240480574,1.0
-0.44625144746796425,-1.0
-0.44625144746796425,1.0
-0.443395790574075,-1.0
-0.443395790574075,1.0
-0.44054942060082153,-1.0
-0.44054942060082153,1.0
-0.43771201648386104,-1.0
-0.43771201648386104,1.0
-0.4348832681536094,-1.0
-0.4348832681536094,1.0
-0.43206287587978065,-1.0
-0.43206287587978065,1.0
-0.42925054966231035,-1.0
-0.42925054966231035,1.0
-0.42644600866452703,-1.0
-0.42644600866452703,1.0
-0.42364898068494633,-1.0
-0.42364898068494633,1.0
-0.42085920166431745,-1.0
-0.42085920166431745,1.0
-0.41807641522487315,-1.0
-0.41807641522487315,1.0
-0.415300372239201,-1.0
-0.415300372239201,1.0
-0.4125308304261497,-1.0
-0.4125308304261497,1.0
-0.4097675539717138,-1.0
-0.4097675539717138,1.0
-0.4070103131727381,-1.0
-0.4070103131727381,1.0
-0.404258884101745,-1.0
-0.404258884101745,1.0
-0.4015130482911408,-1.0
-0.4015130482911408,1.0
-0.3987725924352786,-1.0
-0.3987725924352786,1.0
-0.39603730810913995,-1.0
-0.39603730810913995,1.0
-0.3933069915021769,-1.0
-0.3933069915021769,1.0
-0.39058144316627347,-1.0
-0.39058144316627347,1.0
-0.38786046777673044,-1.0
-0.38786046777673044,1.0
-0.38514387390535615,-1.0
-0.38514387390535615,1.0
-0.3824314738046419,-1.0
-0.3824314738046419,1.0
-0.3797230832023223,-1.0
-0.3797230832023223,1.0
-0.37701852110550094,-1.0
-0.37701852110550094,1.0
-0.37431760961362115,-1.0
-0.37431760961362115,1.0
-0.3716201737396354,-1.0
-0.3716201737396354,1.0
-0.36892604123882045,-1.0
-0.36892604123882045,1.0
-0.36623504244458005,-1.0
-0.36623504244458005,1.0
-0.363547010110784,-1.0
-0.363547010110784,1.0
-0.360861779260125,-1.0
-0.360861779260125,1.0
-0.35817918703803847,-1.0
-0.35817918703803847,1.0
-0.35549907257175456,-1.0
-0.35549907257175456,1.0
-0.3528212768340666,-1.0
-0.3528212768340666,1.0
-0.3501456425114817,-1.0
-0.3501456425114817,1.0
-0.34747201387634186,-1.0
-0.34747201387634186,1.0
-0.34480023666258053,-1.0
-0.34480023666258053,1.0
-0.3421301579448623,-1.0
-0.3421301579448623,1.0
-0.3394616260207257,-1.0
-0.3394616260207257,1.0
-0.33679449029544634,-1.0
-0.33679449029544634,1.0
-0.33412860116939713,-1.0
-0.33412860116939713,1.0
-0.33146380992757857,-1.0
-0.33146380992757857,1.0
-0.32879996863109645,-1.0
-0.32879996863109645,1.0
-0.3261369300103338,-1.0
-0.3261369300103338,1.0
-0.32347454735956416,-1.0
-0.32347454735956416,1.0
-0.32081267443279166,-1.0
-0.32081267443279166,1.0
-0.3181511653405604,-1.0
-0.3181511653405604,1.0
-0.3154898744475519,-1.0
-0.3154898744475519,1.0
-0.3128286562707145,-1.0
-0.3128286562707145,1.0
-0.3101673653777058,-1.0
-0.3101673653777058,1.0
-0.30750585628547267,-1.0
-0.30750585628547267,1.0
-0.30484398335869844,-1.0
-0.30484398335869844,1.0
-0.3021816007079335,-1.0
-0.3021816007079335,1.0
-0.29951856208716987,-1.0
-0.29951856208716987,1.0
-0.29685472079068376,-1.0
-0.29685472079068376,1.0
-0.2941899295488616,-1.0
-0.2941899295488616,1.0
-0.291524040422807,-1.0
-0.291524040422807,1.0
-0.28885690469752245,-1.0
-0.28885690469752245,1.0
-0.2861883727733837,-1.0
-0.2861883727733837,1.0
-0.28351829405567086,-1.0
-0.28351829405567086,1.0
-0.2808465168419127,-1.0
-0.2808465168419127,1.0
-0.2781728882067702,-1.0
-0.2781728882067702,1.0
-0.2754972538841929,-1.0
-0.2754972538841929,1.0
-0.2728194581465095,-1.0
-0.2728194581465095,1.0
-0.2701393436802218,-1.0
-0.2701393436802218,1.0
-0.2674567514581371,-1.0
-0.2674567514581371,1.0
-0.26477152060748427,-1.0
-0.26477152060748427,1.0
-0.2620834882736913,-1.0
-0.2620834882736913,1.0
-0.2593924894794526,-1.0
-0.2593924894794526,1.0
-0.25669835697863713,-1.0
-0.25669835697863713,1.0
-0.25400092110465317,-1.0
-0.25400092110465317,1.0
-0.25130000961276927,-1.0
-0.25130000961276927,1.0
-0.24859544751594978,-1.0
-0.24859544751594978,1.0
-0.24588705691362803,-1.0
-0.24588705691362803,1.0
-0.24317465681290903,-1.0
-0.24317465681290903,1.0
-0.24045806294152988,-1.0
-0.24045806294152988,1.0
-0.23773708755199272,-1.0
-0.23773708755199272,1.0
-0.2350115392160857,-1.0
-0.2350115392160857,1.0
-0.2322812226091264,-1.0
-0.2322812226091264,1.0
-0.22954593828299738,-1.0
-0.22954593828299738,1.0
-0.2268054824271379,-1.0
-0.2268054824271379,1.0
-0.22405964661652944,-1.0
-0.22405964661652944,1.0
-0.22130821754553814,-1.0
-0.22130821754553814,1.0
-0.21855097674656548,-1.0
-0.21855097674656548,1.0
-0.21578770029212457,-1.0
-0.21578770029212457,1.0
-0.21301815847906777,-1.0
-0.21301815847906777,1.0
-0.21024211549339386,-1.0
-0.21024211549339386,1.0
-0.20745932905395212,-1.0
-0.20745932905395212,1.0
-0.2046695500333208,-1.0
-0.2046695500333208,1.0
-0.2018725220537456,-1.0
-0.2018725220537456,1.0
-0.1990679810559581,-1.0
-0.1990679810559581,1.0
-0.19625565483848575,-1.0
-0.19625565483848575,1.0
-0.19343526256466553,-1.0
-0.19343526256466553,1.0
-0.1906065142344137,-1.0
-0.1906065142344137,1.0
-0.1877691101174473,-1.0
-0.1877691101174473,1.0
-0.18492274014418625,-1.0
-0.18492274014418625,1.0
-0.182067083250293,-1.0
-0.182067083250293,1.0
-0.17920180667019392,-1.0
-0.17920180667019392,1.0
-0.17632656517443923,-1.0
-0.17632656517443923,1.0
-0.17344100024514048,-1.0
-0.17344100024514048,1.0
-0.17054473918300486,-1.0
-0.17054473918300486,1.0
-0.16763739413857195,-1.0
-0.16763739413857195,1.0
-0.16471856105950183,-1.0
-0.16471856105950183,1.0
-0.16178781854450255,-1.0
-0.16178781854450255,1.0
-0.15884472659328547,-1.0
-0.15884472659328547,1.0
-0.15588882524054318,-1.0
-0.15588882524054318,1.0
-0.1529196330600905,-1.0
-0.1529196330600905,1.0
-0.14993664552344074,-1.0
-0.14993664552344074,1.0
-0.146939333194855,-1.0
-0.146939333194855,1.0
-0.1439271397418137,-1.0
-0.1439271397418137,1.0
-0.1408994797371303,-1.0
-0.1408994797371303,1.0
-0.13785573622463698,-1.0
-0.13785573622463698,1.0
-0.13479525801617573,-1.0
-0.13479525801617573,1.0
-0.13171735668199014,-1.0
-0.13171735668199014,1.0
-0.1286213031901767,-1.0
-0.1286213031901767,1.0
-0.1255063241430719,-1.0
-0.1255063241430719,1.0
-0.12237159754876571,-1.0
-0.12237159754876571,1.0
-0.11921624805449549,-1.0
-0.11921624805449549,1.0
-0.11603934155456075,-1.0
-0.11603934155456075,1.0
-0.11283987906761161,-1.0
-0.11283987906761161,1.0
-0.10961678975690191,-1.0
-0.10961678975690191,1.0
-0.10636892293985892,-1.0
-0.10636892293985892,1.0
-0.10309503889941479,-1.0
-0.10309503889941479,1.0
-0.09979379826660377,-1.0
-0.09979379826660377,1.0
-0.09646374968922893,-1.0
-0.09646374968922893,1.0
-0.09310331543064938,-1.0
-0.09310331543064938,1.0
-0.08971077445136348,-1.0
-0.08971077445136348,1.0
-0.08628424240583416,-1.0
-0.08628424240583416,1.0
-0.08282164782777927,-1.0
-0.08282164782777927,1.0
-0.07932070356365496,-1.0
-0.07932070356365496,1.0
-0.07577887222417576,-1.0
-0.07577887222417576,1.0
-0.07219332402477777,-1.0
-0.07219332402477777,1.0
-0.06856088482849637,-1.0
-0.06856088482849637,1.0
-0.06487797141339913,-1.0
-0.06487797141339913,1.0
-0.0611405098424151,-1.0
-0.0611405098424151,1.0
-0.057343831125236826,-1.0
-0.057343831125236826,1.0
-0.05348253581580215,-1.0
-0.05348253581580215,1.0
-0.049550315249140664,-1.0
-0.049550315249140664,1.0
-0.04553971085102101,-1.0
-0.04553971085102101,1.0
-0.04144178264146409,-1.0
-0.04144178264146409,1.0
-0.03724564044374139,-1.0
-0.03724564044374139,1.0
-0.03293775988707844,-1.0
-0.03293775988707844,1.0
-0.028500946212108042,-1.0
-0.028500946212108042,1.0
-0.023912690591249064,-1.0
-0.023912690591249064,1.0
-0.019142407649421406,-1.0
-0.019142407649421406,1.0
-0.01414643122909895,-1.0
-0.01414643122909895,1.0
-0.008857980486998082,-1.0
-0.008857980486998082,1.0
-0.003163866924041008,-1.0
-0.003163866924041008,1.0
0.0,-1.0
0.0,1.0
0.0020664935795962824,-1.0
0.0020664935795962824,1.0
0.004240767955681131,-1.0
0.004240767955681131,1.0
0.006558480334057785,-1.0
0.006558480334057785,1.0
0.009084185053636099,-1.0
0.009084185053636099,1.0
0.011966438460427603,-1.0
0.011966438460427603,1.0
0.023117281177212925,-1.0
0.023117281177212925,1.0
0.0298326051491474,-1.0
0.0298326051491474,1.0
0.035596169426626606,-1.0
0.035596169426626606,1.0
0.04084376701076231,-1.0
0.04084376701076231,1.0
0.04574770929169609,-1.0
0.04574770929169609,1.0
0.05039854484810108,-1.0
0.05039854484810108,1.0
0.05485153500962081,-1.0
0.05485153500962081,1.0
0.05914355057944045,-1.0
0.05914355057944045,1.0
0.06330081546366542,-1.0
0.06330081546366542,1.0
0.067342838881335,-1.0
0.067342838881335,1.0
0.07128465075410444,-1.0
0.07128465075410444,1.0
0.07513815208477971,-1.0
0.07513815208477971,1.0
0.07891297804680204,-1.0
0.07891297804680204,1.0
0.08261707394669433,-1.0
0.08261707394669433,1.0
0.08625709353845283,-1.0
0.08625709353845283,1.0
0.08983868282111035,-1.0
0.08983868282111035,1.0
0.09336668742851295,-1.0
0.09336668742851295,1.0
0.0968453075188991,-1.0
0.0968453075188991,1.0
0.1002782156651349,-1.0
0.1002782156651349,1.0
0.10366864808679394,-1.0
0.10366864808679394,1.0
0.1070194762974708,-1.0
0.1070194762974708,1.0
0.11033326411329832,-1.0
0.11033326411329832,1.0
0.11361231354954317,-1.0
0.11361231354954317,1.0
0.1168587021646729,-1.0
0.1168587021646729,1.0
0.1200743137388165,-1.0
0.1200743137388165,1.0
0.12326086369780861,-1.0
0.12326086369780861,1.0
0.1264199203519898,-1.0
0.1264199203519898,1.0
0.12955292276954294,-1.0
0.12955292276954294,1.0
0.13266119591983935,-1.0
0.13266119591983935,1.0
0.13574596358433255,-1.0
0.13574596358433255,1.0
0.13880835942816788,-1.0
0.13880835942816788,1.0
0.14184943654592622,-1.0
0.14184943654592622,1.0
0.1448701757333375,-1.0
0.1448701757333375,1.0
0.14787149268881136,-1.0
0.14787149268881136,1.0
0.15085424431094074,-1.0
0.15085424431094074,1.0
0.15381923422833282,-1.0
0.15381923422833282,1.0
0.1567672176743007,-1.0
0.1567672176743007,1.0
0.15969890579985288,-1.0
0.15969890579985288,1.0
0.16261496950301402,-1.0
0.16261496950301402,1.0
0.16551604283988494,-1.0
0.16551604283988494,1.0
0.16840272607264237,-1.0
0.16840272607264237,1.0
0.17127558840120016,-1.0
0.17127558840120016,1.0
0.17413517041827092,-1.0
0.17413517041827092,1.0
0.17698198632181036,-1.0
0.17698198632181036,1.0
0.17981652591393,-1.0
0.17981652591393,1.0
0.18263925641133555,-1.0
0.18263925641133555,1.0
0.18545062408893395,-1.0
0.18545062408893395,1.0
0.18825105577537649,-1.0
0.18825105577537649,1.0
0.19104096021681805,-1.0
0.19104096021681805,1.0
0.1938207293231302,-1.0
0.1938207293231302,1.0
0.1965907393090149,-1.0
0.1965907393090149,1.0
0.19935135174090654,-1.0
0.19935135174090654,1.0
0.20210291449926746,-1.0
0.20210291449926746,1.0
0.20484576266477003,-1.0
0.20484576266477003,1.0
0.20758021933580478,-1.0
0.20758021933580478,1.0
0.21030659638397098,-1.0
0.21030659638397098,1.0
0.2130251951534625,-1.0
0.2130251951534625,1.0
0.2157363071095518,-1.0
0.2157363071095518,1.0
0.21844021444088324,-1.0
0.21844021444088324,1.0
0.22113719061976733,-1.0
0.22113719061976733,1.0
0.22382750092420822,-1.0
0.22382750092420822,1.0
0.22651140292504768,-1.0
0.22651140292504768,1.0
0.22918914694125905,-1.0
0.22918914694125905,1.0
0.2318609764661132,-1.0
0.2318609764661132,1.0
0.23452712856669883,-1.0
0.23452712856669883,1.0
0.23718783425901602,-1.0
0.23718783425901602,1.0
0.2398433188606809,-1.0
0.2398433188606809,1.0
0.2424938023230748,-1.0
0.2424938023230748,1.0
0.24513949954461317,-1.0
0.24513949954461317,1.0
0.24778062066664897,-1.0
0.24778062066664897,1.0
0.25041737135341263,-1.0
0.25041737135341263,1.0
0.2530499530572652,-1.0
0.2530499530572652,1.0
0.2556785632704259,-1.0
0.2556785632704259,1.0
0.25830339576424605,-1.0
0.25830339576424605,1.0
0.26092464081700284,-1.0
0.26092464081700284,1.0
0.2635424854311487,-1.0
0.2635424854311487,1.0
0.2661571135408373,-1.0
0.2661571135408373,1.0
0.26876870621048876,-1.0
0.26876870621048876,1.0
0.2713774418251377,-1.0
0.2713774418251377,1.0
0.2739834962732287,-1.0
0.2739834962732287,1.0
0.2765870431224686,-1.0
0.2765870431224686,1.0
0.2791882537893193,-1.0
0.2791882537893193,1.0
0.2817872977026907,-1.0
0.2817872977026907,1.0
0.2843843424623313,-1.0
0.2843843424623313,1.0
0.2869795539923866,-1.0
0.2869795539923866,1.0
0.28957309669059894,-1.0
0.28957309669059894,1.0
0.2921651335735837,-1.0
0.2921651335735837,1.0
0.29475582641855874,-1.0
0.29475582641855874,1.0
0.2973453359019417,-1.0
0.2973453359019417,1.0
0.2999338217351795,-1.0
0.2999338217351795,1.0
0.30252144279817383,-1.0
0.30252144279817383,1.0
0.3051083572706462,-1.0
0.3051083572706462,1.0
0.3076947227617604,-1.0
0.3076947227617604,1.0
0.31028069643835343,-1.0
0.31028069643835343,1.0
0.31286643515208945,-1.0
0.31286643515208945,1.0
0.3154520955658375,-1.0
0.3154520955658375,1.0
0.31803783427958016,-1.0
0.31803783427958016,1.0
0.3206238079561787,-1.0
0.3206238079561787,1.0
0.323210173447295,-1.0
0.323210173447295,1.0
0.32579708791977174,-1.0
0.32579708791977174,1.0
0.3283847089827716,-1.0
0.3283847089827716,1.0
0.3309731948160095,-1.0
0.3309731948160095,1.0
0.3335627042993908,-1.0
0.3335627042993908,1.0
0.33615339714436643,-1.0
0.33615339714436643,1.0
0.3387454340273526,-1.0
0.3387454340273526,1.0
0.3413389767255671,-1.0
0.3413389767255671,1.0
0.3439341882556227,-1.0
0.3439341882556227,1.0
0.34653123301526406,-1.0
0.34653123301526406,1.0
0.34913027692863674,-1.0
0.34913027692863674,1.0
0.35173148759548584,-1.0
0.35173148759548584,1.0
0.35433503444472486,-1.0
0.35433503444472486,1.0
0.35694108889281606,-1.0
0.35694108889281606,1.0
0.359549824507464,-1.0
0.359549824507464,1.0
0.36216141717711514,-1.0
0.36216141717711514,1.0
0.3647760452868055,-1.0
0.3647760452868055,1.0
0.3673938899009569,-1.0
0.3673938899009569,1.0
0.370015134953717,-1.0
0.370015134953717,1.0
0.3726399674475355,-1.0
0.3726399674475355,1.0
0.37526857766069643,-1.0
0.37526857766069643,1.0
0.3779011593645473,-1.0
0.3779011593645473,1.0
0.3805379100513061,-1.0
0.3805379100513061,1.0
0.38317903117334007,-1.0
0.38317903117334007,1.0
0.3858247283948784,-1.0
0.3858247283948784,1.0
0.38847521185727135,-1.0
0.38847521185727135,1.0
0.3911306964589319,-1.0
0.3911306964589319,1.0
0.39379140215124375,-1.0
0.39379140215124375,1.0
0.3964575542518267,-1.0
0.3964575542518267,1.0
0.3991293837766776,-1.0
0.3991293837766776,1.0
0.40180712779288374,-1.0
0.40180712779288374,1.0
0.4044910297937207,-1.0
0.4044910297937207,1.0
0.40718134009816054,-1.0
0.40718134009816054,1.0
0.4098783162770438,-1.0
0.4098783162770438,1.0
0.41258222360837377,-1.0
0.41258222360837377,1.0
0.41529333556445874,-1.0
0.41529333556445874,1.0
0.4180119343339493,-1.0
0.4180119343339493,1.0
0.4207383113821174,-1.0
0.4207383113821174,1.0
0.4234727680531515,-1.0
0.4234727680531515,1.0
0.42621561621865456,-1.0
0.42621561621865456,1.0
0.4289671789770148,-1.0
0.4289671789770148,1.0
0.4317277914089025,-1.0
0.4317277914089025,1.0
0.43449780139478666,-1.0
0.43449780139478666,1.0
0.43727757050110094,-1.0
0.43727757050110094,1.0
0.4400674749425371,-1.0
0.4400674749425371,1.0
0.4428679066289718,-1.0
0.4428679066289718,1.0
0.44567927430656945,-1.0
0.44567927430656945,1.0
0.4485020048039729,-1.0
0.4485020048039729,1.0
0.4513365443960941,-1.0
0.4513365443960941,1.0
0.4541833602996349,-1.0
0.4541833602996349,1.0
0.4570429423167002,-1.0
0.4570429423167002,1.0
0.459915804645257,-1.0
0.459915804645257,1.0
0.4628024878780194,-1.0
0.4628024878780194,1.0
0.46570356121489564,-1.0
0.46570356121489564,1.0
0.4686196249180616,-1.0
0.4686196249180616,1.0
0.47155131304361175,-1.0
0.47155131304361175,1.0
0.4744992964895745,-1.0
0.4744992964895745,1.0
0.4774642864069665,-1.0
0.4774642864069665,1.0
0.4804470380290929,-1.0
0.4804470380290929,1.0
0.483448354984565,-1.0
0.483448354984565,1.0
0.4864690941719769,-1.0
0.4864690941719769,1.0
0.489510171289735,-1.0
0.489510171289735,1.0
0.49257256713357983,-1.0
0.49257256713357983,1.0
0.4956573347980851,-1.0
0.4956573347980851,1.0
0.4987656079483847,-1.0
0.4987656079483847,1.0
0.5018986103659384,-1.0
0.5018986103659384,1.0
0.5050576670201238,-1.0
0.5050576670201238,1.0
0.5082442169791215,-1.0
0.5082442169791215,1.0
0.5114598285532683,-1.0
0.5114598285532683,1.0
0.5147062171684014,-1.0
0.5147062171684014,1.0
0.5179852666046499,-1.0
0.5179852666046499,1.0
0.5212990544204756,-1.0
0.5212990544204756,1.0
0.5246498826311439,-1.0
0.5246498826311439,1.0
0.5280403150527986,-1.0
0.5280403150527986,1.0
0.5314732231990366,-1.0
0.5314732231990366,1.0
0.5349518432894197,-1.0
0.5349518432894197,1.0
0.538479847896815,-1.0
0.538479847896815,1.0
0.5420614371794685,-1.0
0.5420614371794685,1.0
0.5457014567712325,-1.0
0.5457014567712325,1.0
0.5494055526711407,-1.0
0.5494055526711407,1.0
0.5531803786331781,-1.0
0.5531803786331781,1.0
0.5570338799638567,-1.0
0.5570338799638567,1.0
0.5609756918366213,-1.0
0.5609756918366213,1.0
0.5650177152542988,-1.0
0.5650177152542988,1.0
0.5691749801385361,-1.0
0.5691749801385361,1.0
0.5734669957083477,-1.0
0.5734669957083477,1.0
0.5779199858698543,-1.0
0.5779199858698543,1.0
0.5825708214262443,-1.0
0.5825708214262443,1.0
0.5874747637071661,-1.0
0.5874747637071661,1.0
0.5927223612912933,-1.0
0.5927223612912933,1.0
0.5984859255687579,-1.0
0.5984859255687579,1.0
0.6052012495406984,-1.0
0.6052012495406984,1.0
0.6163520922574809,-1.0
0.6163520922574809,1.0
0.6192343456641608,-1.0
0.6192343456641608,1.0
0.6217600503838099,-1.0
0.6217600503838099,1.0
0.6240777627622053,-1.0
0.6240777627622053,1.0
0.62625203713831,-1.0
0.62625203713831,1.0
0.6283185307179586,-1.0
0.6283185307179586,1.0
0.6302427297690223,-1.0
0.6302427297690223,1.0
0.6338329555728145,-1.0
0.6338329555728145,1.0
0.6372335322706268,-1.0
0.6372335322706268,1.0
0.6404859722426847,-1.0
0.6404859722426847,1.0
0.6436178853210477,-1.0
0.6436178853210477,1.0
0.646648841143739,-1.0
0.646648841143739,1.0
0.6495933675660694,-1.0
0.6495933675660694,1.0
0.6524626363378649,-1.0
0.6524626363378649,1.0
0.6552654800746711,-1.0
0.6552654800746711,1.0
0.6580090403903365,-1.0
0.6580090403903365,1.0
0.6606991995140323,-1.0
0.6606991995140323,1.0
0.6633408782616139,-1.0
0.6633408782616139,1.0
0.6659382480267679,-1.0
0.6659382480267679,1.0
0.6684948855008741,-1.0
0.6684948855008741,1.0
0.6710138880980835,-1.0
0.6710138880980835,1.0
0.6734979617221393,-1.0
0.6734979617221393,1.0
0.6759494886273401,-1.0
0.6759494886273401,1.0
0.6783705806699885,-1.0
0.6783705806699885,1.0
0.6807631216488323,-1.0
0.6807631216488323,1.0
0.6831288013708161,-1.0
0.6831288013708161,1.0
0.6854691433516066,-1.0
0.6854691433516066,1.0
0.687785527559419,-1.0
0.687785527559419,1.0
0.6900792092532592,-1.0
0.6900792092532592,1.0
0.6923513347127631,-1.0
0.6923513347127631,1.0
0.6946029544692824,-1.0
0.6946029544692824,1.0
0.6968350345109895,-1.0
0.6968350345109895,1.0
0.6990484658323971,-1.0
0.6990484658323971,1.0
0.7012440726203861,-1.0
0.7012440726203861,1.0
0.7034226193090982,-1.0
0.7034226193090982,1.0
0.7055848166911335,-1.0
0.7055848166911335,1.0
0.7077313272361373,-1.0
0.7077313272361373,1.0
0.7098627697404207,-1.0
0.7098627697404207,1.0
0.711979723407848,-1.0
0.711979723407848,1.0
0.7140827314462832,-1.0
0.7140827314462832,1.0
0.7161723042484733,-1.0
0.7161723042484733,1.0
0.718248922215025,-1.0
0.718248922215025,1.0
0.7203130382683967,-1.0
0.7203130382683967,1.0
0.7223650800978807,-1.0
0.7223650800978807,1.0
0.7244054521711281,-1.0
0.7244054521711281,1.0
0.7264345375411047,-1.0
0.7264345375411047,1.0
0.7284526994734322,-1.0
0.7284526994734322,1.0
0.7304602829160683,-1.0
0.7304602829160683,1.0
0.7324576158294834,-1.0
0.7324576158294834,1.0
0.7344450103935142,-1.0
0.7344450103935142,1.0
0.736422764104727,-1.0
0.736422764104727,1.0
0.7383911607761541,-1.0
0.7383911607761541,1.0
0.7403504714501181,-1.0
0.7403504714501181,1.0
0.7423009552332297,-1.0
0.7423009552332297,1.0
0.7442428600614761,-1.0
0.7442428600614761,1.0
0.7461764234028191,-1.0
0.7461764234028191,1.0
0.7481018729030992,-1.0
0.7481018729030992,1.0
0.7500194269811544,-1.0
0.7500194269811544,1.0
0.7519292953777162,-1.0
0.7519292953777162,1.0
0.7538316796626077,-1.0
0.7538316796626077,1.0
0.7557267737042457,-1.0
0.7557267737042457,1.0
0.7576147641043437,-1.0
0.7576147641043437,1.0
0.7594958306015541,-1.0
0.7594958306015541,1.0
0.7613701464463539,-1.0
0.7613701464463539,1.0
0.7632378787498351,-1.0
0.7632378787498351,1.0
0.7650991888086053,-1.0
0.7650991888086053,1.0
0.766954232407658,-1.0
0.766954232407658,1.0
0.7688031601032493,-1.0
0.7688031601032493,1.0
0.770646117487207,-1.0
0.770646117487207,1.0
0.7724832454343357,-1.0
0.7724832454343357,1.0
0.7743146803339342,-1.0
0.7743146803339342,1.0
0.7761405543072086,-1.0
0.7761405543072086,1.0
0.77796099541089,-1.0
0.77796099541089,1.0
0.7797761278288713,-1.0
0.7797761278288713,1.0
0.7815860720521943,-1.0
0.7815860720521943,1.0
0.7833909450485997,-1.0
0.7833909450485997,1.0
0.7851908604220192,-1.0
0.7851908604220192,1.0
0.7869859285631926,-1.0
0.7869859285631926,1.0
0.7887762567916206,-1.0
0.7887762567916206,1.0
0.7905619494896661,-1.0
0.7905619494896661,1.0
0.7923431082292757,-1.0
0.7923431082292757,1.0
0.7941198318918694,-1.0
0.7941198318918694,1.0
0.7958922167818393,-1.0
0.7958922167818393,1.0
0.7976603567339625,-1.0
0.7976603567339625,1.0
0.7994243432153032,-1.0
0.7994243432153032,1.0
0.8011842654218762,-1.0
0.8011842654218762,1.0
0.8029402103703652,-1.0
0.8029402103703652,1.0
0.8046922629853994,-1.0
0.8046922629853994,1.0
0.8064405061821829,-1.0
0.8064405061821829,1.0
0.8081850209454016,-1.0
0.8081850209454016,1.0
0.8099258864042659,-1.0
0.8099258864042659,1.0
0.8116631799038577,-1.0
0.8116631799038577,1.0
0.8133969770732408,-1.0
0.8133969770732408,1.0
0.8151273518902687,-1.0
0.8151273518902687,1.0
0.8168543767435735,-1.0
0.8168543767435735,1.0
0.818578122491719,-1.0
0.818578122491719,1.0
0.8202986585196228,-1.0
0.8202986585196228,1.0
0.8220160527925211,-1.0
0.8220160527925211,1.0
0.8237303719075173,-1.0
0.8237303719075173,1.0
0.8254416811430346,-1.0
0.8254416811430346,1.0
0.8271500445060834,-1.0
0.8271500445060834,1.0
0.8288555247775845,-1.0
0.8288555247775845,1.0
0.8305581835555903,-1.0
0.8305581835555903,1.0
0.8322580812970213,-1.0
0.8322580812970213,1.0
0.8339552773575712,-1.0
0.8339552773575712,1.0
0.8356498300300464,-1.0
0.8356498300300464,1.0
0.8373417965810169,-1.0
0.8373417965810169,1.0
0.8390312332863297,-1.0
0.8390312332863297,1.0
0.8407181954649917,-1.0
0.8407181954649917,1.0
0.8424027375119035,-1.0
0.8424027375119035,1.0
0.8440849129292436,-1.0
0.8440849129292436,1.0
0.8457647743567658,-1.0
0.8457647743567658,1.0
0.8474423736009968,-1.0
0.8474423736009968,1.0
0.8491177616632986,-1.0
0.8491177616632986,1.0
0.8507909887669531,-1.0
0.8507909887669531,1.0
0.852462104383303,-1.0
0.852462104383303,1.0
0.8541311572570037,-1.0
0.8541311572570037,1.0
0.8557981954302756,-1.0
0.8557981954302756,1.0
0.8574632662665288,-1.0
0.8574632662665288,1.0
0.8591264164730346,-1.0
0.8591264164730346,1.0
0.8607876921229257,-1.0
0.8607876921229257,1.0
0.8624471386764041,-1.0
0.8624471386764041,1.0
0.8641048010014356,-1.0
0.8641048010014356,1.0
0.8657607233935227,-1.0
0.8657607233935227,1.0
0.8674149495950905,-1.0
0.8674149495950905,1.0
0.8690675228141949,-1.0
0.8690675228141949,1.0
0.8707184857426664,-1.0
0.8707184857426664,1.0
0.8723678805736986,-1.0
0.8723678805736986,1.0
0.8740157490189362,-1.0
0.8740157490189362,1.0
0.875662132325098,-1.0
0.875662132325098,1.0
0.8773070712900396,-1.0
0.8773070712900396,1.0
0.878950606278475,-1.0
0.878950606278475,1.0
0.8805927772372656,-1.0
0.8805927772372656,1.0
0.8822336237101418,-1.0
0.8822336237101418,1.0
0.8838731848522865,-1.0
0.8838731848522865,1.0
0.8855114994443692,-1.0
0.8855114994443692,1.0
0.8871486059062349,-1.0
0.8871486059062349,1.0
0.8887845423103449,-1.0
0.8887845423103449,1.0
0.8904193463947602,-1.0
0.8904193463947602,1.0
0.8920530555760129,-1.0
0.8920530555760129,1.0
0.8936857069614641,-1.0
0.8936857069614641,1.0
0.8953173373615455,-1.0
0.8953173373615455,1.0
0.8969479833016704,-1.0
0.8969479833016704,1.0
0.8985776810338623,-1.0
0.8985776810338623,1.0
0.900206466548211,-1.0
0.900206466548211,1.0
0.9018343755840491,-1.0
0.9018343755840491,1.0
0.9034614436409525,-1.0
0.9034614436409525,1.0
0.9050877059894613,-1.0
0.9050877059894613,1.0
0.9067131976816603,-1.0
0.9067131976816603,1.0
0.9083379535616075,-1.0
0.9083379535616075,1.0
0.9099620082755044,-1.0
0.9099620082755044,1.0
0.9115853962817502,-1.0
0.9115853962817502,1.0
0.9132081518608022,-1.0
0.9132081518608022,1.0
0.914830309124948,-1.0
0.914830309124948,1.0
0.9164519020278679,-1.0
0.9164519020278679,1.0
0.9180729643741514,-1.0
0.9180729643741514,1.0
0.919693529828611,-1.0
0.919693529828611,1.0
0.9213136319254812,-1.0
0.9213136319254812,1.0
0.9229333040776283,-1.0
0.9229333040776283,1.0
0.9245525795854725,-1.0
0.9245525795854725,1.0
0.9261714916460251,-1.0
0.9261714916460251,1.0
0.9277900733616607,-1.0
0.9277900733616607,1.0
0.9294083577489363,-1.0
0.9294083577489363,1.0
0.9310263777473038,-1.0
0.9310263777473038,1.0
0.9326441662277195,-1.0
0.9326441662277195,1.0
0.9342617560012989,-1.0
0.9342617560012989,1.0
0.9358791798278167,-1.0
0.9358791798278167,1.0
0.9374964704242046,-1.0
0.9374964704242046,1.0
0.9391136604730569,-1.0
0.9391136604730569,1.0
0.9407307826310279,-1.0
0.9407307826310279,1.0
0.9423478695373032,-1.0
0.9423478695373032,1.0
0.9439649538220279,-1.0
0.9439649538220279,1.0
0.9455820681146119,-1.0
0.9455820681146119,1.0
0.9471992450522198,-1.0
0.9471992450522198,1.0
0.9488165172881499,-1.0
0.9488165172881499,1.0
0.950433917500275,-1.0
0.950433917500275,1.0
0.9520514783994325,-1.0
0.9520514783994325,1.0
0.9536692327379234,-1.0
0.9536692327379234,1.0
0.9552872133180178,-1.0
0.9552872133180178,1.0
0.9569054530005335,-1.0
0.9569054530005335,1.0
0.9585239847132768,-1.0
0.9585239847132768,1.0
0.960142841459842,-1.0
0.960142841459842,1.0
0.9617620563282816,-1.0
0.9617620563282816,1.0
0.9633816624997452,-1.0
0.9633816624997452,1.0
0.9650016932574718,-1.0
0.9650016932574718,1.0
0.9666221819956267,-1.0
0.9666221819956267,1.0
0.9682431622283045,-1.0
0.9682431622283045,1.0
0.9698646675987792,-1.0
0.9698646675987792,1.0
0.9714867318884832,-1.0
0.9714867318884832,1.0
0.9731093890265499,-1.0
0.9731093890265499,1.0
0.9747326730991104,-1.0
0.9747326730991104,1.0
0.9763566183589434,-1.0
0.9763566183589434,1.0
0.9779812592352122,-1.0
0.9779812592352122,1.0
0.9796066303432769,-1.0
0.9796066303432769,1.0
0.9812327664947055,-1.0
0.9812327664947055,1.0
0.9828597027074327,-1.0
0.9828597027074327,1.0
0.9844874742162053,-1.0
0.9844874742162053,1.0
0.9861161164831064,-1.0
0.9861161164831064,1.0
0.9877456652081807,-1.0
0.9877456652081807,1.0
0.9893761563404642,-1.0
0.9893761563404642,1.0
0.991007626089127,-1.0
0.991007626089127,1.0
0.992640110934887,-1.0
0.992640110934887,1.0
0.9942736476415285,-1.0
0.9942736476415285,1.0
0.9959082732679729,-1.0
0.9959082732679729,1.0
0.9975440251801508,-1.0
0.9975440251801508,1.0
0.9991809410636612,-1.0
0.9991809410636612,1.0
1.0,-1.0
1.0,-0.9987507378944532
1.0,-0.9962490842048525
1.0,-0.9937442812574847
1.0,-0.9912363091228261
1.0,-0.9887251476431028
1.0,-0.9862107764286494
1.0,-0.9836931748539436
1.0,-0.9811723220536195
1.0,-0.9786481969184786
1.0,-0.9761207780913268
1.0,-0.9735900439626628
1.0,-0.9710559726665478
1.0,-0.9685185420759989
1.0,-0.9659777297985915
1.0,-0.9634335131717037
1.0,-0.9608858692578749
1.0,-0.9583347748399675
1.0,-0.9557802064161938
1.0,-0.9532221401949853
1.0,-0.950660552089885
1.0,-0.9480954177142502
1.0,-0.9455267123758405
1.0,-0.9429544110710101
1.0,-0.9403784884793429
1.0,-0.9377989189576703
1.0,-0.9352156765339866
1.0,-0.9326287349015535
1.0,-0.9300380674124682
1.0,-0.927443647071254
1.0,-0.9248454465282652
1.0,-0.9222434380730768
1.0,-0.9196375936273399
1.0,-0.9170278847379532
1.0,-0.9144142825695414
1.0,-0.9117967578970719
1.0,-0.9091752810982819
1.0,-0.9065498221457786
1.0,-0.9039203505989313
1.0,-0.9012868355957923
1.0,-0.8986492458443297
1.0,-0.8960075496139596
1.0,-0.8933617147265318
1.0,-0.8907117085471986
1.0,-0.8880574979748486
1.0,-0.8853990494324853
1.0,-0.8827363288575002
1.0,-0.8800693016910894
1.0,-0.877397932868044
1.0,-0.8747221868058144
1.0,-0.8720420273934518
1.0,-0.869357417980193
1.0,-0.8666683213636805
1.0,-0.8639746997780223
1.0,-0.8612765148812758
1.0,-0.8585737277426179
1.0,-0.8558662988293276
1.0,-0.8531541879931426
1.0,-0.8504373544563785
1.0,-0.8477157567975764
1.0,-0.8449893529366906
1.0,-0.8422581001198005
1.0,-0.8395219549035404
1.0,-0.8367808731388408
1.0,-0.8340348099542518
1.0,-0.8312837197387581
1.0,-0.8285275561240771
1.0,-0.8257662719663136
1.0,-0.8229998193270488
1.0,-0.8202281494539135
1.0,-0.8174512127604947
1.0,-0.8146689588054984
1.0,-0.8118813362713563
1.0,-0.8090882929419577
1.0,-0.8062897756799473
1.0,-0.8034857304028217
1.0,-0.800676102058614
1.0,-0.7978608346006076
1.0,-0.7950398709609996
1.0,-0.7922131530239446
1.0,-0.7893806215975232
1.0,-0.7865422163846717
1.0,-0.7836978759531382
1.0,-0.7808475377043528
1.0,-0.7779911378411923
1.0,-0.7751286113345716
1.0,-0.7722598918886464
1.0,-0.7693849119050171
1.0,-0.7665036024454105
1.0,-0.7636158931928436
1.0,-0.7607217124116241
1.0,-0.7578209869055058
1.0,-0.7549136419743402
1.0,-0.7519996013691114
1.0,-0.749078787245071
1.0,-0.74615112011306
1.0,-0.7432165187888186
1.0,-0.7402749003402614
1.0,-0.7373261800327235
1.0,-0.7343702712716493
1.0,-0.7314070855431601
1.0,-0.7284365323519607
1.0,-0.7254585191565666
1.0,-0.7224729513018731
1.0,-0.7194797319486973
1.0,-0.716478762000191
1.0,-0.7134699400250905
1.0,-0.7104531621773186
1.0,-0.7074283221121466
1.0,-0.7043953108984209
1.0,-0.70135401692665
1.0,-0.6983043258128616
1.0,-0.695246120297865
1.0,-0.692179280141694
1.0,-0.6891036820128129
1.0,-0.6860191993720782
1.0,-0.6829257023508126
1.0,-0.6798230576226864
1.0,-0.6767111282691914
1.0,-0.6735897736381927
1.0,-0.6704588491950016
1.0,-0.6673182063656584
1.0,-0.6641676923718075
1.0,-0.661007150056667
1.0,-0.6578364177014404
1.0,-0.6546553288315532
1.0,-0.6514637120118946
1.0,-0.648261390630435
1.0,-0.6450481826694819
1.0,-0.6418239004631977
1.0,-0.6385883504410128
1.0,-0.6353413328553728
1.0,-0.6320826414930408
1.0,-0.6288120633682405
1.0,-0.6255293783966734
1.0,-0.622234359048643
1.0,-0.618926769979639
1.0,-0.6156063676366388
1.0,-0.6122728998380191
1.0,-0.6089261053249501
1.0,-0.6055657132817395
1.0,-0.602191442822502
1.0,-0.5988030024412302
1.0,-0.595400089421785
1.0,-0.5919823892044112
1.0,-0.5885495747045036
1.0,-0.5851013055793496
1.0,-0.5816372274375361
1.0,-0.5781569709856305
1.0,-0.5746601511058476
1.0,-0.5711463658574625
1.0,-0.5676151953944184
1.0,-0.5640662007897388
1.0,-0.5604989227571651
1.0,-0.5569128802583541
1.0,-0.5533075689826524
1.0,-0.5496824596851277
1.0,-0.546036996365729
1.0,-0.5423705942705734
1.0,-0.5386826376934658
1.0,-0.5349724775522738
1.0,-0.5312394287108361
1.0,-0.5274827670129901
1.0,-0.5237017259890868
1.0,-0.5198954931893478
1.0,-0.5160632060902319
1.0,-0.5122039475108189
1.0,-0.5083167404645416
1.0,-0.5044005423580221
1.0,-0.5004542384310815
1.0,-0.4964766343119098
1.0,-0.4924664475348708
1.0,-0.4884222978363212
1.0,-0.48434269600353286
1.0,-0.4802260310001372
1.0,-0.47607055502696605
1.0,-0.47187436609309863
1.0,-0.46763538756346074
1.0,-0.4633513440074395
1.0,-0.45901973248567385
1.0,-0.45463778816021133
1.0,-0.4502024427748378
1.0,-0.44571027408461217
1.0,-0.44115744366616044
1.0,-0.4365396196212735
1.0,-0.4318518793646963
1.0,-0.4270885857475248
1.0,-0.4222432268544044
1.0,-0.4173082053365008
1.0,-0.41227455606381797
1.0,-0.4071315593308671
1.0,-0.4018661973091176
1.0,-0.39646236694349085
1.0,-0.3908996984645319
1.0,-0.38515170248342545
1.0,-0.37918270079513805
1.0,-0.3729423720749525
1.0,-0.3663551018742149
1.0,-0.3592962162232973
1.0,-0.3515267147598567
1.0,-0.3424300240466009
1.0,-0.33333333333333337
1.0,-0.3098429680633037
1.0,-0.292646817114302
1.0,-0.2776075710287188
1.0,-0.2638181568227141
1.0,-0.25088729346865085
1.0,-0.2386004649284404
1.0,-0.22682370104807095
1.0,-0.2154660918331775
1.0,-0.20446227803946257
1.0,-0.19376322309766322
1.0,-0.18333090995168863
1.0,-0.1731350872977517
1.0,-0.16315116804456617
1.0,-0.1533588145606482
1.0,-0.1437409531706104
1.0,-0.13428306769668003
1.0,-0.12497268051702069
1.0,-0.11579896325830409
1.0,-0.1067524393330806
1.0,-0.09782475295898918
1.0,-0.08900848721949549
1.0,-0.08029701891398976
1.0,-0.07168440142403201
1.0,-0.06316526920526486
1.0,-0.05473475917775891
1.0,-0.04638844546867444
1.0,-0.03812228481304486
1.0,-0.02993257054176444
1.0,-0.021815893547837
1.0,-0.013769108968483093
1.0,-0.005789307583540496
1.0,0.0021262088680070183
1.0,0.009979949095742707
1.0,0.017774250910555865
1.0,0.025511297547517443
1.0,0.03319313200813664
1.0,0.040821669710646935
1.0,0.04839870968824124
1.0,0.055925944535738625
1.0,0.06340496927305582
1.0,0.0708372892675633
1.0,0.07822432733576047
1.0,0.08556743012679195
1.0,0.09286787387543494
1.0,0.10012686959974638
1.0,0.10734556780812211
1.0,0.1145250627717265
1.0,0.12166639641081428
1.0,0.1287705618371518
1.0,0.13583850658936353
1.0,0.14287113559342954
1.0,0.1498693138766128
1.0,0.1568338690596951
1.0,0.16376559364947285
1.0,0.17066524715092116
1.0,0.17753355801622936
1.0,0.1843712254459963
1.0,0.19117892105619397
1.0,0.19795729042304486
1.0,0.20470695451667006
1.0,0.21142851103323682
1.0,0.21812253563433903
1.0,0.2247895831014588
1.0,0.2314301884125848
1.0,0.23804486774737157
1.0,0.24463411942660418
1.0,0.2511984247911952
1.0,0.25773824902545145
1.0,0.2642540419289073
1.0,0.27074623864063846
1.0,0.27721526031962057
1.0,0.28366151478437707
1.0,0.2900853971148873
1.0,0.29648729021946674
1.0,0.30286756536910325
1.0,0.30922658270152814
1.0,0.3155646916971058
1.0,0.3218822316284747
1.0,0.3281795319856918
1.0,0.33445691287851453
1.0,0.34071468541732775
1.0,0.34695315207408306
1.0,0.3531726070245398
1.0,0.35937333647299147
1.0,0.36555561896056715
1.0,0.371719725658121
1.0,0.37786592064465385
1.0,0.3839944611721442
1.0,0.3901055979175855
1.0,0.3961995752229983
1.0,0.40227663132411184
1.0,0.4083369985683614
1.0,0.41438090362283175
1.0,0.4204085676726921
1.0,0.42642020661066193
1.0,0.4324160312180101
1.0,0.4383962473375356
1.0,0.44436105603897824
1.0,0.45031065377725876
1.0,0.4562452325439195
1.0,0.4621649800121361
1.0,0.4680700796756379
1.0,0.47396071098182635
1.0,0.4798370494594075
1.0,0.48569926684082243
1.0,0.4915475311797066
1.0,0.49738200696364604
1.0,0.5032028552224657
1.0,0.5090102336322466
1.0,0.5148042966152919
1.0,0.5205851954362338
1.0,0.5263530782944589
1.0,0.5321080904130331
1.0,0.5378503741242705
1.0,0.5435800689521286
1.0,0.5492973116915523
1.0,0.5550022364849039
1.0,0.5606949748956338
1.0,0.566375655979282
1.0,0.5720444063519556
1.0,0.5777013502563816
1.0,0.5833466096256356
1.0,0.588980304144647
1.0,0.5946025513095922
1.0,0.6002134664852475
1.0,0.6058131629603773
1.0,0.6114017520012838
1.0,0.6169793429035423
1.0,0.6225460430420194
1.0,0.6281019579192607
1.0,0.6336471912122884
1.0,0.6391818448178654
1.0,0.6447060188963245
1.0,0.6502198119139989
1.0,0.655723320684282
1.0,0.6612166404074169
1.0,0.6666998647090406
1.0,0.6721730856775218
1.0,0.6776363939001554
1.0,0.6830898784982554
1.0,0.688533627161177
1.0,0.6939677261793172
1.0,0.6993922604761209
1.0,0.7048073136391437
1.0,0.7102129679501897
1.0,0.7156093044145785
1.0,0.7209964027895605
1.0,0.7263743416118831
1.0,0.7317431982245944
1.0,0.7371030488030765
1.0,0.7424539683803515
1.0,0.7477960308716479
1.0,0.7531293090982911
1.0,0.7584538748109514
1.0,0.763769798712222
1.0,0.7690771504785889
1.0,0.7743759987818137
1.0,0.7796664113097174
1.0,0.7849484547864147
1.0,0.7902221949920188
1.0,0.7954876967818044
1.0,0.800745024104876
1.0,0.8059942400223356
1.0,0.8112354067250074
1.0,0.8164685855506556
1.0,0.821693837000772
1.0,0.8269112207569882
1.0,0.8321207956970023
1.0,0.8373226199101224
1.0,0.8425167507124469
1.0,0.8477032446616186
1.0,0.8528821575712418
1.0,0.8580535445249511
1.0,0.8632174598901102
1.0,0.8683739573312128
1.0,0.873523089822909
1.0,0.8786649096627255
1.0,0.8837994684835203
1.0,0.8889268172656235
1.0,0.8940470063486655
1.0,0.8991600854431614
1.0,0.9042661036417822
1.0,0.9093651094303926
1.0,0.9144571506988453
1.0,0.9195422747514772
1.0,0.9246205283174069
1.0,0.929691957560588
1.0,0.9347566080896343
1.0,0.9398145249674078
1.0,0.9448657527203828
1.0,0.949910335347852
1.0,0.9549483163309005
1.0,0.9599797386411463
1.0,0.965004644749327
1.0,0.9700230766336879
1.0,0.9750350757882085
1.0,0.9800406832306168
1.0,0.9850399395102288
1.0,0.9900328847156253
1.0,0.9950195584822555
1.0,1.0
