dx_1
-0.75,0.85,-0.65,-0.45,-0.55,0.65
-0.75,0.85,-0.65,-0.45,-0.55,0.66
-0.75,0.85,-0.65,-0.45,-0.54,0.65
-0.75,0.85,-0.65,-0.45,-0.54,0.66
-0.75,0.85,-0.65,-0.44,-0.55,0.65
-0.75,0.85,-0.65,-0.44,-0.55,0.66
-0.75,0.85,-0.65,-0.44,-0.54,0.65
-0.75,0.85,-0.65,-0.44,-0.54,0.66
-0.75,0.85,-0.648750000000006,-0.45,-0.55,0.65
-0.75,0.85,-0.648750000000006,-0.45,-0.55,0.66
-0.75,0.85,-0.648750000000006,-0.45,-0.54,0.65
-0.75,0.85,-0.648750000000006,-0.45,-0.54,0.66
-0.75,0.85,-0.648750000000006,-0.44,-0.55,0.65
-0.75,0.85,-0.648750000000006,-0.44,-0.55,0.66
-0.75,0.85,-0.648750000000006,-0.44,-0.54,0.65
-0.75,0.85,-0.648750000000006,-0.44,-0.54,0.66
-0.75,0.85,-0.6487499999999975,-0.45,-0.55,0.65
-0.75,0.85,-0.6487499999999975,-0.45,-0.55,0.66
-0.75,0.85,-0.6487499999999975,-0.45,-0.54,0.65
-0.75,0.85,-0.6487499999999975,-0.45,-0.54,0.66
-0.75,0.85,-0.6487499999999975,-0.44,-0.55,0.65
-0.75,0.85,-0.6487499999999975,-0.44,-0.55,0.66
-0.75,0.85,-0.6487499999999975,-0.44,-0.54,0.65
-0.75,0.85,-0.6487499999999975,-0.44,-0.54,0.66
-0.75,0.85,-0.6487499999999938,-0.45,-0.55,0.65
-0.75,0.85,-0.6487499999999938,-0.45,-0.55,0.66
-0.75,0.85,-0.6487499999999938,-0.45,-0.54,0.65
-0.75,0.85,-0.6487499999999938,-0.45,-0.54,0.66
-0.75,0.85,-0.6487499999999938,-0.44,-0.55,0.65
-0.75,0.85,-0.6487499999999938,-0.44,-0.55,0.66
-0.75,0.85,-0.6487499999999938,-0.44,-0.54,0.65
-0.75,0.85,-0.6487499999999938,-0.44,-0.54,0.66
-0.75,0.85,-0.6487499999999846,-0.45,-0.55,0.65
-0.75,0.85,-0.6487499999999846,-0.45,-0.55,0.66
-0.75,0.85,-0.6487499999999846,-0.45,-0.54,0.65
-0.75,0.85,-0.6487499999999846,-0.45,-0.54,0.66
-0.75,0.85,-0.6487499999999846,-0.44,-0.55,0.65
-0.75,0.85,-0.6487499999999846,-0.44,-0.55,0.66
-0.75,0.85,-0.6487499999999846,-0.44,-0.54,0.65
-0.75,0.85,-0.6487499999999846,-0.44,-0.54,0.66
-0.75,0.85,-0.648,-0.45,-0.55,0.65
-0.75,0.85,-0.648,-0.45,-0.55,0.66
-0.75,0.85,-0.648,-0.45,-0.54,0.65
-0.75,0.85,-0.648,-0.45,-0.54,0.66
-0.75,0.85,-0.648,-0.44,-0.55,0.65
-0.75,0.85,-0.648,-0.44,-0.55,0.66
-0.75,0.85,-0.648,-0.44,-0.54,0.65
-0.75,0.85,-0.648,-0.44,-0.54,0.66
-0.75,0.85,-0.6462500000000013,-0.45,-0.55,0.65
-0.75,0.85,-0.6462500000000013,-0.45,-0.55,0.66
-0.75,0.85,-0.6462500000000013,-0.45,-0.54,0.65
-0.75,0.85,-0.6462500000000013,-0.45,-0.54,0.66
-0.75,0.85,-0.6462500000000013,-0.44,-0.55,0.65
-0.75,0.85,-0.6462500000000013,-0.44,-0.55,0.66
-0.75,0.85,-0.6462500000000013,-0.44,-0.54,0.65
-0.75,0.85,-0.6462500000000013,-0.44,-0.54,0.66
-0.75,0.85,-0.6462499999999951,-0.45,-0.55,0.65
-0.75,0.85,-0.6462499999999951,-0.45,-0.55,0.66
-0.75,0.85,-0.6462499999999951,-0.45,-0.54,0.65
-0.75,0.85,-0.6462499999999951,-0.45,-0.54,0.66
-0.75,0.85,-0.6462499999999951,-0.44,-0.55,0.65
-0.75,0.85,-0.6462499999999951,-0.44,-0.55,0.66
-0.75,0.85,-0.6462499999999951,-0.44,-0.54,0.65
-0.75,0.85,-0.6462499999999951,-0.44,-0.54,0.66
-0.75,0.85,-0.646249999999987,-0.45,-0.55,0.65
-0.75,0.85,-0.646249999999987,-0.45,-0.55,0.66
-0.75,0.85,-0.646249999999987,-0.45,-0.54,0.65
-0.75,0.85,-0.646249999999987,-0.45,-0.54,0.66
-0.75,0.85,-0.646249999999987,-0.44,-0.55,0.65
-0.75,0.85,-0.646249999999987,-0.44,-0.55,0.66
-0.75,0.85,-0.646249999999987,-0.44,-0.54,0.65
-0.75,0.85,-0.646249999999987,-0.44,-0.54,0.66
-0.75,0.85,-0.6462499999999739,-0.45,-0.55,0.65
-0.75,0.85,-0.6462499999999739,-0.45,-0.55,0.66
-0.75,0.85,-0.6462499999999739,-0.45,-0.54,0.65
-0.75,0.85,-0.6462499999999739,-0.45,-0.54,0.66
-0.75,0.85,-0.6462499999999739,-0.44,-0.55,0.65
-0.75,0.85,-0.6462499999999739,-0.44,-0.55,0.66
-0.75,0.85,-0.6462499999999739,-0.44,-0.54,0.65
-0.75,0.85,-0.6462499999999739,-0.44,-0.54,0.66
-0.75,0.85,-0.646,-0.45,-0.55,0.65
-0.75,0.85,-0.646,-0.45,-0.55,0.66
-0.75,0.85,-0.646,-0.45,-0.54,0.65
-0.75,0.85,-0.646,-0.45,-0.54,0.66
-0.75,0.85,-0.646,-0.44,-0.55,0.65
-0.75,0.85,-0.646,-0.44,-0.55,0.66
-0.75,0.85,-0.646,-0.44,-0.54,0.65
-0.75,0.85,-0.646,-0.44,-0.54,0.66
-0.75,0.85,-0.644,-0.45,-0.55,0.65
-0.75,0.85,-0.644,-0.45,-0.55,0.66
-0.75,0.85,-0.644,-0.45,-0.54,0.65
-0.75,0.85,-0.644,-0.45,-0.54,0.66
-0.75,0.85,-0.644,-0.44,-0.55,0.65
-0.75,0.85,-0.644,-0.44,-0.55,0.66
-0.75,0.85,-0.644,-0.44,-0.54,0.65
-0.75,0.85,-0.644,-0.44,-0.54,0.66
-0.75,0.85,-0.6437500000000044,-0.45,-0.55,0.65
-0.75,0.85,-0.6437500000000044,-0.45,-0.55,0.66
-0.75,0.85,-0.6437500000000044,-0.45,-0.54,0.65
-0.75,0.85,-0.6437500000000044,-0.45,-0.54,0.66
-0.75,0.85,-0.6437500000000044,-0.44,-0.55,0.65
-0.75,0.85,-0.6437500000000044,-0.44,-0.55,0.66
-0.75,0.85,-0.6437500000000044,-0.44,-0.54,0.65
-0.75,0.85,-0.6437500000000044,-0.44,-0.54,0.66
-0.75,0.85,-0.6437499999999875,-0.45,-0.55,0.65
-0.75,0.85,-0.6437499999999875,-0.45,-0.55,0.66
-0.75,0.85,-0.6437499999999875,-0.45,-0.54,0.65
-0.75,0.85,-0.6437499999999875,-0.45,-0.54,0.66
-0.75,0.85,-0.6437499999999875,-0.44,-0.55,0.65
-0.75,0.85,-0.6437499999999875,-0.44,-0.55,0.66
-0.75,0.85,-0.6437499999999875,-0.44,-0.54,0.65
-0.75,0.85,-0.6437499999999875,-0.44,-0.54,0.66
-0.75,0.85,-0.6437499999999418,-0.45,-0.55,0.65
-0.75,0.85,-0.6437499999999418,-0.45,-0.55,0.66
-0.75,0.85,-0.6437499999999418,-0.45,-0.54,0.65
-0.75,0.85,-0.6437499999999418,-0.45,-0.54,0.66
-0.75,0.85,-0.6437499999999418,-0.44,-0.55,0.65
-0.75,0.85,-0.6437499999999418,-0.44,-0.55,0.66
-0.75,0.85,-0.6437499999999418,-0.44,-0.54,0.65
-0.75,0.85,-0.6437499999999418,-0.44,-0.54,0.66
-0.75,0.85,-0.6437499999998718,-0.45,-0.55,0.65
-0.75,0.85,-0.6437499999998718,-0.45,-0.55,0.66
-0.75,0.85,-0.6437499999998718,-0.45,-0.54,0.65
-0.75,0.85,-0.6437499999998718,-0.45,-0.54,0.66
-0.75,0.85,-0.6437499999998718,-0.44,-0.55,0.65
-0.75,0.85,-0.6437499999998718,-0.44,-0.55,0.66
-0.75,0.85,-0.6437499999998718,-0.44,-0.54,0.65
-0.75,0.85,-0.6437499999998718,-0.44,-0.54,0.66
-0.75,0.85,-0.642,-0.45,-0.55,0.65
-0.75,0.85,-0.642,-0.45,-0.55,0.66
-0.75,0.85,-0.642,-0.45,-0.54,0.65
-0.75,0.85,-0.642,-0.45,-0.54,0.66
-0.75,0.85,-0.642,-0.44,-0.55,0.65
-0.75,0.85,-0.642,-0.44,-0.55,0.66
-0.75,0.85,-0.642,-0.44,-0.54,0.65
-0.75,0.85,-0.642,-0.44,-0.54,0.66
-0.75,0.85,-0.6412499999999999,-0.45,-0.55,0.65
-0.75,0.85,-0.6412499999999999,-0.45,-0.55,0.66
-0.75,0.85,-0.6412499999999999,-0.45,-0.54,0.65
-0.75,0.85,-0.6412499999999999,-0.45,-0.54,0.66
-0.75,0.85,-0.6412499999999999,-0.44,-0.55,0.65
-0.75,0.85,-0.6412499999999999,-0.44,-0.55,0.66
-0.75,0.85,-0.6412499999999999,-0.44,-0.54,0.65
-0.75,0.85,-0.6412499999999999,-0.44,-0.54,0.66
-0.75,0.85,-0.6412499999999983,-0.45,-0.55,0.65
-0.75,0.85,-0.6412499999999983,-0.45,-0.55,0.66
-0.75,0.85,-0.6412499999999983,-0.45,-0.54,0.65
-0.75,0.85,-0.6412499999999983,-0.45,-0.54,0.66
-0.75,0.85,-0.6412499999999983,-0.44,-0.55,0.65
-0.75,0.85,-0.6412499999999983,-0.44,-0.55,0.66
-0.75,0.85,-0.6412499999999983,-0.44,-0.54,0.65
-0.75,0.85,-0.6412499999999983,-0.44,-0.54,0.66
-0.75,0.85,-0.641249999999991,-0.45,-0.55,0.65
-0.75,0.85,-0.641249999999991,-0.45,-0.55,0.66
-0.75,0.85,-0.641249999999991,-0.45,-0.54,0.65
-0.75,0.85,-0.641249999999991,-0.45,-0.54,0.66
-0.75,0.85,-0.641249999999991,-0.44,-0.55,0.65
-0.75,0.85,-0.641249999999991,-0.44,-0.55,0.66
-0.75,0.85,-0.641249999999991,-0.44,-0.54,0.65
-0.75,0.85,-0.641249999999991,-0.44,-0.54,0.66
-0.75,0.85,-0.6412499999999774,-0.45,-0.55,0.65
-0.75,0.85,-0.6412499999999774,-0.45,-0.55,0.66
-0.75,0.85,-0.6412499999999774,-0.45,-0.54,0.65
-0.75,0.85,-0.6412499999999774,-0.45,-0.54,0.66
-0.75,0.85,-0.6412499999999774,-0.44,-0.55,0.65
-0.75,0.85,-0.6412499999999774,-0.44,-0.55,0.66
-0.75,0.85,-0.6412499999999774,-0.44,-0.54,0.65
-0.75,0.85,-0.6412499999999774,-0.44,-0.54,0.66
-0.75,0.85,-0.64,-0.45,-0.55,0.65
-0.75,0.85,-0.64,-0.45,-0.55,0.66
-0.75,0.85,-0.64,-0.45,-0.54,0.65
-0.75,0.85,-0.64,-0.45,-0.54,0.66
-0.75,0.85,-0.64,-0.44,-0.55,0.65
-0.75,0.85,-0.64,-0.44,-0.55,0.66
-0.75,0.85,-0.64,-0.44,-0.54,0.65
-0.75,0.85,-0.64,-0.44,-0.54,0.66
-0.75,0.851249999999978,-0.65,-0.45,-0.55,0.65
-0.75,0.851249999999978,-0.65,-0.45,-0.55,0.66
-0.75,0.851249999999978,-0.65,-0.45,-0.54,0.65
-0.75,0.851249999999978,-0.65,-0.45,-0.54,0.66
-0.75,0.851249999999978,-0.65,-0.44,-0.55,0.65
-0.75,0.851249999999978,-0.65,-0.44,-0.55,0.66
-0.75,0.851249999999978,-0.65,-0.44,-0.54,0.65
-0.75,0.851249999999978,-0.65,-0.44,-0.54,0.66
-0.75,0.851249999999978,-0.64,-0.45,-0.55,0.65
-0.75,0.851249999999978,-0.64,-0.45,-0.55,0.66
-0.75,0.851249999999978,-0.64,-0.45,-0.54,0.65
-0.75,0.851249999999978,-0.64,-0.45,-0.54,0.66
-0.75,0.851249999999978,-0.64,-0.44,-0.55,0.65
-0.75,0.851249999999978,-0.64,-0.44,-0.55,0.66
-0.75,0.851249999999978,-0.64,-0.44,-0.54,0.65
-0.75,0.851249999999978,-0.64,-0.44,-0.54,0.66
-0.75,0.85125000000001,-0.65,-0.45,-0.55,0.65
-0.75,0.85125000000001,-0.65,-0.45,-0.55,0.66
-0.75,0.85125000000001,-0.65,-0.45,-0.54,0.65
-0.75,0.85125000000001,-0.65,-0.45,-0.54,0.66
-0.75,0.85125000000001,-0.65,-0.44,-0.55,0.65
-0.75,0.85125000000001,-0.65,-0.44,-0.55,0.66
-0.75,0.85125000000001,-0.65,-0.44,-0.54,0.65
-0.75,0.85125000000001,-0.65,-0.44,-0.54,0.66
-0.75,0.85125000000001,-0.64,-0.45,-0.55,0.65
-0.75,0.85125000000001,-0.64,-0.45,-0.55,0.66
-0.75,0.85125000000001,-0.64,-0.45,-0.54,0.65
-0.75,0.85125000000001,-0.64,-0.45,-0.54,0.66
-0.75,0.85125000000001,-0.64,-0.44,-0.55,0.65
-0.75,0.85125000000001,-0.64,-0.44,-0.55,0.66
-0.75,0.85125000000001,-0.64,-0.44,-0.54,0.65
-0.75,0.85125000000001,-0.64,-0.44,-0.54,0.66
-0.75,0.8512500000000784,-0.65,-0.45,-0.55,0.65
-0.75,0.8512500000000784,-0.65,-0.45,-0.55,0.66
-0.75,0.8512500000000784,-0.65,-0.45,-0.54,0.65
-0.75,0.8512500000000784,-0.65,-0.45,-0.54,0.66
-0.75,0.8512500000000784,-0.65,-0.44,-0.55,0.65
-0.75,0.8512500000000784,-0.65,-0.44,-0.55,0.66
-0.75,0.8512500000000784,-0.65,-0.44,-0.54,0.65
-0.75,0.8512500000000784,-0.65,-0.44,-0.54,0.66
-0.75,0.8512500000000784,-0.64,-0.45,-0.55,0.65
-0.75,0.8512500000000784,-0.64,-0.45,-0.55,0.66
-0.75,0.8512500000000784,-0.64,-0.45,-0.54,0.65
-0.75,0.8512500000000784,-0.64,-0.45,-0.54,0.66
-0.75,0.8512500000000784,-0.64,-0.44,-0.55,0.65
-0.75,0.8512500000000784,-0.64,-0.44,-0.55,0.66
-0.75,0.8512500000000784,-0.64,-0.44,-0.54,0.65
-0.75,0.8512500000000784,-0.64,-0.44,-0.54,0.66
-0.75,0.852,-0.65,-0.45,-0.55,0.65
-0.75,0.852,-0.65,-0.45,-0.55,0.66
-0.75,0.852,-0.65,-0.45,-0.54,0.65
-0.75,0.852,-0.65,-0.45,-0.54,0.66
-0.75,0.852,-0.65,-0.44,-0.55,0.65
-0.75,0.852,-0.65,-0.44,-0.55,0.66
-0.75,0.852,-0.65,-0.44,-0.54,0.65
-0.75,0.852,-0.65,-0.44,-0.54,0.66
-0.75,0.852,-0.64,-0.45,-0.55,0.65
-0.75,0.852,-0.64,-0.45,-0.55,0.66
-0.75,0.852,-0.64,-0.45,-0.54,0.65
-0.75,0.852,-0.64,-0.45,-0.54,0.66
-0.75,0.852,-0.64,-0.44,-0.55,0.65
-0.75,0.852,-0.64,-0.44,-0.55,0.66
-0.75,0.852,-0.64,-0.44,-0.54,0.65
-0.75,0.852,-0.64,-0.44,-0.54,0.66
-0.75,0.85375,-0.65,-0.45,-0.55,0.65
-0.75,0.85375,-0.65,-0.45,-0.55,0.66
-0.75,0.85375,-0.65,-0.45,-0.54,0.65
-0.75,0.85375,-0.65,-0.45,-0.54,0.66
-0.75,0.85375,-0.65,-0.44,-0.55,0.65
-0.75,0.85375,-0.65,-0.44,-0.55,0.66
-0.75,0.85375,-0.65,-0.44,-0.54,0.65
-0.75,0.85375,-0.65,-0.44,-0.54,0.66
-0.75,0.85375,-0.64,-0.45,-0.55,0.65
-0.75,0.85375,-0.64,-0.45,-0.55,0.66
-0.75,0.85375,-0.64,-0.45,-0.54,0.65
-0.75,0.85375,-0.64,-0.45,-0.54,0.66
-0.75,0.85375,-0.64,-0.44,-0.55,0.65
-0.75,0.85375,-0.64,-0.44,-0.55,0.66
-0.75,0.85375,-0.64,-0.44,-0.54,0.65
-0.75,0.85375,-0.64,-0.44,-0.54,0.66
-0.75,0.8537500000000101,-0.65,-0.45,-0.55,0.65
-0.75,0.8537500000000101,-0.65,-0.45,-0.55,0.66
-0.75,0.8537500000000101,-0.65,-0.45,-0.54,0.65
-0.75,0.8537500000000101,-0.65,-0.45,-0.54,0.66
-0.75,0.8537500000000101,-0.65,-0.44,-0.55,0.65
-0.75,0.8537500000000101,-0.65,-0.44,-0.55,0.66
-0.75,0.8537500000000101,-0.65,-0.44,-0.54,0.65
-0.75,0.8537500000000101,-0.65,-0.44,-0.54,0.66
-0.75,0.8537500000000101,-0.64,-0.45,-0.55,0.65
-0.75,0.8537500000000101,-0.64,-0.45,-0.55,0.66
-0.75,0.8537500000000101,-0.64,-0.45,-0.54,0.65
-0.75,0.8537500000000101,-0.64,-0.45,-0.54,0.66
-0.75,0.8537500000000101,-0.64,-0.44,-0.55,0.65
-0.75,0.8537500000000101,-0.64,-0.44,-0.55,0.66
-0.75,0.8537500000000101,-0.64,-0.44,-0.54,0.65
-0.75,0.8537500000000101,-0.64,-0.44,-0.54,0.66
-0.75,0.8537500000000683,-0.65,-0.45,-0.55,0.65
-0.75,0.8537500000000683,-0.65,-0.45,-0.55,0.66
-0.75,0.8537500000000683,-0.65,-0.45,-0.54,0.65
-0.75,0.8537500000000683,-0.65,-0.45,-0.54,0.66
-0.75,0.8537500000000683,-0.65,-0.44,-0.55,0.65
-0.75,0.8537500000000683,-0.65,-0.44,-0.55,0.66
-0.75,0.8537500000000683,-0.65,-0.44,-0.54,0.65
-0.75,0.8537500000000683,-0.65,-0.44,-0.54,0.66
-0.75,0.8537500000000683,-0.64,-0.45,-0.55,0.65
-0.75,0.8537500000000683,-0.64,-0.45,-0.55,0.66
-0.75,0.8537500000000683,-0.64,-0.45,-0.54,0.65
-0.75,0.8537500000000683,-0.64,-0.45,-0.54,0.66
-0.75,0.8537500000000683,-0.64,-0.44,-0.55,0.65
-0.75,0.8537500000000683,-0.64,-0.44,-0.55,0.66
-0.75,0.8537500000000683,-0.64,-0.44,-0.54,0.65
-0.75,0.8537500000000683,-0.64,-0.44,-0.54,0.66
-0.75,0.854,-0.65,-0.45,-0.55,0.65
-0.75,0.854,-0.65,-0.45,-0.55,0.66
-0.75,0.854,-0.65,-0.45,-0.54,0.65
-0.75,0.854,-0.65,-0.45,-0.54,0.66
-0.75,0.854,-0.65,-0.44,-0.55,0.65
-0.75,0.854,-0.65,-0.44,-0.55,0.66
-0.75,0.854,-0.65,-0.44,-0.54,0.65
-0.75,0.854,-0.65,-0.44,-0.54,0.66
-0.75,0.854,-0.64,-0.45,-0.55,0.65
-0.75,0.854,-0.64,-0.45,-0.55,0.66
-0.75,0.854,-0.64,-0.45,-0.54,0.65
-0.75,0.854,-0.64,-0.45,-0.54,0.66
-0.75,0.854,-0.64,-0.44,-0.55,0.65
-0.75,0.854,-0.64,-0.44,-0.55,0.66
-0.75,0.854,-0.64,-0.44,-0.54,0.65
-0.75,0.854,-0.64,-0.44,-0.54,0.66
-0.75,0.856,-0.65,-0.45,-0.55,0.65
-0.75,0.856,-0.65,-0.45,-0.55,0.66
-0.75,0.856,-0.65,-0.45,-0.54,0.65
-0.75,0.856,-0.65,-0.45,-0.54,0.66
-0.75,0.856,-0.65,-0.44,-0.55,0.65
-0.75,0.856,-0.65,-0.44,-0.55,0.66
-0.75,0.856,-0.65,-0.44,-0.54,0.65
-0.75,0.856,-0.65,-0.44,-0.54,0.66
-0.75,0.856,-0.64,-0.45,-0.55,0.65
-0.75,0.856,-0.64,-0.45,-0.55,0.66
-0.75,0.856,-0.64,-0.45,-0.54,0.65
-0.75,0.856,-0.64,-0.45,-0.54,0.66
-0.75,0.856,-0.64,-0.44,-0.55,0.65
-0.75,0.856,-0.64,-0.44,-0.55,0.66
-0.75,0.856,-0.64,-0.44,-0.54,0.65
-0.75,0.856,-0.64,-0.44,-0.54,0.66
-0.75,0.85624999999996,-0.65,-0.45,-0.55,0.65
-0.75,0.85624999999996,-0.65,-0.45,-0.55,0.66
-0.75,0.85624999999996,-0.65,-0.45,-0.54,0.65
-0.75,0.85624999999996,-0.65,-0.45,-0.54,0.66
-0.75,0.85624999999996,-0.65,-0.44,-0.55,0.65
-0.75,0.85624999999996,-0.65,-0.44,-0.55,0.66
-0.75,0.85624999999996,-0.65,-0.44,-0.54,0.65
-0.75,0.85624999999996,-0.65,-0.44,-0.54,0.66
-0.75,0.85624999999996,-0.64,-0.45,-0.55,0.65
-0.75,0.85624999999996,-0.64,-0.45,-0.55,0.66
-0.75,0.85624999999996,-0.64,-0.45,-0.54,0.65
-0.75,0.85624999999996,-0.64,-0.45,-0.54,0.66
-0.75,0.85624999999996,-0.64,-0.44,-0.55,0.65
-0.75,0.85624999999996,-0.64,-0.44,-0.55,0.66
-0.75,0.85624999999996,-0.64,-0.44,-0.54,0.65
-0.75,0.85624999999996,-0.64,-0.44,-0.54,0.66
-0.75,0.8562499999999961,-0.65,-0.45,-0.55,0.65
-0.75,0.8562499999999961,-0.65,-0.45,-0.55,0.66
-0.75,0.8562499999999961,-0.65,-0.45,-0.54,0.65
-0.75,0.8562499999999961,-0.65,-0.45,-0.54,0.66
-0.75,0.8562499999999961,-0.65,-0.44,-0.55,0.65
-0.75,0.8562499999999961,-0.65,-0.44,-0.55,0.66
-0.75,0.8562499999999961,-0.65,-0.44,-0.54,0.65
-0.75,0.8562499999999961,-0.65,-0.44,-0.54,0.66
-0.75,0.8562499999999961,-0.64,-0.45,-0.55,0.65
-0.75,0.8562499999999961,-0.64,-0.45,-0.55,0.66
-0.75,0.8562499999999961,-0.64,-0.45,-0.54,0.65
-0.75,0.8562499999999961,-0.64,-0.45,-0.54,0.66
-0.75,0.8562499999999961,-0.64,-0.44,-0.55,0.65
-0.75,0.8562499999999961,-0.64,-0.44,-0.55,0.66
-0.75,0.8562499999999961,-0.64,-0.44,-0.54,0.65
-0.75,0.8562499999999961,-0.64,-0.44,-0.54,0.66
-0.75,0.8562500000000315,-0.65,-0.45,-0.55,0.65
-0.75,0.8562500000000315,-0.65,-0.45,-0.55,0.66
-0.75,0.8562500000000315,-0.65,-0.45,-0.54,0.65
-0.75,0.8562500000000315,-0.65,-0.45,-0.54,0.66
-0.75,0.8562500000000315,-0.65,-0.44,-0.55,0.65
-0.75,0.8562500000000315,-0.65,-0.44,-0.55,0.66
-0.75,0.8562500000000315,-0.65,-0.44,-0.54,0.65
-0.75,0.8562500000000315,-0.65,-0.44,-0.54,0.66
-0.75,0.8562500000000315,-0.64,-0.45,-0.55,0.65
-0.75,0.8562500000000315,-0.64,-0.45,-0.55,0.66
-0.75,0.8562500000000315,-0.64,-0.45,-0.54,0.65
-0.75,0.8562500000000315,-0.64,-0.45,-0.54,0.66
-0.75,0.8562500000000315,-0.64,-0.44,-0.55,0.65
-0.75,0.8562500000000315,-0.64,-0.44,-0.55,0.66
-0.75,0.8562500000000315,-0.64,-0.44,-0.54,0.65
-0.75,0.8562500000000315,-0.64,-0.44,-0.54,0.66
-0.75,0.858,-0.65,-0.45,-0.55,0.65
-0.75,0.858,-0.65,-0.45,-0.55,0.66
-0.75,0.858,-0.65,-0.45,-0.54,0.65
-0.75,0.858,-0.65,-0.45,-0.54,0.66
-0.75,0.858,-0.65,-0.44,-0.55,0.65
-0.75,0.858,-0.65,-0.44,-0.55,0.66
-0.75,0.858,-0.65,-0.44,-0.54,0.65
-0.75,0.858,-0.65,-0.44,-0.54,0.66
-0.75,0.858,-0.64,-0.45,-0.55,0.65
-0.75,0.858,-0.64,-0.45,-0.55,0.66
-0.75,0.858,-0.64,-0.45,-0.54,0.65
-0.75,0.858,-0.64,-0.45,-0.54,0.66
-0.75,0.858,-0.64,-0.44,-0.55,0.65
-0.75,0.858,-0.64,-0.44,-0.55,0.66
-0.75,0.858,-0.64,-0.44,-0.54,0.65
-0.75,0.858,-0.64,-0.44,-0.54,0.66
-0.75,0.8587499999999849,-0.65,-0.45,-0.55,0.65
-0.75,0.8587499999999849,-0.65,-0.45,-0.55,0.66
-0.75,0.8587499999999849,-0.65,-0.45,-0.54,0.65
-0.75,0.8587499999999849,-0.65,-0.45,-0.54,0.66
-0.75,0.8587499999999849,-0.65,-0.44,-0.55,0.65
-0.75,0.8587499999999849,-0.65,-0.44,-0.55,0.66
-0.75,0.8587499999999849,-0.65,-0.44,-0.54,0.65
-0.75,0.8587499999999849,-0.65,-0.44,-0.54,0.66
-0.75,0.8587499999999849,-0.64,-0.45,-0.55,0.65
-0.75,0.8587499999999849,-0.64,-0.45,-0.55,0.66
-0.75,0.8587499999999849,-0.64,-0.45,-0.54,0.65
-0.75,0.8587499999999849,-0.64,-0.45,-0.54,0.66
-0.75,0.8587499999999849,-0.64,-0.44,-0.55,0.65
-0.75,0.8587499999999849,-0.64,-0.44,-0.55,0.66
-0.75,0.8587499999999849,-0.64,-0.44,-0.54,0.65
-0.75,0.8587499999999849,-0.64,-0.44,-0.54,0.66
-0.75,0.8587500000000186,-0.65,-0.45,-0.55,0.65
-0.75,0.8587500000000186,-0.65,-0.45,-0.55,0.66
-0.75,0.8587500000000186,-0.65,-0.45,-0.54,0.65
-0.75,0.8587500000000186,-0.65,-0.45,-0.54,0.66
-0.75,0.8587500000000186,-0.65,-0.44,-0.55,0.65
-0.75,0.8587500000000186,-0.65,-0.44,-0.55,0.66
-0.75,0.8587500000000186,-0.65,-0.44,-0.54,0.65
-0.75,0.8587500000000186,-0.65,-0.44,-0.54,0.66
-0.75,0.8587500000000186,-0.64,-0.45,-0.55,0.65
-0.75,0.8587500000000186,-0.64,-0.45,-0.55,0.66
-0.75,0.8587500000000186,-0.64,-0.45,-0.54,0.65
-0.75,0.8587500000000186,-0.64,-0.45,-0.54,0.66
-0.75,0.8587500000000186,-0.64,-0.44,-0.55,0.65
-0.75,0.8587500000000186,-0.64,-0.44,-0.55,0.66
-0.75,0.8587500000000186,-0.64,-0.44,-0.54,0.65
-0.75,0.8587500000000186,-0.64,-0.44,-0.54,0.66
-0.75,0.8587500000000224,-0.65,-0.45,-0.55,0.65
-0.75,0.8587500000000224,-0.65,-0.45,-0.55,0.66
-0.75,0.8587500000000224,-0.65,-0.45,-0.54,0.65
-0.75,0.8587500000000224,-0.65,-0.45,-0.54,0.66
-0.75,0.8587500000000224,-0.65,-0.44,-0.55,0.65
-0.75,0.8587500000000224,-0.65,-0.44,-0.55,0.66
-0.75,0.8587500000000224,-0.65,-0.44,-0.54,0.65
-0.75,0.8587500000000224,-0.65,-0.44,-0.54,0.66
-0.75,0.8587500000000224,-0.64,-0.45,-0.55,0.65
-0.75,0.8587500000000224,-0.64,-0.45,-0.55,0.66
-0.75,0.8587500000000224,-0.64,-0.45,-0.54,0.65
-0.75,0.8587500000000224,-0.64,-0.45,-0.54,0.66
-0.75,0.8587500000000224,-0.64,-0.44,-0.55,0.65
-0.75,0.8587500000000224,-0.64,-0.44,-0.55,0.66
-0.75,0.8587500000000224,-0.64,-0.44,-0.54,0.65
-0.75,0.8587500000000224,-0.64,-0.44,-0.54,0.66
-0.75,0.86,-0.65,-0.45,-0.55,0.65
-0.75,0.86,-0.65,-0.45,-0.55,0.66
-0.75,0.86,-0.65,-0.45,-0.54,0.65
-0.75,0.86,-0.65,-0.45,-0.54,0.66
-0.75,0.86,-0.65,-0.44,-0.55,0.65
-0.75,0.86,-0.65,-0.44,-0.55,0.66
-0.75,0.86,-0.65,-0.44,-0.54,0.65
-0.75,0.86,-0.65,-0.44,-0.54,0.66
-0.75,0.86,-0.648750000000006,-0.45,-0.55,0.65
-0.75,0.86,-0.648750000000006,-0.45,-0.55,0.66
-0.75,0.86,-0.648750000000006,-0.45,-0.54,0.65
-0.75,0.86,-0.648750000000006,-0.45,-0.54,0.66
-0.75,0.86,-0.648750000000006,-0.44,-0.55,0.65
-0.75,0.86,-0.648750000000006,-0.44,-0.55,0.66
-0.75,0.86,-0.648750000000006,-0.44,-0.54,0.65
-0.75,0.86,-0.648750000000006,-0.44,-0.54,0.66
-0.75,0.86,-0.6487499999999975,-0.45,-0.55,0.65
-0.75,0.86,-0.6487499999999975,-0.45,-0.55,0.66
-0.75,0.86,-0.6487499999999975,-0.45,-0.54,0.65
-0.75,0.86,-0.6487499999999975,-0.45,-0.54,0.66
-0.75,0.86,-0.6487499999999975,-0.44,-0.55,0.65
-0.75,0.86,-0.6487499999999975,-0.44,-0.55,0.66
-0.75,0.86,-0.6487499999999975,-0.44,-0.54,0.65
-0.75,0.86,-0.6487499999999975,-0.44,-0.54,0.66
-0.75,0.86,-0.6487499999999938,-0.45,-0.55,0.65
-0.75,0.86,-0.6487499999999938,-0.45,-0.55,0.66
-0.75,0.86,-0.6487499999999938,-0.45,-0.54,0.65
-0.75,0.86,-0.6487499999999938,-0.45,-0.54,0.66
-0.75,0.86,-0.6487499999999938,-0.44,-0.55,0.65
-0.75,0.86,-0.6487499999999938,-0.44,-0.55,0.66
-0.75,0.86,-0.6487499999999938,-0.44,-0.54,0.65
-0.75,0.86,-0.6487499999999938,-0.44,-0.54,0.66
-0.75,0.86,-0.6487499999999846,-0.45,-0.55,0.65
-0.75,0.86,-0.6487499999999846,-0.45,-0.55,0.66
-0.75,0.86,-0.6487499999999846,-0.45,-0.54,0.65
-0.75,0.86,-0.6487499999999846,-0.45,-0.54,0.66
-0.75,0.86,-0.6487499999999846,-0.44,-0.55,0.65
-0.75,0.86,-0.6487499999999846,-0.44,-0.55,0.66
-0.75,0.86,-0.6487499999999846,-0.44,-0.54,0.65
-0.75,0.86,-0.6487499999999846,-0.44,-0.54,0.66
-0.75,0.86,-0.648,-0.45,-0.55,0.65
-0.75,0.86,-0.648,-0.45,-0.55,0.66
-0.75,0.86,-0.648,-0.45,-0.54,0.65
-0.75,0.86,-0.648,-0.45,-0.54,0.66
-0.75,0.86,-0.648,-0.44,-0.55,0.65
-0.75,0.86,-0.648,-0.44,-0.55,0.66
-0.75,0.86,-0.648,-0.44,-0.54,0.65
-0.75,0.86,-0.648,-0.44,-0.54,0.66
-0.75,0.86,-0.6462500000000013,-0.45,-0.55,0.65
-0.75,0.86,-0.6462500000000013,-0.45,-0.55,0.66
-0.75,0.86,-0.6462500000000013,-0.45,-0.54,0.65
-0.75,0.86,-0.6462500000000013,-0.45,-0.54,0.66
-0.75,0.86,-0.6462500000000013,-0.44,-0.55,0.65
-0.75,0.86,-0.6462500000000013,-0.44,-0.55,0.66
-0.75,0.86,-0.6462500000000013,-0.44,-0.54,0.65
-0.75,0.86,-0.6462500000000013,-0.44,-0.54,0.66
-0.75,0.86,-0.6462499999999951,-0.45,-0.55,0.65
-0.75,0.86,-0.6462499999999951,-0.45,-0.55,0.66
-0.75,0.86,-0.6462499999999951,-0.45,-0.54,0.65
-0.75,0.86,-0.6462499999999951,-0.45,-0.54,0.66
-0.75,0.86,-0.6462499999999951,-0.44,-0.55,0.65
-0.75,0.86,-0.6462499999999951,-0.44,-0.55,0.66
-0.75,0.86,-0.6462499999999951,-0.44,-0.54,0.65
-0.75,0.86,-0.6462499999999951,-0.44,-0.54,0.66
-0.75,0.86,-0.646249999999987,-0.45,-0.55,0.65
-0.75,0.86,-0.646249999999987,-0.45,-0.55,0.66
-0.75,0.86,-0.646249999999987,-0.45,-0.54,0.65
-0.75,0.86,-0.646249999999987,-0.45,-0.54,0.66
-0.75,0.86,-0.646249999999987,-0.44,-0.55,0.65
-0.75,0.86,-0.646249999999987,-0.44,-0.55,0.66
-0.75,0.86,-0.646249999999987,-0.44,-0.54,0.65
-0.75,0.86,-0.646249999999987,-0.44,-0.54,0.66
-0.75,0.86,-0.6462499999999739,-0.45,-0.55,0.65
-0.75,0.86,-0.6462499999999739,-0.45,-0.55,0.66
-0.75,0.86,-0.6462499999999739,-0.45,-0.54,0.65
-0.75,0.86,-0.6462499999999739,-0.45,-0.54,0.66
-0.75,0.86,-0.6462499999999739,-0.44,-0.55,0.65
-0.75,0.86,-0.6462499999999739,-0.44,-0.55,0.66
-0.75,0.86,-0.6462499999999739,-0.44,-0.54,0.65
-0.75,0.86,-0.6462499999999739,-0.44,-0.54,0.66
-0.75,0.86,-0.646,-0.45,-0.55,0.65
-0.75,0.86,-0.646,-0.45,-0.55,0.66
-0.75,0.86,-0.646,-0.45,-0.54,0.65
-0.75,0.86,-0.646,-0.45,-0.54,0.66
-0.75,0.86,-0.646,-0.44,-0.55,0.65
-0.75,0.86,-0.646,-0.44,-0.55,0.66
-0.75,0.86,-0.646,-0.44,-0.54,0.65
-0.75,0.86,-0.646,-0.44,-0.54,0.66
-0.75,0.86,-0.644,-0.45,-0.55,0.65
-0.75,0.86,-0.644,-0.45,-0.55,0.66
-0.75,0.86,-0.644,-0.45,-0.54,0.65
-0.75,0.86,-0.644,-0.45,-0.54,0.66
-0.75,0.86,-0.644,-0.44,-0.55,0.65
-0.75,0.86,-0.644,-0.44,-0.55,0.66
-0.75,0.86,-0.644,-0.44,-0.54,0.65
-0.75,0.86,-0.644,-0.44,-0.54,0.66
-0.75,0.86,-0.6437500000000044,-0.45,-0.55,0.65
-0.75,0.86,-0.6437500000000044,-0.45,-0.55,0.66
-0.75,0.86,-0.6437500000000044,-0.45,-0.54,0.65
-0.75,0.86,-0.6437500000000044,-0.45,-0.54,0.66
-0.75,0.86,-0.6437500000000044,-0.44,-0.55,0.65
-0.75,0.86,-0.6437500000000044,-0.44,-0.55,0.66
-0.75,0.86,-0.6437500000000044,-0.44,-0.54,0.65
-0.75,0.86,-0.6437500000000044,-0.44,-0.54,0.66
-0.75,0.86,-0.6437499999999875,-0.45,-0.55,0.65
-0.75,0.86,-0.6437499999999875,-0.45,-0.55,0.66
-0.75,0.86,-0.6437499999999875,-0.45,-0.54,0.65
-0.75,0.86,-0.6437499999999875,-0.45,-0.54,0.66
-0.75,0.86,-0.6437499999999875,-0.44,-0.55,0.65
-0.75,0.86,-0.6437499999999875,-0.44,-0.55,0.66
-0.75,0.86,-0.6437499999999875,-0.44,-0.54,0.65
-0.75,0.86,-0.6437499999999875,-0.44,-0.54,0.66
-0.75,0.86,-0.6437499999999418,-0.45,-0.55,0.65
-0.75,0.86,-0.6437499999999418,-0.45,-0.55,0.66
-0.75,0.86,-0.6437499999999418,-0.45,-0.54,0.65
-0.75,0.86,-0.6437499999999418,-0.45,-0.54,0.66
-0.75,0.86,-0.6437499999999418,-0.44,-0.55,0.65
-0.75,0.86,-0.6437499999999418,-0.44,-0.55,0.66
-0.75,0.86,-0.6437499999999418,-0.44,-0.54,0.65
-0.75,0.86,-0.6437499999999418,-0.44,-0.54,0.66
-0.75,0.86,-0.6437499999998718,-0.45,-0.55,0.65
-0.75,0.86,-0.6437499999998718,-0.45,-0.55,0.66
-0.75,0.86,-0.6437499999998718,-0.45,-0.54,0.65
-0.75,0.86,-0.6437499999998718,-0.45,-0.54,0.66
-0.75,0.86,-0.6437499999998718,-0.44,-0.55,0.65
-0.75,0.86,-0.6437499999998718,-0.44,-0.55,0.66
-0.75,0.86,-0.6437499999998718,-0.44,-0.54,0.65
-0.75,0.86,-0.6437499999998718,-0.44,-0.54,0.66
-0.75,0.86,-0.642,-0.45,-0.55,0.65
-0.75,0.86,-0.642,-0.45,-0.55,0.66
-0.75,0.86,-0.642,-0.45,-0.54,0.65
-0.75,0.86,-0.642,-0.45,-0.54,0.66
-0.75,0.86,-0.642,-0.44,-0.55,0.65
-0.75,0.86,-0.642,-0.44,-0.55,0.66
-0.75,0.86,-0.642,-0.44,-0.54,0.65
-0.75,0.86,-0.642,-0.44,-0.54,0.66
-0.75,0.86,-0.6412499999999999,-0.45,-0.55,0.65
-0.75,0.86,-0.6412499999999999,-0.45,-0.55,0.66
-0.75,0.86,-0.6412499999999999,-0.45,-0.54,0.65
-0.75,0.86,-0.6412499999999999,-0.45,-0.54,0.66
-0.75,0.86,-0.6412499999999999,-0.44,-0.55,0.65
-0.75,0.86,-0.6412499999999999,-0.44,-0.55,0.66
-0.75,0.86,-0.6412499999999999,-0.44,-0.54,0.65
-0.75,0.86,-0.6412499999999999,-0.44,-0.54,0.66
-0.75,0.86,-0.6412499999999983,-0.45,-0.55,0.65
-0.75,0.86,-0.6412499999999983,-0.45,-0.55,0.66
-0.75,0.86,-0.6412499999999983,-0.45,-0.54,0.65
-0.75,0.86,-0.6412499999999983,-0.45,-0.54,0.66
-0.75,0.86,-0.6412499999999983,-0.44,-0.55,0.65
-0.75,0.86,-0.6412499999999983,-0.44,-0.55,0.66
-0.75,0.86,-0.6412499999999983,-0.44,-0.54,0.65
-0.75,0.86,-0.6412499999999983,-0.44,-0.54,0.66
-0.75,0.86,-0.641249999999991,-0.45,-0.55,0.65
-0.75,0.86,-0.641249999999991,-0.45,-0.55,0.66
-0.75,0.86,-0.641249999999991,-0.45,-0.54,0.65
-0.75,0.86,-0.641249999999991,-0.45,-0.54,0.66
-0.75,0.86,-0.641249999999991,-0.44,-0.55,0.65
-0.75,0.86,-0.641249999999991,-0.44,-0.55,0.66
-0.75,0.86,-0.641249999999991,-0.44,-0.54,0.65
-0.75,0.86,-0.641249999999991,-0.44,-0.54,0.66
-0.75,0.86,-0.6412499999999774,-0.45,-0.55,0.65
-0.75,0.86,-0.6412499999999774,-0.45,-0.55,0.66
-0.75,0.86,-0.6412499999999774,-0.45,-0.54,0.65
-0.75,0.86,-0.6412499999999774,-0.45,-0.54,0.66
-0.75,0.86,-0.6412499999999774,-0.44,-0.55,0.65
-0.75,0.86,-0.6412499999999774,-0.44,-0.55,0.66
-0.75,0.86,-0.6412499999999774,-0.44,-0.54,0.65
-0.75,0.86,-0.6412499999999774,-0.44,-0.54,0.66
-0.75,0.86,-0.64,-0.45,-0.55,0.65
-0.75,0.86,-0.64,-0.45,-0.55,0.66
-0.75,0.86,-0.64,-0.45,-0.54,0.65
-0.75,0.86,-0.64,-0.45,-0.54,0.66
-0.75,0.86,-0.64,-0.44,-0.55,0.65
-0.75,0.86,-0.64,-0.44,-0.55,0.66
-0.75,0.86,-0.64,-0.44,-0.54,0.65
-0.75,0.86,-0.64,-0.44,-0.54,0.66
-0.7487500000000167,0.85,-0.65,-0.45,-0.55,0.65
-0.7487500000000167,0.85,-0.65,-0.45,-0.55,0.66
-0.7487500000000167,0.85,-0.65,-0.45,-0.54,0.65
-0.7487500000000167,0.85,-0.65,-0.45,-0.54,0.66
-0.7487500000000167,0.85,-0.65,-0.44,-0.55,0.65
-0.7487500000000167,0.85,-0.65,-0.44,-0.55,0.66
-0.7487500000000167,0.85,-0.65,-0.44,-0.54,0.65
-0.7487500000000167,0.85,-0.65,-0.44,-0.54,0.66
-0.7487500000000167,0.85,-0.64,-0.45,-0.55,0.65
-0.7487500000000167,0.85,-0.64,-0.45,-0.55,0.66
-0.7487500000000167,0.85,-0.64,-0.45,-0.54,0.65
-0.7487500000000167,0.85,-0.64,-0.45,-0.54,0.66
-0.7487500000000167,0.85,-0.64,-0.44,-0.55,0.65
-0.7487500000000167,0.85,-0.64,-0.44,-0.55,0.66
-0.7487500000000167,0.85,-0.64,-0.44,-0.54,0.65
-0.7487500000000167,0.85,-0.64,-0.44,-0.54,0.66
-0.7487500000000167,0.86,-0.65,-0.45,-0.55,0.65
-0.7487500000000167,0.86,-0.65,-0.45,-0.55,0.66
-0.7487500000000167,0.86,-0.65,-0.45,-0.54,0.65
-0.7487500000000167,0.86,-0.65,-0.45,-0.54,0.66
-0.7487500000000167,0.86,-0.65,-0.44,-0.55,0.65
-0.7487500000000167,0.86,-0.65,-0.44,-0.55,0.66
-0.7487500000000167,0.86,-0.65,-0.44,-0.54,0.65
-0.7487500000000167,0.86,-0.65,-0.44,-0.54,0.66
-0.7487500000000167,0.86,-0.64,-0.45,-0.55,0.65
-0.7487500000000167,0.86,-0.64,-0.45,-0.55,0.66
-0.7487500000000167,0.86,-0.64,-0.45,-0.54,0.65
-0.7487500000000167,0.86,-0.64,-0.45,-0.54,0.66
-0.7487500000000167,0.86,-0.64,-0.44,-0.55,0.65
-0.7487500000000167,0.86,-0.64,-0.44,-0.55,0.66
-0.7487500000000167,0.86,-0.64,-0.44,-0.54,0.65
-0.7487500000000167,0.86,-0.64,-0.44,-0.54,0.66
-0.7487500000000117,0.85,-0.65,-0.45,-0.55,0.65
-0.7487500000000117,0.85,-0.65,-0.45,-0.55,0.66
-0.7487500000000117,0.85,-0.65,-0.45,-0.54,0.65
-0.7487500000000117,0.85,-0.65,-0.45,-0.54,0.66
-0.7487500000000117,0.85,-0.65,-0.44,-0.55,0.65
-0.7487500000000117,0.85,-0.65,-0.44,-0.55,0.66
-0.7487500000000117,0.85,-0.65,-0.44,-0.54,0.65
-0.7487500000000117,0.85,-0.65,-0.44,-0.54,0.66
-0.7487500000000117,0.85,-0.64,-0.45,-0.55,0.65
-0.7487500000000117,0.85,-0.64,-0.45,-0.55,0.66
-0.7487500000000117,0.85,-0.64,-0.45,-0.54,0.65
-0.7487500000000117,0.85,-0.64,-0.45,-0.54,0.66
-0.7487500000000117,0.85,-0.64,-0.44,-0.55,0.65
-0.7487500000000117,0.85,-0.64,-0.44,-0.55,0.66
-0.7487500000000117,0.85,-0.64,-0.44,-0.54,0.65
-0.7487500000000117,0.85,-0.64,-0.44,-0.54,0.66
-0.7487500000000117,0.86,-0.65,-0.45,-0.55,0.65
-0.7487500000000117,0.86,-0.65,-0.45,-0.55,0.66
-0.7487500000000117,0.86,-0.65,-0.45,-0.54,0.65
-0.7487500000000117,0.86,-0.65,-0.45,-0.54,0.66
-0.7487500000000117,0.86,-0.65,-0.44,-0.55,0.65
-0.7487500000000117,0.86,-0.65,-0.44,-0.55,0.66
-0.7487500000000117,0.86,-0.65,-0.44,-0.54,0.65
-0.7487500000000117,0.86,-0.65,-0.44,-0.54,0.66
-0.7487500000000117,0.86,-0.64,-0.45,-0.55,0.65
-0.7487500000000117,0.86,-0.64,-0.45,-0.55,0.66
-0.7487500000000117,0.86,-0.64,-0.45,-0.54,0.65
-0.7487500000000117,0.86,-0.64,-0.45,-0.54,0.66
-0.7487500000000117,0.86,-0.64,-0.44,-0.55,0.65
-0.7487500000000117,0.86,-0.64,-0.44,-0.55,0.66
-0.7487500000000117,0.86,-0.64,-0.44,-0.54,0.65
-0.7487500000000117,0.86,-0.64,-0.44,-0.54,0.66
-0.7487500000000009,0.85,-0.65,-0.45,-0.55,0.65
-0.7487500000000009,0.85,-0.65,-0.45,-0.55,0.66
-0.7487500000000009,0.85,-0.65,-0.45,-0.54,0.65
-0.7487500000000009,0.85,-0.65,-0.45,-0.54,0.66
-0.7487500000000009,0.85,-0.65,-0.44,-0.55,0.65
-0.7487500000000009,0.85,-0.65,-0.44,-0.55,0.66
-0.7487500000000009,0.85,-0.65,-0.44,-0.54,0.65
-0.7487500000000009,0.85,-0.65,-0.44,-0.54,0.66
-0.7487500000000009,0.85,-0.64,-0.45,-0.55,0.65
-0.7487500000000009,0.85,-0.64,-0.45,-0.55,0.66
-0.7487500000000009,0.85,-0.64,-0.45,-0.54,0.65
-0.7487500000000009,0.85,-0.64,-0.45,-0.54,0.66
-0.7487500000000009,0.85,-0.64,-0.44,-0.55,0.65
-0.7487500000000009,0.85,-0.64,-0.44,-0.55,0.66
-0.7487500000000009,0.85,-0.64,-0.44,-0.54,0.65
-0.7487500000000009,0.85,-0.64,-0.44,-0.54,0.66
-0.7487500000000009,0.86,-0.65,-0.45,-0.55,0.65
-0.7487500000000009,0.86,-0.65,-0.45,-0.55,0.66
-0.7487500000000009,0.86,-0.65,-0.45,-0.54,0.65
-0.7487500000000009,0.86,-0.65,-0.45,-0.54,0.66
-0.7487500000000009,0.86,-0.65,-0.44,-0.55,0.65
-0.7487500000000009,0.86,-0.65,-0.44,-0.55,0.66
-0.7487500000000009,0.86,-0.65,-0.44,-0.54,0.65
-0.7487500000000009,0.86,-0.65,-0.44,-0.54,0.66
-0.7487500000000009,0.86,-0.64,-0.45,-0.55,0.65
-0.7487500000000009,0.86,-0.64,-0.45,-0.55,0.66
-0.7487500000000009,0.86,-0.64,-0.45,-0.54,0.65
-0.7487500000000009,0.86,-0.64,-0.45,-0.54,0.66
-0.7487500000000009,0.86,-0.64,-0.44,-0.55,0.65
-0.7487500000000009,0.86,-0.64,-0.44,-0.55,0.66
-0.7487500000000009,0.86,-0.64,-0.44,-0.54,0.65
-0.7487500000000009,0.86,-0.64,-0.44,-0.54,0.66
-0.74875,0.85,-0.65,-0.45,-0.55,0.65
-0.74875,0.85,-0.65,-0.45,-0.55,0.66
-0.74875,0.85,-0.65,-0.45,-0.54,0.65
-0.74875,0.85,-0.65,-0.45,-0.54,0.66
-0.74875,0.85,-0.65,-0.44,-0.55,0.65
-0.74875,0.85,-0.65,-0.44,-0.55,0.66
-0.74875,0.85,-0.65,-0.44,-0.54,0.65
-0.74875,0.85,-0.65,-0.44,-0.54,0.66
-0.74875,0.85,-0.64,-0.45,-0.55,0.65
-0.74875,0.85,-0.64,-0.45,-0.55,0.66
-0.74875,0.85,-0.64,-0.45,-0.54,0.65
-0.74875,0.85,-0.64,-0.45,-0.54,0.66
-0.74875,0.85,-0.64,-0.44,-0.55,0.65
-0.74875,0.85,-0.64,-0.44,-0.55,0.66
-0.74875,0.85,-0.64,-0.44,-0.54,0.65
-0.74875,0.85,-0.64,-0.44,-0.54,0.66
-0.74875,0.86,-0.65,-0.45,-0.55,0.65
-0.74875,0.86,-0.65,-0.45,-0.55,0.66
-0.74875,0.86,-0.65,-0.45,-0.54,0.65
-0.74875,0.86,-0.65,-0.45,-0.54,0.66
-0.74875,0.86,-0.65,-0.44,-0.55,0.65
-0.74875,0.86,-0.65,-0.44,-0.55,0.66
-0.74875,0.86,-0.65,-0.44,-0.54,0.65
-0.74875,0.86,-0.65,-0.44,-0.54,0.66
-0.74875,0.86,-0.64,-0.45,-0.55,0.65
-0.74875,0.86,-0.64,-0.45,-0.55,0.66
-0.74875,0.86,-0.64,-0.45,-0.54,0.65
-0.74875,0.86,-0.64,-0.45,-0.54,0.66
-0.74875,0.86,-0.64,-0.44,-0.55,0.65
-0.74875,0.86,-0.64,-0.44,-0.55,0.66
-0.74875,0.86,-0.64,-0.44,-0.54,0.65
-0.74875,0.86,-0.64,-0.44,-0.54,0.66
-0.748,0.85,-0.65,-0.45,-0.55,0.65
-0.748,0.85,-0.65,-0.45,-0.55,0.66
-0.748,0.85,-0.65,-0.45,-0.54,0.65
-0.748,0.85,-0.65,-0.45,-0.54,0.66
-0.748,0.85,-0.65,-0.44,-0.55,0.65
-0.748,0.85,-0.65,-0.44,-0.55,0.66
-0.748,0.85,-0.65,-0.44,-0.54,0.65
-0.748,0.85,-0.65,-0.44,-0.54,0.66
-0.748,0.85,-0.64,-0.45,-0.55,0.65
-0.748,0.85,-0.64,-0.45,-0.55,0.66
-0.748,0.85,-0.64,-0.45,-0.54,0.65
-0.748,0.85,-0.64,-0.45,-0.54,0.66
-0.748,0.85,-0.64,-0.44,-0.55,0.65
-0.748,0.85,-0.64,-0.44,-0.55,0.66
-0.748,0.85,-0.64,-0.44,-0.54,0.65
-0.748,0.85,-0.64,-0.44,-0.54,0.66
-0.748,0.86,-0.65,-0.45,-0.55,0.65
-0.748,0.86,-0.65,-0.45,-0.55,0.66
-0.748,0.86,-0.65,-0.45,-0.54,0.65
-0.748,0.86,-0.65,-0.45,-0.54,0.66
-0.748,0.86,-0.65,-0.44,-0.55,0.65
-0.748,0.86,-0.65,-0.44,-0.55,0.66
-0.748,0.86,-0.65,-0.44,-0.54,0.65
-0.748,0.86,-0.65,-0.44,-0.54,0.66
-0.748,0.86,-0.64,-0.45,-0.55,0.65
-0.748,0.86,-0.64,-0.45,-0.55,0.66
-0.748,0.86,-0.64,-0.45,-0.54,0.65
-0.748,0.86,-0.64,-0.45,-0.54,0.66
-0.748,0.86,-0.64,-0.44,-0.55,0.65
-0.748,0.86,-0.64,-0.44,-0.55,0.66
-0.748,0.86,-0.64,-0.44,-0.54,0.65
-0.748,0.86,-0.64,-0.44,-0.54,0.66
-0.7462500000000354,0.85,-0.65,-0.45,-0.55,0.65
-0.7462500000000354,0.85,-0.65,-0.45,-0.55,0.66
-0.7462500000000354,0.85,-0.65,-0.45,-0.54,0.65
-0.7462500000000354,0.85,-0.65,-0.45,-0.54,0.66
-0.7462500000000354,0.85,-0.65,-0.44,-0.55,0.65
-0.7462500000000354,0.85,-0.65,-0.44,-0.55,0.66
-0.7462500000000354,0.85,-0.65,-0.44,-0.54,0.65
-0.7462500000000354,0.85,-0.65,-0.44,-0.54,0.66
-0.7462500000000354,0.85,-0.64,-0.45,-0.55,0.65
-0.7462500000000354,0.85,-0.64,-0.45,-0.55,0.66
-0.7462500000000354,0.85,-0.64,-0.45,-0.54,0.65
-0.7462500000000354,0.85,-0.64,-0.45,-0.54,0.66
-0.7462500000000354,0.85,-0.64,-0.44,-0.55,0.65
-0.7462500000000354,0.85,-0.64,-0.44,-0.55,0.66
-0.7462500000000354,0.85,-0.64,-0.44,-0.54,0.65
-0.7462500000000354,0.85,-0.64,-0.44,-0.54,0.66
-0.7462500000000354,0.86,-0.65,-0.45,-0.55,0.65
-0.7462500000000354,0.86,-0.65,-0.45,-0.55,0.66
-0.7462500000000354,0.86,-0.65,-0.45,-0.54,0.65
-0.7462500000000354,0.86,-0.65,-0.45,-0.54,0.66
-0.7462500000000354,0.86,-0.65,-0.44,-0.55,0.65
-0.7462500000000354,0.86,-0.65,-0.44,-0.55,0.66
-0.7462500000000354,0.86,-0.65,-0.44,-0.54,0.65
-0.7462500000000354,0.86,-0.65,-0.44,-0.54,0.66
-0.7462500000000354,0.86,-0.64,-0.45,-0.55,0.65
-0.7462500000000354,0.86,-0.64,-0.45,-0.55,0.66
-0.7462500000000354,0.86,-0.64,-0.45,-0.54,0.65
-0.7462500000000354,0.86,-0.64,-0.45,-0.54,0.66
-0.7462500000000354,0.86,-0.64,-0.44,-0.55,0.65
-0.7462500000000354,0.86,-0.64,-0.44,-0.55,0.66
-0.7462500000000354,0.86,-0.64,-0.44,-0.54,0.65
-0.7462500000000354,0.86,-0.64,-0.44,-0.54,0.66
-0.7462500000000288,0.85,-0.65,-0.45,-0.55,0.65
-0.7462500000000288,0.85,-0.65,-0.45,-0.55,0.66
-0.7462500000000288,0.85,-0.65,-0.45,-0.54,0.65
-0.7462500000000288,0.85,-0.65,-0.45,-0.54,0.66
-0.7462500000000288,0.85,-0.65,-0.44,-0.55,0.65
-0.7462500000000288,0.85,-0.65,-0.44,-0.55,0.66
-0.7462500000000288,0.85,-0.65,-0.44,-0.54,0.65
-0.7462500000000288,0.85,-0.65,-0.44,-0.54,0.66
-0.7462500000000288,0.85,-0.64,-0.45,-0.55,0.65
-0.7462500000000288,0.85,-0.64,-0.45,-0.55,0.66
-0.7462500000000288,0.85,-0.64,-0.45,-0.54,0.65
-0.7462500000000288,0.85,-0.64,-0.45,-0.54,0.66
-0.7462500000000288,0.85,-0.64,-0.44,-0.55,0.65
-0.7462500000000288,0.85,-0.64,-0.44,-0.55,0.66
-0.7462500000000288,0.85,-0.64,-0.44,-0.54,0.65
-0.7462500000000288,0.85,-0.64,-0.44,-0.54,0.66
-0.7462500000000288,0.86,-0.65,-0.45,-0.55,0.65
-0.7462500000000288,0.86,-0.65,-0.45,-0.55,0.66
-0.7462500000000288,0.86,-0.65,-0.45,-0.54,0.65
-0.7462500000000288,0.86,-0.65,-0.45,-0.54,0.66
-0.7462500000000288,0.86,-0.65,-0.44,-0.55,0.65
-0.7462500000000288,0.86,-0.65,-0.44,-0.55,0.66
-0.7462500000000288,0.86,-0.65,-0.44,-0.54,0.65
-0.7462500000000288,0.86,-0.65,-0.44,-0.54,0.66
-0.7462500000000288,0.86,-0.64,-0.45,-0.55,0.65
-0.7462500000000288,0.86,-0.64,-0.45,-0.55,0.66
-0.7462500000000288,0.86,-0.64,-0.45,-0.54,0.65
-0.7462500000000288,0.86,-0.64,-0.45,-0.54,0.66
-0.7462500000000288,0.86,-0.64,-0.44,-0.55,0.65
-0.7462500000000288,0.86,-0.64,-0.44,-0.55,0.66
-0.7462500000000288,0.86,-0.64,-0.44,-0.54,0.65
-0.7462500000000288,0.86,-0.64,-0.44,-0.54,0.66
-0.7462499999999881,0.85,-0.65,-0.45,-0.55,0.65
-0.7462499999999881,0.85,-0.65,-0.45,-0.55,0.66
-0.7462499999999881,0.85,-0.65,-0.45,-0.54,0.65
-0.7462499999999881,0.85,-0.65,-0.45,-0.54,0.66
-0.7462499999999881,0.85,-0.65,-0.44,-0.55,0.65
-0.7462499999999881,0.85,-0.65,-0.44,-0.55,0.66
-0.7462499999999881,0.85,-0.65,-0.44,-0.54,0.65
-0.7462499999999881,0.85,-0.65,-0.44,-0.54,0.66
-0.7462499999999881,0.85,-0.64,-0.45,-0.55,0.65
-0.7462499999999881,0.85,-0.64,-0.45,-0.55,0.66
-0.7462499999999881,0.85,-0.64,-0.45,-0.54,0.65
-0.7462499999999881,0.85,-0.64,-0.45,-0.54,0.66
-0.7462499999999881,0.85,-0.64,-0.44,-0.55,0.65
-0.7462499999999881,0.85,-0.64,-0.44,-0.55,0.66
-0.7462499999999881,0.85,-0.64,-0.44,-0.54,0.65
-0.7462499999999881,0.85,-0.64,-0.44,-0.54,0.66
-0.7462499999999881,0.86,-0.65,-0.45,-0.55,0.65
-0.7462499999999881,0.86,-0.65,-0.45,-0.55,0.66
-0.7462499999999881,0.86,-0.65,-0.45,-0.54,0.65
-0.7462499999999881,0.86,-0.65,-0.45,-0.54,0.66
-0.7462499999999881,0.86,-0.65,-0.44,-0.55,0.65
-0.7462499999999881,0.86,-0.65,-0.44,-0.55,0.66
-0.7462499999999881,0.86,-0.65,-0.44,-0.54,0.65
-0.7462499999999881,0.86,-0.65,-0.44,-0.54,0.66
-0.7462499999999881,0.86,-0.64,-0.45,-0.55,0.65
-0.7462499999999881,0.86,-0.64,-0.45,-0.55,0.66
-0.7462499999999881,0.86,-0.64,-0.45,-0.54,0.65
-0.7462499999999881,0.86,-0.64,-0.45,-0.54,0.66
-0.7462499999999881,0.86,-0.64,-0.44,-0.55,0.65
-0.7462499999999881,0.86,-0.64,-0.44,-0.55,0.66
-0.7462499999999881,0.86,-0.64,-0.44,-0.54,0.65
-0.7462499999999881,0.86,-0.64,-0.44,-0.54,0.66
-0.7462499999999769,0.85,-0.65,-0.45,-0.55,0.65
-0.7462499999999769,0.85,-0.65,-0.45,-0.55,0.66
-0.7462499999999769,0.85,-0.65,-0.45,-0.54,0.65
-0.7462499999999769,0.85,-0.65,-0.45,-0.54,0.66
-0.7462499999999769,0.85,-0.65,-0.44,-0.55,0.65
-0.7462499999999769,0.85,-0.65,-0.44,-0.55,0.66
-0.7462499999999769,0.85,-0.65,-0.44,-0.54,0.65
-0.7462499999999769,0.85,-0.65,-0.44,-0.54,0.66
-0.7462499999999769,0.85,-0.64,-0.45,-0.55,0.65
-0.7462499999999769,0.85,-0.64,-0.45,-0.55,0.66
-0.7462499999999769,0.85,-0.64,-0.45,-0.54,0.65
-0.7462499999999769,0.85,-0.64,-0.45,-0.54,0.66
-0.7462499999999769,0.85,-0.64,-0.44,-0.55,0.65
-0.7462499999999769,0.85,-0.64,-0.44,-0.55,0.66
-0.7462499999999769,0.85,-0.64,-0.44,-0.54,0.65
-0.7462499999999769,0.85,-0.64,-0.44,-0.54,0.66
-0.7462499999999769,0.86,-0.65,-0.45,-0.55,0.65
-0.7462499999999769,0.86,-0.65,-0.45,-0.55,0.66
-0.7462499999999769,0.86,-0.65,-0.45,-0.54,0.65
-0.7462499999999769,0.86,-0.65,-0.45,-0.54,0.66
-0.7462499999999769,0.86,-0.65,-0.44,-0.55,0.65
-0.7462499999999769,0.86,-0.65,-0.44,-0.55,0.66
-0.7462499999999769,0.86,-0.65,-0.44,-0.54,0.65
-0.7462499999999769,0.86,-0.65,-0.44,-0.54,0.66
-0.7462499999999769,0.86,-0.64,-0.45,-0.55,0.65
-0.7462499999999769,0.86,-0.64,-0.45,-0.55,0.66
-0.7462499999999769,0.86,-0.64,-0.45,-0.54,0.65
-0.7462499999999769,0.86,-0.64,-0.45,-0.54,0.66
-0.7462499999999769,0.86,-0.64,-0.44,-0.55,0.65
-0.7462499999999769,0.86,-0.64,-0.44,-0.55,0.66
-0.7462499999999769,0.86,-0.64,-0.44,-0.54,0.65
-0.7462499999999769,0.86,-0.64,-0.44,-0.54,0.66
-0.746,0.85,-0.65,-0.45,-0.55,0.65
-0.746,0.85,-0.65,-0.45,-0.55,0.66
-0.746,0.85,-0.65,-0.45,-0.54,0.65
-0.746,0.85,-0.65,-0.45,-0.54,0.66
-0.746,0.85,-0.65,-0.44,-0.55,0.65
-0.746,0.85,-0.65,-0.44,-0.55,0.66
-0.746,0.85,-0.65,-0.44,-0.54,0.65
-0.746,0.85,-0.65,-0.44,-0.54,0.66
-0.746,0.85,-0.64,-0.45,-0.55,0.65
-0.746,0.85,-0.64,-0.45,-0.55,0.66
-0.746,0.85,-0.64,-0.45,-0.54,0.65
-0.746,0.85,-0.64,-0.45,-0.54,0.66
-0.746,0.85,-0.64,-0.44,-0.55,0.65
-0.746,0.85,-0.64,-0.44,-0.55,0.66
-0.746,0.85,-0.64,-0.44,-0.54,0.65
-0.746,0.85,-0.64,-0.44,-0.54,0.66
-0.746,0.86,-0.65,-0.45,-0.55,0.65
-0.746,0.86,-0.65,-0.45,-0.55,0.66
-0.746,0.86,-0.65,-0.45,-0.54,0.65
-0.746,0.86,-0.65,-0.45,-0.54,0.66
-0.746,0.86,-0.65,-0.44,-0.55,0.65
-0.746,0.86,-0.65,-0.44,-0.55,0.66
-0.746,0.86,-0.65,-0.44,-0.54,0.65
-0.746,0.86,-0.65,-0.44,-0.54,0.66
-0.746,0.86,-0.64,-0.45,-0.55,0.65
-0.746,0.86,-0.64,-0.45,-0.55,0.66
-0.746,0.86,-0.64,-0.45,-0.54,0.65
-0.746,0.86,-0.64,-0.45,-0.54,0.66
-0.746,0.86,-0.64,-0.44,-0.55,0.65
-0.746,0.86,-0.64,-0.44,-0.55,0.66
-0.746,0.86,-0.64,-0.44,-0.54,0.65
-0.746,0.86,-0.64,-0.44,-0.54,0.66
-0.744,0.85,-0.65,-0.45,-0.55,0.65
-0.744,0.85,-0.65,-0.45,-0.55,0.66
-0.744,0.85,-0.65,-0.45,-0.54,0.65
-0.744,0.85,-0.65,-0.45,-0.54,0.66
-0.744,0.85,-0.65,-0.44,-0.55,0.65
-0.744,0.85,-0.65,-0.44,-0.55,0.66
-0.744,0.85,-0.65,-0.44,-0.54,0.65
-0.744,0.85,-0.65,-0.44,-0.54,0.66
-0.744,0.85,-0.64,-0.45,-0.55,0.65
-0.744,0.85,-0.64,-0.45,-0.55,0.66
-0.744,0.85,-0.64,-0.45,-0.54,0.65
-0.744,0.85,-0.64,-0.45,-0.54,0.66
-0.744,0.85,-0.64,-0.44,-0.55,0.65
-0.744,0.85,-0.64,-0.44,-0.55,0.66
-0.744,0.85,-0.64,-0.44,-0.54,0.65
-0.744,0.85,-0.64,-0.44,-0.54,0.66
-0.744,0.86,-0.65,-0.45,-0.55,0.65
-0.744,0.86,-0.65,-0.45,-0.55,0.66
-0.744,0.86,-0.65,-0.45,-0.54,0.65
-0.744,0.86,-0.65,-0.45,-0.54,0.66
-0.744,0.86,-0.65,-0.44,-0.55,0.65
-0.744,0.86,-0.65,-0.44,-0.55,0.66
-0.744,0.86,-0.65,-0.44,-0.54,0.65
-0.744,0.86,-0.65,-0.44,-0.54,0.66
-0.744,0.86,-0.64,-0.45,-0.55,0.65
-0.744,0.86,-0.64,-0.45,-0.55,0.66
-0.744,0.86,-0.64,-0.45,-0.54,0.65
-0.744,0.86,-0.64,-0.45,-0.54,0.66
-0.744,0.86,-0.64,-0.44,-0.55,0.65
-0.744,0.86,-0.64,-0.44,-0.55,0.66
-0.744,0.86,-0.64,-0.44,-0.54,0.65
-0.744,0.86,-0.64,-0.44,-0.54,0.66
-0.7437500000000279,0.85,-0.65,-0.45,-0.55,0.65
-0.7437500000000279,0.85,-0.65,-0.45,-0.55,0.66
-0.7437500000000279,0.85,-0.65,-0.45,-0.54,0.65
-0.7437500000000279,0.85,-0.65,-0.45,-0.54,0.66
-0.7437500000000279,0.85,-0.65,-0.44,-0.55,0.65
-0.7437500000000279,0.85,-0.65,-0.44,-0.55,0.66
-0.7437500000000279,0.85,-0.65,-0.44,-0.54,0.65
-0.7437500000000279,0.85,-0.65,-0.44,-0.54,0.66
-0.7437500000000279,0.85,-0.64,-0.45,-0.55,0.65
-0.7437500000000279,0.85,-0.64,-0.45,-0.55,0.66
-0.7437500000000279,0.85,-0.64,-0.45,-0.54,0.65
-0.7437500000000279,0.85,-0.64,-0.45,-0.54,0.66
-0.7437500000000279,0.85,-0.64,-0.44,-0.55,0.65
-0.7437500000000279,0.85,-0.64,-0.44,-0.55,0.66
-0.7437500000000279,0.85,-0.64,-0.44,-0.54,0.65
-0.7437500000000279,0.85,-0.64,-0.44,-0.54,0.66
-0.7437500000000279,0.86,-0.65,-0.45,-0.55,0.65
-0.7437500000000279,0.86,-0.65,-0.45,-0.55,0.66
-0.7437500000000279,0.86,-0.65,-0.45,-0.54,0.65
-0.7437500000000279,0.86,-0.65,-0.45,-0.54,0.66
-0.7437500000000279,0.86,-0.65,-0.44,-0.55,0.65
-0.7437500000000279,0.86,-0.65,-0.44,-0.55,0.66
-0.7437500000000279,0.86,-0.65,-0.44,-0.54,0.65
-0.7437500000000279,0.86,-0.65,-0.44,-0.54,0.66
-0.7437500000000279,0.86,-0.64,-0.45,-0.55,0.65
-0.7437500000000279,0.86,-0.64,-0.45,-0.55,0.66
-0.7437500000000279,0.86,-0.64,-0.45,-0.54,0.65
-0.7437500000000279,0.86,-0.64,-0.45,-0.54,0.66
-0.7437500000000279,0.86,-0.64,-0.44,-0.55,0.65
-0.7437500000000279,0.86,-0.64,-0.44,-0.55,0.66
-0.7437500000000279,0.86,-0.64,-0.44,-0.54,0.65
-0.7437500000000279,0.86,-0.64,-0.44,-0.54,0.66
-0.7437499999999871,0.85,-0.65,-0.45,-0.55,0.65
-0.7437499999999871,0.85,-0.65,-0.45,-0.55,0.66
-0.7437499999999871,0.85,-0.65,-0.45,-0.54,0.65
-0.7437499999999871,0.85,-0.65,-0.45,-0.54,0.66
-0.7437499999999871,0.85,-0.65,-0.44,-0.55,0.65
-0.7437499999999871,0.85,-0.65,-0.44,-0.55,0.66
-0.7437499999999871,0.85,-0.65,-0.44,-0.54,0.65
-0.7437499999999871,0.85,-0.65,-0.44,-0.54,0.66
-0.7437499999999871,0.85,-0.64,-0.45,-0.55,0.65
-0.7437499999999871,0.85,-0.64,-0.45,-0.55,0.66
-0.7437499999999871,0.85,-0.64,-0.45,-0.54,0.65
-0.7437499999999871,0.85,-0.64,-0.45,-0.54,0.66
-0.7437499999999871,0.85,-0.64,-0.44,-0.55,0.65
-0.7437499999999871,0.85,-0.64,-0.44,-0.55,0.66
-0.7437499999999871,0.85,-0.64,-0.44,-0.54,0.65
-0.7437499999999871,0.85,-0.64,-0.44,-0.54,0.66
-0.7437499999999871,0.86,-0.65,-0.45,-0.55,0.65
-0.7437499999999871,0.86,-0.65,-0.45,-0.55,0.66
-0.7437499999999871,0.86,-0.65,-0.45,-0.54,0.65
-0.7437499999999871,0.86,-0.65,-0.45,-0.54,0.66
-0.7437499999999871,0.86,-0.65,-0.44,-0.55,0.65
-0.7437499999999871,0.86,-0.65,-0.44,-0.55,0.66
-0.7437499999999871,0.86,-0.65,-0.44,-0.54,0.65
-0.7437499999999871,0.86,-0.65,-0.44,-0.54,0.66
-0.7437499999999871,0.86,-0.64,-0.45,-0.55,0.65
-0.7437499999999871,0.86,-0.64,-0.45,-0.55,0.66
-0.7437499999999871,0.86,-0.64,-0.45,-0.54,0.65
-0.7437499999999871,0.86,-0.64,-0.45,-0.54,0.66
-0.7437499999999871,0.86,-0.64,-0.44,-0.55,0.65
-0.7437499999999871,0.86,-0.64,-0.44,-0.55,0.66
-0.7437499999999871,0.86,-0.64,-0.44,-0.54,0.65
-0.7437499999999871,0.86,-0.64,-0.44,-0.54,0.66
-0.7437499999999828,0.85,-0.65,-0.45,-0.55,0.65
-0.7437499999999828,0.85,-0.65,-0.45,-0.55,0.66
-0.7437499999999828,0.85,-0.65,-0.45,-0.54,0.65
-0.7437499999999828,0.85,-0.65,-0.45,-0.54,0.66
-0.7437499999999828,0.85,-0.65,-0.44,-0.55,0.65
-0.7437499999999828,0.85,-0.65,-0.44,-0.55,0.66
-0.7437499999999828,0.85,-0.65,-0.44,-0.54,0.65
-0.7437499999999828,0.85,-0.65,-0.44,-0.54,0.66
-0.7437499999999828,0.85,-0.64,-0.45,-0.55,0.65
-0.7437499999999828,0.85,-0.64,-0.45,-0.55,0.66
-0.7437499999999828,0.85,-0.64,-0.45,-0.54,0.65
-0.7437499999999828,0.85,-0.64,-0.45,-0.54,0.66
-0.7437499999999828,0.85,-0.64,-0.44,-0.55,0.65
-0.7437499999999828,0.85,-0.64,-0.44,-0.55,0.66
-0.7437499999999828,0.85,-0.64,-0.44,-0.54,0.65
-0.7437499999999828,0.85,-0.64,-0.44,-0.54,0.66
-0.7437499999999828,0.86,-0.65,-0.45,-0.55,0.65
-0.7437499999999828,0.86,-0.65,-0.45,-0.55,0.66
-0.7437499999999828,0.86,-0.65,-0.45,-0.54,0.65
-0.7437499999999828,0.86,-0.65,-0.45,-0.54,0.66
-0.7437499999999828,0.86,-0.65,-0.44,-0.55,0.65
-0.7437499999999828,0.86,-0.65,-0.44,-0.55,0.66
-0.7437499999999828,0.86,-0.65,-0.44,-0.54,0.65
-0.7437499999999828,0.86,-0.65,-0.44,-0.54,0.66
-0.7437499999999828,0.86,-0.64,-0.45,-0.55,0.65
-0.7437499999999828,0.86,-0.64,-0.45,-0.55,0.66
-0.7437499999999828,0.86,-0.64,-0.45,-0.54,0.65
-0.7437499999999828,0.86,-0.64,-0.45,-0.54,0.66
-0.7437499999999828,0.86,-0.64,-0.44,-0.55,0.65
-0.7437499999999828,0.86,-0.64,-0.44,-0.55,0.66
-0.7437499999999828,0.86,-0.64,-0.44,-0.54,0.65
-0.7437499999999828,0.86,-0.64,-0.44,-0.54,0.66
-0.7437499999999554,0.85,-0.65,-0.45,-0.55,0.65
-0.7437499999999554,0.85,-0.65,-0.45,-0.55,0.66
-0.7437499999999554,0.85,-0.65,-0.45,-0.54,0.65
-0.7437499999999554,0.85,-0.65,-0.45,-0.54,0.66
-0.7437499999999554,0.85,-0.65,-0.44,-0.55,0.65
-0.7437499999999554,0.85,-0.65,-0.44,-0.55,0.66
-0.7437499999999554,0.85,-0.65,-0.44,-0.54,0.65
-0.7437499999999554,0.85,-0.65,-0.44,-0.54,0.66
-0.7437499999999554,0.85,-0.64,-0.45,-0.55,0.65
-0.7437499999999554,0.85,-0.64,-0.45,-0.55,0.66
-0.7437499999999554,0.85,-0.64,-0.45,-0.54,0.65
-0.7437499999999554,0.85,-0.64,-0.45,-0.54,0.66
-0.7437499999999554,0.85,-0.64,-0.44,-0.55,0.65
-0.7437499999999554,0.85,-0.64,-0.44,-0.55,0.66
-0.7437499999999554,0.85,-0.64,-0.44,-0.54,0.65
-0.7437499999999554,0.85,-0.64,-0.44,-0.54,0.66
-0.7437499999999554,0.86,-0.65,-0.45,-0.55,0.65
-0.7437499999999554,0.86,-0.65,-0.45,-0.55,0.66
-0.7437499999999554,0.86,-0.65,-0.45,-0.54,0.65
-0.7437499999999554,0.86,-0.65,-0.45,-0.54,0.66
-0.7437499999999554,0.86,-0.65,-0.44,-0.55,0.65
-0.7437499999999554,0.86,-0.65,-0.44,-0.55,0.66
-0.7437499999999554,0.86,-0.65,-0.44,-0.54,0.65
-0.7437499999999554,0.86,-0.65,-0.44,-0.54,0.66
-0.7437499999999554,0.86,-0.64,-0.45,-0.55,0.65
-0.7437499999999554,0.86,-0.64,-0.45,-0.55,0.66
-0.7437499999999554,0.86,-0.64,-0.45,-0.54,0.65
-0.7437499999999554,0.86,-0.64,-0.45,-0.54,0.66
-0.7437499999999554,0.86,-0.64,-0.44,-0.55,0.65
-0.7437499999999554,0.86,-0.64,-0.44,-0.55,0.66
-0.7437499999999554,0.86,-0.64,-0.44,-0.54,0.65
-0.7437499999999554,0.86,-0.64,-0.44,-0.54,0.66
-0.742,0.85,-0.65,-0.45,-0.55,0.65
-0.742,0.85,-0.65,-0.45,-0.55,0.66
-0.742,0.85,-0.65,-0.45,-0.54,0.65
-0.742,0.85,-0.65,-0.45,-0.54,0.66
-0.742,0.85,-0.65,-0.44,-0.55,0.65
-0.742,0.85,-0.65,-0.44,-0.55,0.66
-0.742,0.85,-0.65,-0.44,-0.54,0.65
-0.742,0.85,-0.65,-0.44,-0.54,0.66
-0.742,0.85,-0.64,-0.45,-0.55,0.65
-0.742,0.85,-0.64,-0.45,-0.55,0.66
-0.742,0.85,-0.64,-0.45,-0.54,0.65
-0.742,0.85,-0.64,-0.45,-0.54,0.66
-0.742,0.85,-0.64,-0.44,-0.55,0.65
-0.742,0.85,-0.64,-0.44,-0.55,0.66
-0.742,0.85,-0.64,-0.44,-0.54,0.65
-0.742,0.85,-0.64,-0.44,-0.54,0.66
-0.742,0.86,-0.65,-0.45,-0.55,0.65
-0.742,0.86,-0.65,-0.45,-0.55,0.66
-0.742,0.86,-0.65,-0.45,-0.54,0.65
-0.742,0.86,-0.65,-0.45,-0.54,0.66
-0.742,0.86,-0.65,-0.44,-0.55,0.65
-0.742,0.86,-0.65,-0.44,-0.55,0.66
-0.742,0.86,-0.65,-0.44,-0.54,0.65
-0.742,0.86,-0.65,-0.44,-0.54,0.66
-0.742,0.86,-0.64,-0.45,-0.55,0.65
-0.742,0.86,-0.64,-0.45,-0.55,0.66
-0.742,0.86,-0.64,-0.45,-0.54,0.65
-0.742,0.86,-0.64,-0.45,-0.54,0.66
-0.742,0.86,-0.64,-0.44,-0.55,0.65
-0.742,0.86,-0.64,-0.44,-0.55,0.66
-0.742,0.86,-0.64,-0.44,-0.54,0.65
-0.742,0.86,-0.64,-0.44,-0.54,0.66
-0.7412500000000315,0.85,-0.65,-0.45,-0.55,0.65
-0.7412500000000315,0.85,-0.65,-0.45,-0.55,0.66
-0.7412500000000315,0.85,-0.65,-0.45,-0.54,0.65
-0.7412500000000315,0.85,-0.65,-0.45,-0.54,0.66
-0.7412500000000315,0.85,-0.65,-0.44,-0.55,0.65
-0.7412500000000315,0.85,-0.65,-0.44,-0.55,0.66
-0.7412500000000315,0.85,-0.65,-0.44,-0.54,0.65
-0.7412500000000315,0.85,-0.65,-0.44,-0.54,0.66
-0.7412500000000315,0.85,-0.64,-0.45,-0.55,0.65
-0.7412500000000315,0.85,-0.64,-0.45,-0.55,0.66
-0.7412500000000315,0.85,-0.64,-0.45,-0.54,0.65
-0.7412500000000315,0.85,-0.64,-0.45,-0.54,0.66
-0.7412500000000315,0.85,-0.64,-0.44,-0.55,0.65
-0.7412500000000315,0.85,-0.64,-0.44,-0.55,0.66
-0.7412500000000315,0.85,-0.64,-0.44,-0.54,0.65
-0.7412500000000315,0.85,-0.64,-0.44,-0.54,0.66
-0.7412500000000315,0.86,-0.65,-0.45,-0.55,0.65
-0.7412500000000315,0.86,-0.65,-0.45,-0.55,0.66
-0.7412500000000315,0.86,-0.65,-0.45,-0.54,0.65
-0.7412500000000315,0.86,-0.65,-0.45,-0.54,0.66
-0.7412500000000315,0.86,-0.65,-0.44,-0.55,0.65
-0.7412500000000315,0.86,-0.65,-0.44,-0.55,0.66
-0.7412500000000315,0.86,-0.65,-0.44,-0.54,0.65
-0.7412500000000315,0.86,-0.65,-0.44,-0.54,0.66
-0.7412500000000315,0.86,-0.64,-0.45,-0.55,0.65
-0.7412500000000315,0.86,-0.64,-0.45,-0.55,0.66
-0.7412500000000315,0.86,-0.64,-0.45,-0.54,0.65
-0.7412500000000315,0.86,-0.64,-0.45,-0.54,0.66
-0.7412500000000315,0.86,-0.64,-0.44,-0.55,0.65
-0.7412500000000315,0.86,-0.64,-0.44,-0.55,0.66
-0.7412500000000315,0.86,-0.64,-0.44,-0.54,0.65
-0.7412500000000315,0.86,-0.64,-0.44,-0.54,0.66
-0.7412500000000041,0.85,-0.65,-0.45,-0.55,0.65
-0.7412500000000041,0.85,-0.65,-0.45,-0.55,0.66
-0.7412500000000041,0.85,-0.65,-0.45,-0.54,0.65
-0.7412500000000041,0.85,-0.65,-0.45,-0.54,0.66
-0.7412500000000041,0.85,-0.65,-0.44,-0.55,0.65
-0.7412500000000041,0.85,-0.65,-0.44,-0.55,0.66
-0.7412500000000041,0.85,-0.65,-0.44,-0.54,0.65
-0.7412500000000041,0.85,-0.65,-0.44,-0.54,0.66
-0.7412500000000041,0.85,-0.64,-0.45,-0.55,0.65
-0.7412500000000041,0.85,-0.64,-0.45,-0.55,0.66
-0.7412500000000041,0.85,-0.64,-0.45,-0.54,0.65
-0.7412500000000041,0.85,-0.64,-0.45,-0.54,0.66
-0.7412500000000041,0.85,-0.64,-0.44,-0.55,0.65
-0.7412500000000041,0.85,-0.64,-0.44,-0.55,0.66
-0.7412500000000041,0.85,-0.64,-0.44,-0.54,0.65
-0.7412500000000041,0.85,-0.64,-0.44,-0.54,0.66
-0.7412500000000041,0.86,-0.65,-0.45,-0.55,0.65
-0.7412500000000041,0.86,-0.65,-0.45,-0.55,0.66
-0.7412500000000041,0.86,-0.65,-0.45,-0.54,0.65
-0.7412500000000041,0.86,-0.65,-0.45,-0.54,0.66
-0.7412500000000041,0.86,-0.65,-0.44,-0.55,0.65
-0.7412500000000041,0.86,-0.65,-0.44,-0.55,0.66
-0.7412500000000041,0.86,-0.65,-0.44,-0.54,0.65
-0.7412500000000041,0.86,-0.65,-0.44,-0.54,0.66
-0.7412500000000041,0.86,-0.64,-0.45,-0.55,0.65
-0.7412500000000041,0.86,-0.64,-0.45,-0.55,0.66
-0.7412500000000041,0.86,-0.64,-0.45,-0.54,0.65
-0.7412500000000041,0.86,-0.64,-0.45,-0.54,0.66
-0.7412500000000041,0.86,-0.64,-0.44,-0.55,0.65
-0.7412500000000041,0.86,-0.64,-0.44,-0.55,0.66
-0.7412500000000041,0.86,-0.64,-0.44,-0.54,0.65
-0.7412500000000041,0.86,-0.64,-0.44,-0.54,0.66
-0.7412500000000034,0.85,-0.65,-0.45,-0.55,0.65
-0.7412500000000034,0.85,-0.65,-0.45,-0.55,0.66
-0.7412500000000034,0.85,-0.65,-0.45,-0.54,0.65
-0.7412500000000034,0.85,-0.65,-0.45,-0.54,0.66
-0.7412500000000034,0.85,-0.65,-0.44,-0.55,0.65
-0.7412500000000034,0.85,-0.65,-0.44,-0.55,0.66
-0.7412500000000034,0.85,-0.65,-0.44,-0.54,0.65
-0.7412500000000034,0.85,-0.65,-0.44,-0.54,0.66
-0.7412500000000034,0.85,-0.64,-0.45,-0.55,0.65
-0.7412500000000034,0.85,-0.64,-0.45,-0.55,0.66
-0.7412500000000034,0.85,-0.64,-0.45,-0.54,0.65
-0.7412500000000034,0.85,-0.64,-0.45,-0.54,0.66
-0.7412500000000034,0.85,-0.64,-0.44,-0.55,0.65
-0.7412500000000034,0.85,-0.64,-0.44,-0.55,0.66
-0.7412500000000034,0.85,-0.64,-0.44,-0.54,0.65
-0.7412500000000034,0.85,-0.64,-0.44,-0.54,0.66
-0.7412500000000034,0.86,-0.65,-0.45,-0.55,0.65
-0.7412500000000034,0.86,-0.65,-0.45,-0.55,0.66
-0.7412500000000034,0.86,-0.65,-0.45,-0.54,0.65
-0.7412500000000034,0.86,-0.65,-0.45,-0.54,0.66
-0.7412500000000034,0.86,-0.65,-0.44,-0.55,0.65
-0.7412500000000034,0.86,-0.65,-0.44,-0.55,0.66
-0.7412500000000034,0.86,-0.65,-0.44,-0.54,0.65
-0.7412500000000034,0.86,-0.65,-0.44,-0.54,0.66
-0.7412500000000034,0.86,-0.64,-0.45,-0.55,0.65
-0.7412500000000034,0.86,-0.64,-0.45,-0.55,0.66
-0.7412500000000034,0.86,-0.64,-0.45,-0.54,0.65
-0.7412500000000034,0.86,-0.64,-0.45,-0.54,0.66
-0.7412500000000034,0.86,-0.64,-0.44,-0.55,0.65
-0.7412500000000034,0.86,-0.64,-0.44,-0.55,0.66
-0.7412500000000034,0.86,-0.64,-0.44,-0.54,0.65
-0.7412500000000034,0.86,-0.64,-0.44,-0.54,0.66
-0.7412499999999499,0.85,-0.65,-0.45,-0.55,0.65
-0.7412499999999499,0.85,-0.65,-0.45,-0.55,0.66
-0.7412499999999499,0.85,-0.65,-0.45,-0.54,0.65
-0.7412499999999499,0.85,-0.65,-0.45,-0.54,0.66
-0.7412499999999499,0.85,-0.65,-0.44,-0.55,0.65
-0.7412499999999499,0.85,-0.65,-0.44,-0.55,0.66
-0.7412499999999499,0.85,-0.65,-0.44,-0.54,0.65
-0.7412499999999499,0.85,-0.65,-0.44,-0.54,0.66
-0.7412499999999499,0.85,-0.64,-0.45,-0.55,0.65
-0.7412499999999499,0.85,-0.64,-0.45,-0.55,0.66
-0.7412499999999499,0.85,-0.64,-0.45,-0.54,0.65
-0.7412499999999499,0.85,-0.64,-0.45,-0.54,0.66
-0.7412499999999499,0.85,-0.64,-0.44,-0.55,0.65
-0.7412499999999499,0.85,-0.64,-0.44,-0.55,0.66
-0.7412499999999499,0.85,-0.64,-0.44,-0.54,0.65
-0.7412499999999499,0.85,-0.64,-0.44,-0.54,0.66
-0.7412499999999499,0.86,-0.65,-0.45,-0.55,0.65
-0.7412499999999499,0.86,-0.65,-0.45,-0.55,0.66
-0.7412499999999499,0.86,-0.65,-0.45,-0.54,0.65
-0.7412499999999499,0.86,-0.65,-0.45,-0.54,0.66
-0.7412499999999499,0.86,-0.65,-0.44,-0.55,0.65
-0.7412499999999499,0.86,-0.65,-0.44,-0.55,0.66
-0.7412499999999499,0.86,-0.65,-0.44,-0.54,0.65
-0.7412499999999499,0.86,-0.65,-0.44,-0.54,0.66
-0.7412499999999499,0.86,-0.64,-0.45,-0.55,0.65
-0.7412499999999499,0.86,-0.64,-0.45,-0.55,0.66
-0.7412499999999499,0.86,-0.64,-0.45,-0.54,0.65
-0.7412499999999499,0.86,-0.64,-0.45,-0.54,0.66
-0.7412499999999499,0.86,-0.64,-0.44,-0.55,0.65
-0.7412499999999499,0.86,-0.64,-0.44,-0.55,0.66
-0.7412499999999499,0.86,-0.64,-0.44,-0.54,0.65
-0.7412499999999499,0.86,-0.64,-0.44,-0.54,0.66
-0.74,0.85,-0.65,-0.45,-0.55,0.65
-0.74,0.85,-0.65,-0.45,-0.55,0.66
-0.74,0.85,-0.65,-0.45,-0.54,0.65
-0.74,0.85,-0.65,-0.45,-0.54,0.66
-0.74,0.85,-0.65,-0.44,-0.55,0.65
-0.74,0.85,-0.65,-0.44,-0.55,0.66
-0.74,0.85,-0.65,-0.44,-0.54,0.65
-0.74,0.85,-0.65,-0.44,-0.54,0.66
-0.74,0.85,-0.648750000000006,-0.45,-0.55,0.65
-0.74,0.85,-0.648750000000006,-0.45,-0.55,0.66
-0.74,0.85,-0.648750000000006,-0.45,-0.54,0.65
-0.74,0.85,-0.648750000000006,-0.45,-0.54,0.66
-0.74,0.85,-0.648750000000006,-0.44,-0.55,0.65
-0.74,0.85,-0.648750000000006,-0.44,-0.55,0.66
-0.74,0.85,-0.648750000000006,-0.44,-0.54,0.65
-0.74,0.85,-0.648750000000006,-0.44,-0.54,0.66
-0.74,0.85,-0.6487499999999975,-0.45,-0.55,0.65
-0.74,0.85,-0.6487499999999975,-0.45,-0.55,0.66
-0.74,0.85,-0.6487499999999975,-0.45,-0.54,0.65
-0.74,0.85,-0.6487499999999975,-0.45,-0.54,0.66
-0.74,0.85,-0.6487499999999975,-0.44,-0.55,0.65
-0.74,0.85,-0.6487499999999975,-0.44,-0.55,0.66
-0.74,0.85,-0.6487499999999975,-0.44,-0.54,0.65
-0.74,0.85,-0.6487499999999975,-0.44,-0.54,0.66
-0.74,0.85,-0.6487499999999938,-0.45,-0.55,0.65
-0.74,0.85,-0.6487499999999938,-0.45,-0.55,0.66
-0.74,0.85,-0.6487499999999938,-0.45,-0.54,0.65
-0.74,0.85,-0.6487499999999938,-0.45,-0.54,0.66
-0.74,0.85,-0.6487499999999938,-0.44,-0.55,0.65
-0.74,0.85,-0.6487499999999938,-0.44,-0.55,0.66
-0.74,0.85,-0.6487499999999938,-0.44,-0.54,0.65
-0.74,0.85,-0.6487499999999938,-0.44,-0.54,0.66
-0.74,0.85,-0.6487499999999846,-0.45,-0.55,0.65
-0.74,0.85,-0.6487499999999846,-0.45,-0.55,0.66
-0.74,0.85,-0.6487499999999846,-0.45,-0.54,0.65
-0.74,0.85,-0.6487499999999846,-0.45,-0.54,0.66
-0.74,0.85,-0.6487499999999846,-0.44,-0.55,0.65
-0.74,0.85,-0.6487499999999846,-0.44,-0.55,0.66
-0.74,0.85,-0.6487499999999846,-0.44,-0.54,0.65
-0.74,0.85,-0.6487499999999846,-0.44,-0.54,0.66
-0.74,0.85,-0.648,-0.45,-0.55,0.65
-0.74,0.85,-0.648,-0.45,-0.55,0.66
-0.74,0.85,-0.648,-0.45,-0.54,0.65
-0.74,0.85,-0.648,-0.45,-0.54,0.66
-0.74,0.85,-0.648,-0.44,-0.55,0.65
-0.74,0.85,-0.648,-0.44,-0.55,0.66
-0.74,0.85,-0.648,-0.44,-0.54,0.65
-0.74,0.85,-0.648,-0.44,-0.54,0.66
-0.74,0.85,-0.6462500000000013,-0.45,-0.55,0.65
-0.74,0.85,-0.6462500000000013,-0.45,-0.55,0.66
-0.74,0.85,-0.6462500000000013,-0.45,-0.54,0.65
-0.74,0.85,-0.6462500000000013,-0.45,-0.54,0.66
-0.74,0.85,-0.6462500000000013,-0.44,-0.55,0.65
-0.74,0.85,-0.6462500000000013,-0.44,-0.55,0.66
-0.74,0.85,-0.6462500000000013,-0.44,-0.54,0.65
-0.74,0.85,-0.6462500000000013,-0.44,-0.54,0.66
-0.74,0.85,-0.6462499999999951,-0.45,-0.55,0.65
-0.74,0.85,-0.6462499999999951,-0.45,-0.55,0.66
-0.74,0.85,-0.6462499999999951,-0.45,-0.54,0.65
-0.74,0.85,-0.6462499999999951,-0.45,-0.54,0.66
-0.74,0.85,-0.6462499999999951,-0.44,-0.55,0.65
-0.74,0.85,-0.6462499999999951,-0.44,-0.55,0.66
-0.74,0.85,-0.6462499999999951,-0.44,-0.54,0.65
-0.74,0.85,-0.6462499999999951,-0.44,-0.54,0.66
-0.74,0.85,-0.646249999999987,-0.45,-0.55,0.65
-0.74,0.85,-0.646249999999987,-0.45,-0.55,0.66
-0.74,0.85,-0.646249999999987,-0.45,-0.54,0.65
-0.74,0.85,-0.646249999999987,-0.45,-0.54,0.66
-0.74,0.85,-0.646249999999987,-0.44,-0.55,0.65
-0.74,0.85,-0.646249999999987,-0.44,-0.55,0.66
-0.74,0.85,-0.646249999999987,-0.44,-0.54,0.65
-0.74,0.85,-0.646249999999987,-0.44,-0.54,0.66
-0.74,0.85,-0.6462499999999739,-0.45,-0.55,0.65
-0.74,0.85,-0.6462499999999739,-0.45,-0.55,0.66
-0.74,0.85,-0.6462499999999739,-0.45,-0.54,0.65
-0.74,0.85,-0.6462499999999739,-0.45,-0.54,0.66
-0.74,0.85,-0.6462499999999739,-0.44,-0.55,0.65
-0.74,0.85,-0.6462499999999739,-0.44,-0.55,0.66
-0.74,0.85,-0.6462499999999739,-0.44,-0.54,0.65
-0.74,0.85,-0.6462499999999739,-0.44,-0.54,0.66
-0.74,0.85,-0.646,-0.45,-0.55,0.65
-0.74,0.85,-0.646,-0.45,-0.55,0.66
-0.74,0.85,-0.646,-0.45,-0.54,0.65
-0.74,0.85,-0.646,-0.45,-0.54,0.66
-0.74,0.85,-0.646,-0.44,-0.55,0.65
-0.74,0.85,-0.646,-0.44,-0.55,0.66
-0.74,0.85,-0.646,-0.44,-0.54,0.65
-0.74,0.85,-0.646,-0.44,-0.54,0.66
-0.74,0.85,-0.644,-0.45,-0.55,0.65
-0.74,0.85,-0.644,-0.45,-0.55,0.66
-0.74,0.85,-0.644,-0.45,-0.54,0.65
-0.74,0.85,-0.644,-0.45,-0.54,0.66
-0.74,0.85,-0.644,-0.44,-0.55,0.65
-0.74,0.85,-0.644,-0.44,-0.55,0.66
-0.74,0.85,-0.644,-0.44,-0.54,0.65
-0.74,0.85,-0.644,-0.44,-0.54,0.66
-0.74,0.85,-0.6437500000000044,-0.45,-0.55,0.65
-0.74,0.85,-0.6437500000000044,-0.45,-0.55,0.66
-0.74,0.85,-0.6437500000000044,-0.45,-0.54,0.65
-0.74,0.85,-0.6437500000000044,-0.45,-0.54,0.66
-0.74,0.85,-0.6437500000000044,-0.44,-0.55,0.65
-0.74,0.85,-0.6437500000000044,-0.44,-0.55,0.66
-0.74,0.85,-0.6437500000000044,-0.44,-0.54,0.65
-0.74,0.85,-0.6437500000000044,-0.44,-0.54,0.66
-0.74,0.85,-0.6437499999999875,-0.45,-0.55,0.65
-0.74,0.85,-0.6437499999999875,-0.45,-0.55,0.66
-0.74,0.85,-0.6437499999999875,-0.45,-0.54,0.65
-0.74,0.85,-0.6437499999999875,-0.45,-0.54,0.66
-0.74,0.85,-0.6437499999999875,-0.44,-0.55,0.65
-0.74,0.85,-0.6437499999999875,-0.44,-0.55,0.66
-0.74,0.85,-0.6437499999999875,-0.44,-0.54,0.65
-0.74,0.85,-0.6437499999999875,-0.44,-0.54,0.66
-0.74,0.85,-0.6437499999999418,-0.45,-0.55,0.65
-0.74,0.85,-0.6437499999999418,-0.45,-0.55,0.66
-0.74,0.85,-0.6437499999999418,-0.45,-0.54,0.65
-0.74,0.85,-0.6437499999999418,-0.45,-0.54,0.66
-0.74,0.85,-0.6437499999999418,-0.44,-0.55,0.65
-0.74,0.85,-0.6437499999999418,-0.44,-0.55,0.66
-0.74,0.85,-0.6437499999999418,-0.44,-0.54,0.65
-0.74,0.85,-0.6437499999999418,-0.44,-0.54,0.66
-0.74,0.85,-0.6437499999998718,-0.45,-0.55,0.65
-0.74,0.85,-0.6437499999998718,-0.45,-0.55,0.66
-0.74,0.85,-0.6437499999998718,-0.45,-0.54,0.65
-0.74,0.85,-0.6437499999998718,-0.45,-0.54,0.66
-0.74,0.85,-0.6437499999998718,-0.44,-0.55,0.65
-0.74,0.85,-0.6437499999998718,-0.44,-0.55,0.66
-0.74,0.85,-0.6437499999998718,-0.44,-0.54,0.65
-0.74,0.85,-0.6437499999998718,-0.44,-0.54,0.66
-0.74,0.85,-0.642,-0.45,-0.55,0.65
-0.74,0.85,-0.642,-0.45,-0.55,0.66
-0.74,0.85,-0.642,-0.45,-0.54,0.65
-0.74,0.85,-0.642,-0.45,-0.54,0.66
-0.74,0.85,-0.642,-0.44,-0.55,0.65
-0.74,0.85,-0.642,-0.44,-0.55,0.66
-0.74,0.85,-0.642,-0.44,-0.54,0.65
-0.74,0.85,-0.642,-0.44,-0.54,0.66
-0.74,0.85,-0.6412499999999999,-0.45,-0.55,0.65
-0.74,0.85,-0.6412499999999999,-0.45,-0.55,0.66
-0.74,0.85,-0.6412499999999999,-0.45,-0.54,0.65
-0.74,0.85,-0.6412499999999999,-0.45,-0.54,0.66
-0.74,0.85,-0.6412499999999999,-0.44,-0.55,0.65
-0.74,0.85,-0.6412499999999999,-0.44,-0.55,0.66
-0.74,0.85,-0.6412499999999999,-0.44,-0.54,0.65
-0.74,0.85,-0.6412499999999999,-0.44,-0.54,0.66
-0.74,0.85,-0.6412499999999983,-0.45,-0.55,0.65
-0.74,0.85,-0.6412499999999983,-0.45,-0.55,0.66
-0.74,0.85,-0.6412499999999983,-0.45,-0.54,0.65
-0.74,0.85,-0.6412499999999983,-0.45,-0.54,0.66
-0.74,0.85,-0.6412499999999983,-0.44,-0.55,0.65
-0.74,0.85,-0.6412499999999983,-0.44,-0.55,0.66
-0.74,0.85,-0.6412499999999983,-0.44,-0.54,0.65
-0.74,0.85,-0.6412499999999983,-0.44,-0.54,0.66
-0.74,0.85,-0.641249999999991,-0.45,-0.55,0.65
-0.74,0.85,-0.641249999999991,-0.45,-0.55,0.66
-0.74,0.85,-0.641249999999991,-0.45,-0.54,0.65
-0.74,0.85,-0.641249999999991,-0.45,-0.54,0.66
-0.74,0.85,-0.641249999999991,-0.44,-0.55,0.65
-0.74,0.85,-0.641249999999991,-0.44,-0.55,0.66
-0.74,0.85,-0.641249999999991,-0.44,-0.54,0.65
-0.74,0.85,-0.641249999999991,-0.44,-0.54,0.66
-0.74,0.85,-0.6412499999999774,-0.45,-0.55,0.65
-0.74,0.85,-0.6412499999999774,-0.45,-0.55,0.66
-0.74,0.85,-0.6412499999999774,-0.45,-0.54,0.65
-0.74,0.85,-0.6412499999999774,-0.45,-0.54,0.66
-0.74,0.85,-0.6412499999999774,-0.44,-0.55,0.65
-0.74,0.85,-0.6412499999999774,-0.44,-0.55,0.66
-0.74,0.85,-0.6412499999999774,-0.44,-0.54,0.65
-0.74,0.85,-0.6412499999999774,-0.44,-0.54,0.66
-0.74,0.85,-0.64,-0.45,-0.55,0.65
-0.74,0.85,-0.64,-0.45,-0.55,0.66
-0.74,0.85,-0.64,-0.45,-0.54,0.65
-0.74,0.85,-0.64,-0.45,-0.54,0.66
-0.74,0.85,-0.64,-0.44,-0.55,0.65
-0.74,0.85,-0.64,-0.44,-0.55,0.66
-0.74,0.85,-0.64,-0.44,-0.54,0.65
-0.74,0.85,-0.64,-0.44,-0.54,0.66
-0.74,0.851249999999978,-0.65,-0.45,-0.55,0.65
-0.74,0.851249999999978,-0.65,-0.45,-0.55,0.66
-0.74,0.851249999999978,-0.65,-0.45,-0.54,0.65
-0.74,0.851249999999978,-0.65,-0.45,-0.54,0.66
-0.74,0.851249999999978,-0.65,-0.44,-0.55,0.65
-0.74,0.851249999999978,-0.65,-0.44,-0.55,0.66
-0.74,0.851249999999978,-0.65,-0.44,-0.54,0.65
-0.74,0.851249999999978,-0.65,-0.44,-0.54,0.66
-0.74,0.851249999999978,-0.64,-0.45,-0.55,0.65
-0.74,0.851249999999978,-0.64,-0.45,-0.55,0.66
-0.74,0.851249999999978,-0.64,-0.45,-0.54,0.65
-0.74,0.851249999999978,-0.64,-0.45,-0.54,0.66
-0.74,0.851249999999978,-0.64,-0.44,-0.55,0.65
-0.74,0.851249999999978,-0.64,-0.44,-0.55,0.66
-0.74,0.851249999999978,-0.64,-0.44,-0.54,0.65
-0.74,0.851249999999978,-0.64,-0.44,-0.54,0.66
-0.74,0.85125000000001,-0.65,-0.45,-0.55,0.65
-0.74,0.85125000000001,-0.65,-0.45,-0.55,0.66
-0.74,0.85125000000001,-0.65,-0.45,-0.54,0.65
-0.74,0.85125000000001,-0.65,-0.45,-0.54,0.66
-0.74,0.85125000000001,-0.65,-0.44,-0.55,0.65
-0.74,0.85125000000001,-0.65,-0.44,-0.55,0.66
-0.74,0.85125000000001,-0.65,-0.44,-0.54,0.65
-0.74,0.85125000000001,-0.65,-0.44,-0.54,0.66
-0.74,0.85125000000001,-0.64,-0.45,-0.55,0.65
-0.74,0.85125000000001,-0.64,-0.45,-0.55,0.66
-0.74,0.85125000000001,-0.64,-0.45,-0.54,0.65
-0.74,0.85125000000001,-0.64,-0.45,-0.54,0.66
-0.74,0.85125000000001,-0.64,-0.44,-0.55,0.65
-0.74,0.85125000000001,-0.64,-0.44,-0.55,0.66
-0.74,0.85125000000001,-0.64,-0.44,-0.54,0.65
-0.74,0.85125000000001,-0.64,-0.44,-0.54,0.66
-0.74,0.8512500000000784,-0.65,-0.45,-0.55,0.65
-0.74,0.8512500000000784,-0.65,-0.45,-0.55,0.66
-0.74,0.8512500000000784,-0.65,-0.45,-0.54,0.65
-0.74,0.8512500000000784,-0.65,-0.45,-0.54,0.66
-0.74,0.8512500000000784,-0.65,-0.44,-0.55,0.65
-0.74,0.8512500000000784,-0.65,-0.44,-0.55,0.66
-0.74,0.8512500000000784,-0.65,-0.44,-0.54,0.65
-0.74,0.8512500000000784,-0.65,-0.44,-0.54,0.66
-0.74,0.8512500000000784,-0.64,-0.45,-0.55,0.65
-0.74,0.8512500000000784,-0.64,-0.45,-0.55,0.66
-0.74,0.8512500000000784,-0.64,-0.45,-0.54,0.65
-0.74,0.8512500000000784,-0.64,-0.45,-0.54,0.66
-0.74,0.8512500000000784,-0.64,-0.44,-0.55,0.65
-0.74,0.8512500000000784,-0.64,-0.44,-0.55,0.66
-0.74,0.8512500000000784,-0.64,-0.44,-0.54,0.65
-0.74,0.8512500000000784,-0.64,-0.44,-0.54,0.66
-0.74,0.852,-0.65,-0.45,-0.55,0.65
-0.74,0.852,-0.65,-0.45,-0.55,0.66
-0.74,0.852,-0.65,-0.45,-0.54,0.65
-0.74,0.852,-0.65,-0.45,-0.54,0.66
-0.74,0.852,-0.65,-0.44,-0.55,0.65
-0.74,0.852,-0.65,-0.44,-0.55,0.66
-0.74,0.852,-0.65,-0.44,-0.54,0.65
-0.74,0.852,-0.65,-0.44,-0.54,0.66
-0.74,0.852,-0.64,-0.45,-0.55,0.65
-0.74,0.852,-0.64,-0.45,-0.55,0.66
-0.74,0.852,-0.64,-0.45,-0.54,0.65
-0.74,0.852,-0.64,-0.45,-0.54,0.66
-0.74,0.852,-0.64,-0.44,-0.55,0.65
-0.74,0.852,-0.64,-0.44,-0.55,0.66
-0.74,0.852,-0.64,-0.44,-0.54,0.65
-0.74,0.852,-0.64,-0.44,-0.54,0.66
-0.74,0.85375,-0.65,-0.45,-0.55,0.65
-0.74,0.85375,-0.65,-0.45,-0.55,0.66
-0.74,0.85375,-0.65,-0.45,-0.54,0.65
-0.74,0.85375,-0.65,-0.45,-0.54,0.66
-0.74,0.85375,-0.65,-0.44,-0.55,0.65
-0.74,0.85375,-0.65,-0.44,-0.55,0.66
-0.74,0.85375,-0.65,-0.44,-0.54,0.65
-0.74,0.85375,-0.65,-0.44,-0.54,0.66
-0.74,0.85375,-0.64,-0.45,-0.55,0.65
-0.74,0.85375,-0.64,-0.45,-0.55,0.66
-0.74,0.85375,-0.64,-0.45,-0.54,0.65
-0.74,0.85375,-0.64,-0.45,-0.54,0.66
-0.74,0.85375,-0.64,-0.44,-0.55,0.65
-0.74,0.85375,-0.64,-0.44,-0.55,0.66
-0.74,0.85375,-0.64,-0.44,-0.54,0.65
-0.74,0.85375,-0.64,-0.44,-0.54,0.66
-0.74,0.8537500000000101,-0.65,-0.45,-0.55,0.65
-0.74,0.8537500000000101,-0.65,-0.45,-0.55,0.66
-0.74,0.8537500000000101,-0.65,-0.45,-0.54,0.65
-0.74,0.8537500000000101,-0.65,-0.45,-0.54,0.66
-0.74,0.8537500000000101,-0.65,-0.44,-0.55,0.65
-0.74,0.8537500000000101,-0.65,-0.44,-0.55,0.66
-0.74,0.8537500000000101,-0.65,-0.44,-0.54,0.65
-0.74,0.8537500000000101,-0.65,-0.44,-0.54,0.66
-0.74,0.8537500000000101,-0.64,-0.45,-0.55,0.65
-0.74,0.8537500000000101,-0.64,-0.45,-0.55,0.66
-0.74,0.8537500000000101,-0.64,-0.45,-0.54,0.65
-0.74,0.8537500000000101,-0.64,-0.45,-0.54,0.66
-0.74,0.8537500000000101,-0.64,-0.44,-0.55,0.65
-0.74,0.8537500000000101,-0.64,-0.44,-0.55,0.66
-0.74,0.8537500000000101,-0.64,-0.44,-0.54,0.65
-0.74,0.8537500000000101,-0.64,-0.44,-0.54,0.66
-0.74,0.8537500000000683,-0.65,-0.45,-0.55,0.65
-0.74,0.8537500000000683,-0.65,-0.45,-0.55,0.66
-0.74,0.8537500000000683,-0.65,-0.45,-0.54,0.65
-0.74,0.8537500000000683,-0.65,-0.45,-0.54,0.66
-0.74,0.8537500000000683,-0.65,-0.44,-0.55,0.65
-0.74,0.8537500000000683,-0.65,-0.44,-0.55,0.66
-0.74,0.8537500000000683,-0.65,-0.44,-0.54,0.65
-0.74,0.8537500000000683,-0.65,-0.44,-0.54,0.66
-0.74,0.8537500000000683,-0.64,-0.45,-0.55,0.65
-0.74,0.8537500000000683,-0.64,-0.45,-0.55,0.66
-0.74,0.8537500000000683,-0.64,-0.45,-0.54,0.65
-0.74,0.8537500000000683,-0.64,-0.45,-0.54,0.66
-0.74,0.8537500000000683,-0.64,-0.44,-0.55,0.65
-0.74,0.8537500000000683,-0.64,-0.44,-0.55,0.66
-0.74,0.8537500000000683,-0.64,-0.44,-0.54,0.65
-0.74,0.8537500000000683,-0.64,-0.44,-0.54,0.66
-0.74,0.854,-0.65,-0.45,-0.55,0.65
-0.74,0.854,-0.65,-0.45,-0.55,0.66
-0.74,0.854,-0.65,-0.45,-0.54,0.65
-0.74,0.854,-0.65,-0.45,-0.54,0.66
-0.74,0.854,-0.65,-0.44,-0.55,0.65
-0.74,0.854,-0.65,-0.44,-0.55,0.66
-0.74,0.854,-0.65,-0.44,-0.54,0.65
-0.74,0.854,-0.65,-0.44,-0.54,0.66
-0.74,0.854,-0.64,-0.45,-0.55,0.65
-0.74,0.854,-0.64,-0.45,-0.55,0.66
-0.74,0.854,-0.64,-0.45,-0.54,0.65
-0.74,0.854,-0.64,-0.45,-0.54,0.66
-0.74,0.854,-0.64,-0.44,-0.55,0.65
-0.74,0.854,-0.64,-0.44,-0.55,0.66
-0.74,0.854,-0.64,-0.44,-0.54,0.65
-0.74,0.854,-0.64,-0.44,-0.54,0.66
-0.74,0.856,-0.65,-0.45,-0.55,0.65
-0.74,0.856,-0.65,-0.45,-0.55,0.66
-0.74,0.856,-0.65,-0.45,-0.54,0.65
-0.74,0.856,-0.65,-0.45,-0.54,0.66
-0.74,0.856,-0.65,-0.44,-0.55,0.65
-0.74,0.856,-0.65,-0.44,-0.55,0.66
-0.74,0.856,-0.65,-0.44,-0.54,0.65
-0.74,0.856,-0.65,-0.44,-0.54,0.66
-0.74,0.856,-0.64,-0.45,-0.55,0.65
-0.74,0.856,-0.64,-0.45,-0.55,0.66
-0.74,0.856,-0.64,-0.45,-0.54,0.65
-0.74,0.856,-0.64,-0.45,-0.54,0.66
-0.74,0.856,-0.64,-0.44,-0.55,0.65
-0.74,0.856,-0.64,-0.44,-0.55,0.66
-0.74,0.856,-0.64,-0.44,-0.54,0.65
-0.74,0.856,-0.64,-0.44,-0.54,0.66
-0.74,0.85624999999996,-0.65,-0.45,-0.55,0.65
-0.74,0.85624999999996,-0.65,-0.45,-0.55,0.66
-0.74,0.85624999999996,-0.65,-0.45,-0.54,0.65
-0.74,0.85624999999996,-0.65,-0.45,-0.54,0.66
-0.74,0.85624999999996,-0.65,-0.44,-0.55,0.65
-0.74,0.85624999999996,-0.65,-0.44,-0.55,0.66
-0.74,0.85624999999996,-0.65,-0.44,-0.54,0.65
-0.74,0.85624999999996,-0.65,-0.44,-0.54,0.66
-0.74,0.85624999999996,-0.64,-0.45,-0.55,0.65
-0.74,0.85624999999996,-0.64,-0.45,-0.55,0.66
-0.74,0.85624999999996,-0.64,-0.45,-0.54,0.65
-0.74,0.85624999999996,-0.64,-0.45,-0.54,0.66
-0.74,0.85624999999996,-0.64,-0.44,-0.55,0.65
-0.74,0.85624999999996,-0.64,-0.44,-0.55,0.66
-0.74,0.85624999999996,-0.64,-0.44,-0.54,0.65
-0.74,0.85624999999996,-0.64,-0.44,-0.54,0.66
-0.74,0.8562499999999961,-0.65,-0.45,-0.55,0.65
-0.74,0.8562499999999961,-0.65,-0.45,-0.55,0.66
-0.74,0.8562499999999961,-0.65,-0.45,-0.54,0.65
-0.74,0.8562499999999961,-0.65,-0.45,-0.54,0.66
-0.74,0.8562499999999961,-0.65,-0.44,-0.55,0.65
-0.74,0.8562499999999961,-0.65,-0.44,-0.55,0.66
-0.74,0.8562499999999961,-0.65,-0.44,-0.54,0.65
-0.74,0.8562499999999961,-0.65,-0.44,-0.54,0.66
-0.74,0.8562499999999961,-0.64,-0.45,-0.55,0.65
-0.74,0.8562499999999961,-0.64,-0.45,-0.55,0.66
-0.74,0.8562499999999961,-0.64,-0.45,-0.54,0.65
-0.74,0.8562499999999961,-0.64,-0.45,-0.54,0.66
-0.74,0.8562499999999961,-0.64,-0.44,-0.55,0.65
-0.74,0.8562499999999961,-0.64,-0.44,-0.55,0.66
-0.74,0.8562499999999961,-0.64,-0.44,-0.54,0.65
-0.74,0.8562499999999961,-0.64,-0.44,-0.54,0.66
-0.74,0.8562500000000315,-0.65,-0.45,-0.55,0.65
-0.74,0.8562500000000315,-0.65,-0.45,-0.55,0.66
-0.74,0.8562500000000315,-0.65,-0.45,-0.54,0.65
-0.74,0.8562500000000315,-0.65,-0.45,-0.54,0.66
-0.74,0.8562500000000315,-0.65,-0.44,-0.55,0.65
-0.74,0.8562500000000315,-0.65,-0.44,-0.55,0.66
-0.74,0.8562500000000315,-0.65,-0.44,-0.54,0.65
-0.74,0.8562500000000315,-0.65,-0.44,-0.54,0.66
-0.74,0.8562500000000315,-0.64,-0.45,-0.55,0.65
-0.74,0.8562500000000315,-0.64,-0.45,-0.55,0.66
-0.74,0.8562500000000315,-0.64,-0.45,-0.54,0.65
-0.74,0.8562500000000315,-0.64,-0.45,-0.54,0.66
-0.74,0.8562500000000315,-0.64,-0.44,-0.55,0.65
-0.74,0.8562500000000315,-0.64,-0.44,-0.55,0.66
-0.74,0.8562500000000315,-0.64,-0.44,-0.54,0.65
-0.74,0.8562500000000315,-0.64,-0.44,-0.54,0.66
-0.74,0.858,-0.65,-0.45,-0.55,0.65
-0.74,0.858,-0.65,-0.45,-0.55,0.66
-0.74,0.858,-0.65,-0.45,-0.54,0.65
-0.74,0.858,-0.65,-0.45,-0.54,0.66
-0.74,0.858,-0.65,-0.44,-0.55,0.65
-0.74,0.858,-0.65,-0.44,-0.55,0.66
-0.74,0.858,-0.65,-0.44,-0.54,0.65
-0.74,0.858,-0.65,-0.44,-0.54,0.66
-0.74,0.858,-0.64,-0.45,-0.55,0.65
-0.74,0.858,-0.64,-0.45,-0.55,0.66
-0.74,0.858,-0.64,-0.45,-0.54,0.65
-0.74,0.858,-0.64,-0.45,-0.54,0.66
-0.74,0.858,-0.64,-0.44,-0.55,0.65
-0.74,0.858,-0.64,-0.44,-0.55,0.66
-0.74,0.858,-0.64,-0.44,-0.54,0.65
-0.74,0.858,-0.64,-0.44,-0.54,0.66
-0.74,0.8587499999999849,-0.65,-0.45,-0.55,0.65
-0.74,0.8587499999999849,-0.65,-0.45,-0.55,0.66
-0.74,0.8587499999999849,-0.65,-0.45,-0.54,0.65
-0.74,0.8587499999999849,-0.65,-0.45,-0.54,0.66
-0.74,0.8587499999999849,-0.65,-0.44,-0.55,0.65
-0.74,0.8587499999999849,-0.65,-0.44,-0.55,0.66
-0.74,0.8587499999999849,-0.65,-0.44,-0.54,0.65
-0.74,0.8587499999999849,-0.65,-0.44,-0.54,0.66
-0.74,0.8587499999999849,-0.64,-0.45,-0.55,0.65
-0.74,0.8587499999999849,-0.64,-0.45,-0.55,0.66
-0.74,0.8587499999999849,-0.64,-0.45,-0.54,0.65
-0.74,0.8587499999999849,-0.64,-0.45,-0.54,0.66
-0.74,0.8587499999999849,-0.64,-0.44,-0.55,0.65
-0.74,0.8587499999999849,-0.64,-0.44,-0.55,0.66
-0.74,0.8587499999999849,-0.64,-0.44,-0.54,0.65
-0.74,0.8587499999999849,-0.64,-0.44,-0.54,0.66
-0.74,0.8587500000000186,-0.65,-0.45,-0.55,0.65
-0.74,0.8587500000000186,-0.65,-0.45,-0.55,0.66
-0.74,0.8587500000000186,-0.65,-0.45,-0.54,0.65
-0.74,0.8587500000000186,-0.65,-0.45,-0.54,0.66
-0.74,0.8587500000000186,-0.65,-0.44,-0.55,0.65
-0.74,0.8587500000000186,-0.65,-0.44,-0.55,0.66
-0.74,0.8587500000000186,-0.65,-0.44,-0.54,0.65
-0.74,0.8587500000000186,-0.65,-0.44,-0.54,0.66
-0.74,0.8587500000000186,-0.64,-0.45,-0.55,0.65
-0.74,0.8587500000000186,-0.64,-0.45,-0.55,0.66
-0.74,0.8587500000000186,-0.64,-0.45,-0.54,0.65
-0.74,0.8587500000000186,-0.64,-0.45,-0.54,0.66
-0.74,0.8587500000000186,-0.64,-0.44,-0.55,0.65
-0.74,0.8587500000000186,-0.64,-0.44,-0.55,0.66
-0.74,0.8587500000000186,-0.64,-0.44,-0.54,0.65
-0.74,0.8587500000000186,-0.64,-0.44,-0.54,0.66
-0.74,0.8587500000000224,-0.65,-0.45,-0.55,0.65
-0.74,0.8587500000000224,-0.65,-0.45,-0.55,0.66
-0.74,0.8587500000000224,-0.65,-0.45,-0.54,0.65
-0.74,0.8587500000000224,-0.65,-0.45,-0.54,0.66
-0.74,0.8587500000000224,-0.65,-0.44,-0.55,0.65
-0.74,0.8587500000000224,-0.65,-0.44,-0.55,0.66
-0.74,0.8587500000000224,-0.65,-0.44,-0.54,0.65
-0.74,0.8587500000000224,-0.65,-0.44,-0.54,0.66
-0.74,0.8587500000000224,-0.64,-0.45,-0.55,0.65
-0.74,0.8587500000000224,-0.64,-0.45,-0.55,0.66
-0.74,0.8587500000000224,-0.64,-0.45,-0.54,0.65
-0.74,0.8587500000000224,-0.64,-0.45,-0.54,0.66
-0.74,0.8587500000000224,-0.64,-0.44,-0.55,0.65
-0.74,0.8587500000000224,-0.64,-0.44,-0.55,0.66
-0.74,0.8587500000000224,-0.64,-0.44,-0.54,0.65
-0.74,0.8587500000000224,-0.64,-0.44,-0.54,0.66
-0.74,0.86,-0.65,-0.45,-0.55,0.65
-0.74,0.86,-0.65,-0.45,-0.55,0.66
-0.74,0.86,-0.65,-0.45,-0.54,0.65
-0.74,0.86,-0.65,-0.45,-0.54,0.66
-0.74,0.86,-0.65,-0.44,-0.55,0.65
-0.74,0.86,-0.65,-0.44,-0.55,0.66
-0.74,0.86,-0.65,-0.44,-0.54,0.65
-0.74,0.86,-0.65,-0.44,-0.54,0.66
-0.74,0.86,-0.648750000000006,-0.45,-0.55,0.65
-0.74,0.86,-0.648750000000006,-0.45,-0.55,0.66
-0.74,0.86,-0.648750000000006,-0.45,-0.54,0.65
-0.74,0.86,-0.648750000000006,-0.45,-0.54,0.66
-0.74,0.86,-0.648750000000006,-0.44,-0.55,0.65
-0.74,0.86,-0.648750000000006,-0.44,-0.55,0.66
-0.74,0.86,-0.648750000000006,-0.44,-0.54,0.65
-0.74,0.86,-0.648750000000006,-0.44,-0.54,0.66
-0.74,0.86,-0.6487499999999975,-0.45,-0.55,0.65
-0.74,0.86,-0.6487499999999975,-0.45,-0.55,0.66
-0.74,0.86,-0.6487499999999975,-0.45,-0.54,0.65
-0.74,0.86,-0.6487499999999975,-0.45,-0.54,0.66
-0.74,0.86,-0.6487499999999975,-0.44,-0.55,0.65
-0.74,0.86,-0.6487499999999975,-0.44,-0.55,0.66
-0.74,0.86,-0.6487499999999975,-0.44,-0.54,0.65
-0.74,0.86,-0.6487499999999975,-0.44,-0.54,0.66
-0.74,0.86,-0.6487499999999938,-0.45,-0.55,0.65
-0.74,0.86,-0.6487499999999938,-0.45,-0.55,0.66
-0.74,0.86,-0.6487499999999938,-0.45,-0.54,0.65
-0.74,0.86,-0.6487499999999938,-0.45,-0.54,0.66
-0.74,0.86,-0.6487499999999938,-0.44,-0.55,0.65
-0.74,0.86,-0.6487499999999938,-0.44,-0.55,0.66
-0.74,0.86,-0.6487499999999938,-0.44,-0.54,0.65
-0.74,0.86,-0.6487499999999938,-0.44,-0.54,0.66
-0.74,0.86,-0.6487499999999846,-0.45,-0.55,0.65
-0.74,0.86,-0.6487499999999846,-0.45,-0.55,0.66
-0.74,0.86,-0.6487499999999846,-0.45,-0.54,0.65
-0.74,0.86,-0.6487499999999846,-0.45,-0.54,0.66
-0.74,0.86,-0.6487499999999846,-0.44,-0.55,0.65
-0.74,0.86,-0.6487499999999846,-0.44,-0.55,0.66
-0.74,0.86,-0.6487499999999846,-0.44,-0.54,0.65
-0.74,0.86,-0.6487499999999846,-0.44,-0.54,0.66
-0.74,0.86,-0.648,-0.45,-0.55,0.65
-0.74,0.86,-0.648,-0.45,-0.55,0.66
-0.74,0.86,-0.648,-0.45,-0.54,0.65
-0.74,0.86,-0.648,-0.45,-0.54,0.66
-0.74,0.86,-0.648,-0.44,-0.55,0.65
-0.74,0.86,-0.648,-0.44,-0.55,0.66
-0.74,0.86,-0.648,-0.44,-0.54,0.65
-0.74,0.86,-0.648,-0.44,-0.54,0.66
-0.74,0.86,-0.6462500000000013,-0.45,-0.55,0.65
-0.74,0.86,-0.6462500000000013,-0.45,-0.55,0.66
-0.74,0.86,-0.6462500000000013,-0.45,-0.54,0.65
-0.74,0.86,-0.6462500000000013,-0.45,-0.54,0.66
-0.74,0.86,-0.6462500000000013,-0.44,-0.55,0.65
-0.74,0.86,-0.6462500000000013,-0.44,-0.55,0.66
-0.74,0.86,-0.6462500000000013,-0.44,-0.54,0.65
-0.74,0.86,-0.6462500000000013,-0.44,-0.54,0.66
-0.74,0.86,-0.6462499999999951,-0.45,-0.55,0.65
-0.74,0.86,-0.6462499999999951,-0.45,-0.55,0.66
-0.74,0.86,-0.6462499999999951,-0.45,-0.54,0.65
-0.74,0.86,-0.6462499999999951,-0.45,-0.54,0.66
-0.74,0.86,-0.6462499999999951,-0.44,-0.55,0.65
-0.74,0.86,-0.6462499999999951,-0.44,-0.55,0.66
-0.74,0.86,-0.6462499999999951,-0.44,-0.54,0.65
-0.74,0.86,-0.6462499999999951,-0.44,-0.54,0.66
-0.74,0.86,-0.646249999999987,-0.45,-0.55,0.65
-0.74,0.86,-0.646249999999987,-0.45,-0.55,0.66
-0.74,0.86,-0.646249999999987,-0.45,-0.54,0.65
-0.74,0.86,-0.646249999999987,-0.45,-0.54,0.66
-0.74,0.86,-0.646249999999987,-0.44,-0.55,0.65
-0.74,0.86,-0.646249999999987,-0.44,-0.55,0.66
-0.74,0.86,-0.646249999999987,-0.44,-0.54,0.65
-0.74,0.86,-0.646249999999987,-0.44,-0.54,0.66
-0.74,0.86,-0.6462499999999739,-0.45,-0.55,0.65
-0.74,0.86,-0.6462499999999739,-0.45,-0.55,0.66
-0.74,0.86,-0.6462499999999739,-0.45,-0.54,0.65
-0.74,0.86,-0.6462499999999739,-0.45,-0.54,0.66
-0.74,0.86,-0.6462499999999739,-0.44,-0.55,0.65
-0.74,0.86,-0.6462499999999739,-0.44,-0.55,0.66
-0.74,0.86,-0.6462499999999739,-0.44,-0.54,0.65
-0.74,0.86,-0.6462499999999739,-0.44,-0.54,0.66
-0.74,0.86,-0.646,-0.45,-0.55,0.65
-0.74,0.86,-0.646,-0.45,-0.55,0.66
-0.74,0.86,-0.646,-0.45,-0.54,0.65
-0.74,0.86,-0.646,-0.45,-0.54,0.66
-0.74,0.86,-0.646,-0.44,-0.55,0.65
-0.74,0.86,-0.646,-0.44,-0.55,0.66
-0.74,0.86,-0.646,-0.44,-0.54,0.65
-0.74,0.86,-0.646,-0.44,-0.54,0.66
-0.74,0.86,-0.644,-0.45,-0.55,0.65
-0.74,0.86,-0.644,-0.45,-0.55,0.66
-0.74,0.86,-0.644,-0.45,-0.54,0.65
-0.74,0.86,-0.644,-0.45,-0.54,0.66
-0.74,0.86,-0.644,-0.44,-0.55,0.65
-0.74,0.86,-0.644,-0.44,-0.55,0.66
-0.74,0.86,-0.644,-0.44,-0.54,0.65
-0.74,0.86,-0.644,-0.44,-0.54,0.66
-0.74,0.86,-0.6437500000000044,-0.45,-0.55,0.65
-0.74,0.86,-0.6437500000000044,-0.45,-0.55,0.66
-0.74,0.86,-0.6437500000000044,-0.45,-0.54,0.65
-0.74,0.86,-0.6437500000000044,-0.45,-0.54,0.66
-0.74,0.86,-0.6437500000000044,-0.44,-0.55,0.65
-0.74,0.86,-0.6437500000000044,-0.44,-0.55,0.66
-0.74,0.86,-0.6437500000000044,-0.44,-0.54,0.65
-0.74,0.86,-0.6437500000000044,-0.44,-0.54,0.66
-0.74,0.86,-0.6437499999999875,-0.45,-0.55,0.65
-0.74,0.86,-0.6437499999999875,-0.45,-0.55,0.66
-0.74,0.86,-0.6437499999999875,-0.45,-0.54,0.65
-0.74,0.86,-0.6437499999999875,-0.45,-0.54,0.66
-0.74,0.86,-0.6437499999999875,-0.44,-0.55,0.65
-0.74,0.86,-0.6437499999999875,-0.44,-0.55,0.66
-0.74,0.86,-0.6437499999999875,-0.44,-0.54,0.65
-0.74,0.86,-0.6437499999999875,-0.44,-0.54,0.66
-0.74,0.86,-0.6437499999999418,-0.45,-0.55,0.65
-0.74,0.86,-0.6437499999999418,-0.45,-0.55,0.66
-0.74,0.86,-0.6437499999999418,-0.45,-0.54,0.65
-0.74,0.86,-0.6437499999999418,-0.45,-0.54,0.66
-0.74,0.86,-0.6437499999999418,-0.44,-0.55,0.65
-0.74,0.86,-0.6437499999999418,-0.44,-0.55,0.66
-0.74,0.86,-0.6437499999999418,-0.44,-0.54,0.65
-0.74,0.86,-0.6437499999999418,-0.44,-0.54,0.66
-0.74,0.86,-0.6437499999998718,-0.45,-0.55,0.65
-0.74,0.86,-0.6437499999998718,-0.45,-0.55,0.66
-0.74,0.86,-0.6437499999998718,-0.45,-0.54,0.65
-0.74,0.86,-0.6437499999998718,-0.45,-0.54,0.66
-0.74,0.86,-0.6437499999998718,-0.44,-0.55,0.65
-0.74,0.86,-0.6437499999998718,-0.44,-0.55,0.66
-0.74,0.86,-0.6437499999998718,-0.44,-0.54,0.65
-0.74,0.86,-0.6437499999998718,-0.44,-0.54,0.66
-0.74,0.86,-0.642,-0.45,-0.55,0.65
-0.74,0.86,-0.642,-0.45,-0.55,0.66
-0.74,0.86,-0.642,-0.45,-0.54,0.65
-0.74,0.86,-0.642,-0.45,-0.54,0.66
-0.74,0.86,-0.642,-0.44,-0.55,0.65
-0.74,0.86,-0.642,-0.44,-0.55,0.66
-0.74,0.86,-0.642,-0.44,-0.54,0.65
-0.74,0.86,-0.642,-0.44,-0.54,0.66
-0.74,0.86,-0.6412499999999999,-0.45,-0.55,0.65
-0.74,0.86,-0.6412499999999999,-0.45,-0.55,0.66
-0.74,0.86,-0.6412499999999999,-0.45,-0.54,0.65
-0.74,0.86,-0.6412499999999999,-0.45,-0.54,0.66
-0.74,0.86,-0.6412499999999999,-0.44,-0.55,0.65
-0.74,0.86,-0.6412499999999999,-0.44,-0.55,0.66
-0.74,0.86,-0.6412499999999999,-0.44,-0.54,0.65
-0.74,0.86,-0.6412499999999999,-0.44,-0.54,0.66
-0.74,0.86,-0.6412499999999983,-0.45,-0.55,0.65
-0.74,0.86,-0.6412499999999983,-0.45,-0.55,0.66
-0.74,0.86,-0.6412499999999983,-0.45,-0.54,0.65
-0.74,0.86,-0.6412499999999983,-0.45,-0.54,0.66
-0.74,0.86,-0.6412499999999983,-0.44,-0.55,0.65
-0.74,0.86,-0.6412499999999983,-0.44,-0.55,0.66
-0.74,0.86,-0.6412499999999983,-0.44,-0.54,0.65
-0.74,0.86,-0.6412499999999983,-0.44,-0.54,0.66
-0.74,0.86,-0.641249999999991,-0.45,-0.55,0.65
-0.74,0.86,-0.641249999999991,-0.45,-0.55,0.66
-0.74,0.86,-0.641249999999991,-0.45,-0.54,0.65
-0.74,0.86,-0.641249999999991,-0.45,-0.54,0.66
-0.74,0.86,-0.641249999999991,-0.44,-0.55,0.65
-0.74,0.86,-0.641249999999991,-0.44,-0.55,0.66
-0.74,0.86,-0.641249999999991,-0.44,-0.54,0.65
-0.74,0.86,-0.641249999999991,-0.44,-0.54,0.66
-0.74,0.86,-0.6412499999999774,-0.45,-0.55,0.65
-0.74,0.86,-0.6412499999999774,-0.45,-0.55,0.66
-0.74,0.86,-0.6412499999999774,-0.45,-0.54,0.65
-0.74,0.86,-0.6412499999999774,-0.45,-0.54,0.66
-0.74,0.86,-0.6412499999999774,-0.44,-0.55,0.65
-0.74,0.86,-0.6412499999999774,-0.44,-0.55,0.66
-0.74,0.86,-0.6412499999999774,-0.44,-0.54,0.65
-0.74,0.86,-0.6412499999999774,-0.44,-0.54,0.66
-0.74,0.86,-0.64,-0.45,-0.55,0.65
-0.74,0.86,-0.64,-0.45,-0.55,0.66
-0.74,0.86,-0.64,-0.45,-0.54,0.65
-0.74,0.86,-0.64,-0.45,-0.54,0.66
-0.74,0.86,-0.64,-0.44,-0.55,0.65
-0.74,0.86,-0.64,-0.44,-0.55,0.66
-0.74,0.86,-0.64,-0.44,-0.54,0.65
-0.74,0.86,-0.64,-0.44,-0.54,0.66
