dx_1
-0.25,-0.25,-0.25,-0.25,-0.25,-0.25
-0.25,-0.25,-0.25,-0.25,-0.25,0.25
-0.25,-0.25,-0.25,-0.25,0.25,-0.25
-0.25,-0.25,-0.25,-0.25,0.25,0.25
-0.25,-0.25,-0.25,0.25,-0.25,-0.25
-0.25,-0.25,-0.25,0.25,-0.25,0.25
-0.25,-0.25,-0.25,0.25,0.25,-0.25
-0.25,-0.25,-0.25,0.25,0.25,0.25
-0.25,-0.25,0.0,-0.25,-0.25,-0.25
-0.25,-0.25,0.0,-0.25,-0.25,0.25
-0.25,-0.25,0.0,-0.25,0.25,-0.25
-0.25,-0.25,0.0,-0.25,0.25,0.25
-0.25,-0.25,0.0,0.25,-0.25,-0.25
-0.25,-0.25,0.0,0.25,-0.25,0.25
-0.25,-0.25,0.0,0.25,0.25,-0.25
-0.25,-0.25,0.0,0.25,0.25,0.25
-0.25,-0.25,0.25,-0.25,-0.25,-0.25
-0.25,-0.25,0.25,-0.25,-0.25,0.25
-0.25,-0.25,0.25,-0.25,0.25,-0.25
-0.25,-0.25,0.25,-0.25,0.25,0.25
-0.25,-0.25,0.25,0.25,-0.25,-0.25
-0.25,-0.25,0.25,0.25,-0.25,0.25
-0.25,-0.25,0.25,0.25,0.25,-0.25
-0.25,-0.25,0.25,0.25,0.25,0.25
-0.25,0.0,-0.25,-0.25,-0.25,-0.25
-0.25,0.0,-0.25,-0.25,-0.25,0.25
-0.25,0.0,-0.25,-0.25,0.25,-0.25
-0.25,0.0,-0.25,-0.25,0.25,0.25
-0.25,0.0,-0.25,0.25,-0.25,-0.25
-0.25,0.0,-0.25,0.25,-0.25,0.25
-0.25,0.0,-0.25,0.25,0.25,-0.25
-0.25,0.0,-0.25,0.25,0.25,0.25
-0.25,0.0,0.25,-0.25,-0.25,-0.25
-0.25,0.0,0.25,-0.25,-0.25,0.25
-0.25,0.0,0.25,-0.25,0.25,-0.25
-0.25,0.0,0.25,-0.25,0.25,0.25
-0.25,0.0,0.25,0.25,-0.25,-0.25
-0.25,0.0,0.25,0.25,-0.25,0.25
-0.25,0.0,0.25,0.25,0.25,-0.25
-0.25,0.0,0.25,0.25,0.25,0.25
-0.25,0.25,-0.25,-0.25,-0.25,-0.25
-0.25,0.25,-0.25,-0.25,-0.25,0.25
-0.25,0.25,-0.25,-0.25,0.25,-0.25
-0.25,0.25,-0.25,-0.25,0.25,0.25
-0.25,0.25,-0.25,0.25,-0.25,-0.25
-0.25,0.25,-0.25,0.25,-0.25,0.25
-0.25,0.25,-0.25,0.25,0.25,-0.25
-0.25,0.25,-0.25,0.25,0.25,0.25
-0.25,0.25,0.0,-0.25,-0.25,-0.25
-0.25,0.25,0.0,-0.25,-0.25,0.25
-0.25,0.25,0.0,-0.25,0.25,-0.25
-0.25,0.25,0.0,-0.25,0.25,0.25
-0.25,0.25,0.0,0.25,-0.25,-0.25
-0.25,0.25,0.0,0.25,-0.25,0.25
-0.25,0.25,0.0,0.25,0.25,-0.25
-0.25,0.25,0.0,0.25,0.25,0.25
-0.25,0.25,0.25,-0.25,-0.25,-0.25
-0.25,0.25,0.25,-0.25,-0.25,0.25
-0.25,0.25,0.25,-0.25,0.25,-0.25
-0.25,0.25,0.25,-0.25,0.25,0.25
-0.25,0.25,0.25,0.25,-0.25,-0.25
-0.25,0.25,0.25,0.25,-0.25,0.25
-0.25,0.25,0.25,0.25,0.25,-0.25
-0.25,0.25,0.25,0.25,0.25,0.25
0.0,-0.25,-0.25,-0.25,-0.25,-0.25
0.0,-0.25,-0.25,-0.25,-0.25,0.25
0.0,-0.25,-0.25,-0.25,0.25,-0.25
0.0,-0.25,-0.25,-0.25,0.25,0.25
0.0,-0.25,-0.25,0.25,-0.25,-0.25
0.0,-0.25,-0.25,0.25,-0.25,0.25
0.0,-0.25,-0.25,0.25,0.25,-0.25
0.0,-0.25,-0.25,0.25,0.25,0.25
0.0,-0.25,0.25,-0.25,-0.25,-0.25
0.0,-0.25,0.25,-0.25,-0.25,0.25
0.0,-0.25,0.25,-0.25,0.25,-0.25
0.0,-0.25,0.25,-0.25,0.25,0.25
0.0,-0.25,0.25,0.25,-0.25,-0.25
0.0,-0.25,0.25,0.25,-0.25,0.25
0.0,-0.25,0.25,0.25,0.25,-0.25
0.0,-0.25,0.25,0.25,0.25,0.25
0.0,0.25,-0.25,-0.25,-0.25,-0.25
0.0,0.25,-0.25,-0.25,-0.25,0.25
0.0,0.25,-0.25,-0.25,0.25,-0.25
0.0,0.25,-0.25,-0.25,0.25,0.25
0.0,0.25,-0.25,0.25,-0.25,-0.25
0.0,0.25,-0.25,0.25,-0.25,0.25
0.0,0.25,-0.25,0.25,0.25,-0.25
0.0,0.25,-0.25,0.25,0.25,0.25
0.0,0.25,0.25,-0.25,-0.25,-0.25
0.0,0.25,0.25,-0.25,-0.25,0.25
0.0,0.25,0.25,-0.25,0.25,-0.25
0.0,0.25,0.25,-0.25,0.25,0.25
0.0,0.25,0.25,0.25,-0.25,-0.25
0.0,0.25,0.25,0.25,-0.25,0.25
0.0,0.25,0.25,0.25,0.25,-0.25
0.0,0.25,0.25,0.25,0.25,0.25
0.25,-0.25,-0.25,-0.25,-0.25,-0.25
0.25,-0.25,-0.25,-0.25,-0.25,0.25
0.25,-0.25,-0.25,-0.25,0.25,-0.25
0.25,-0.25,-0.25,-0.25,0.25,0.25
0.25,-0.25,-0.25,0.25,-0.25,-0.25
0.25,-0.25,-0.25,0.25,-0.25,0.25
0.25,-0.25,-0.25,0.25,0.25,-0.25
0.25,-0.25,-0.25,0.25,0.25,0.25
0.25,-0.25,0.0,-0.25,-0.25,-0.25
0.25,-0.25,0.0,-0.25,-0.25,0.25
0.25,-0.25,0.0,-0.25,0.25,-0.25
0.25,-0.25,0.0,-0.25,0.25,0.25
0.25,-0.25,0.0,0.25,-0.25,-0.25
0.25,-0.25,0.0,0.25,-0.25,0.25
0.25,-0.25,0.0,0.25,0.25,-0.25
0.25,-0.25,0.0,0.25,0.25,0.25
0.25,-0.25,0.25,-0.25,-0.25,-0.25
0.25,-0.25,0.25,-0.25,-0.25,0.25
0.25,-0.25,0.25,-0.25,0.25,-0.25
0.25,-0.25,0.25,-0.25,0.25,0.25
0.25,-0.25,0.25,0.25,-0.25,-0.25
0.25,-0.25,0.25,0.25,-0.25,0.25
0.25,-0.25,0.25,0.25,0.25,-0.25
0.25,-0.25,0.25,0.25,0.25,0.25
0.25,0.0,-0.25,-0.25,-0.25,-0.25
0.25,0.0,-0.25,-0.25,-0.25,0.25
0.25,0.0,-0.25,-0.25,0.25,-0.25
0.25,0.0,-0.25,-0.25,0.25,0.25
0.25,0.0,-0.25,0.25,-0.25,-0.25
0.25,0.0,-0.25,0.25,-0.25,0.25
0.25,0.0,-0.25,0.25,0.25,-0.25
0.25,0.0,-0.25,0.25,0.25,0.25
0.25,0.0,0.25,-0.25,-0.25,-0.25
0.25,0.0,0.25,-0.25,-0.25,0.25
0.25,0.0,0.25,-0.25,0.25,-0.25
0.25,0.0,0.25,-0.25,0.25,0.25
0.25,0.0,0.25,0.25,-0.25,-0.25
0.25,0.0,0.25,0.25,-0.25,0.25
0.25,0.0,0.25,0.25,0.25,-0.25
0.25,0.0,0.25,0.25,0.25,0.25
0.25,0.25,-0.25,-0.25,-0.25,-0.25
0.25,0.25,-0.25,-0.25,-0.25,0.25
0.25,0.25,-0.25,-0.25,0.25,-0.25
0.25,0.25,-0.25,-0.25,0.25,0.25
0.25,0.25,-0.25,0.25,-0.25,-0.25
0.25,0.25,-0.25,0.25,-0.25,0.25
0.25,0.25,-0.25,0.25,0.25,-0.25
0.25,0.25,-0.25,0.25,0.25,0.25
0.25,0.25,0.0,-0.25,-0.25,-0.25
0.25,0.25,0.0,-0.25,-0.25,0.25
0.25,0.25,0.0,-0.25,0.25,-0.25
0.25,0.25,0.0,-0.25,0.25,0.25
0.25,0.25,0.0,0.25,-0.25,-0.25
0.25,0.25,0.0,0.25,-0.25,0.25
0.25,0.25,0.0,0.25,0.25,-0.25
0.25,0.25,0.0,0.25,0.25,0.25
0.25,0.25,0.25,-0.25,-0.25,-0.25
0.25,0.25,0.25,-0.25,-0.25,0.25
0.25,0.25,0.25,-0.25,0.25,-0.25
0.25,0.25,0.25,-0.25,0.25,0.25
0.25,0.25,0.25,0.25,-0.25,-0.25
0.25,0.25,0.25,0.25,-0.25,0.25
0.25,0.25,0.25,0.25,0.25,-0.25
0.25,0.25,0.25,0.25,0.25,0.25
