dx_1
-0.25,-0.25,-0.25,-0.25
-0.25,-0.25,-0.25,0.25
-0.25,-0.25,0.25,-0.25
-0.25,-0.25,0.25,0.25
-0.25,0.25,-0.25,-0.25
-0.25,0.25,-0.25,0.25
-0.25,0.25,0.25,-0.25
-0.25,0.25,0.25,0.25
-0.24906371663866742,-0.25,-0.25,-0.25
-0.24906371663866742,-0.25,-0.25,0.25
-0.24906371663866742,-0.25,0.25,-0.25
-0.24906371663866742,-0.25,0.25,0.25
-0.24906371663866742,0.25,-0.25,-0.25
-0.24906371663866742,0.25,-0.25,0.25
-0.24906371663866742,0.25,0.25,-0.25
-0.24906371663866742,0.25,0.25,0.25
-0.24718644751888194,-0.25,-0.25,-0.25
-0.24718644751888194,-0.25,-0.25,0.25
-0.24718644751888194,-0.25,0.25,-0.25
-0.24718644751888194,-0.25,0.25,0.25
-0.24718644751888194,0.25,-0.25,-0.25
-0.24718644751888194,0.25,-0.25,0.25
-0.24718644751888194,0.25,0.25,-0.25
-0.24718644751888194,0.25,0.25,0.25
-0.24530441612047227,-0.25,-0.25,-0.25
-0.24530441612047227,-0.25,-0.25,0.25
-0.24530441612047227,-0.25,0.25,-0.25
-0.24530441612047227,-0.25,0.25,0.25
-0.24530441612047227,0.25,-0.25,-0.25
-0.24530441612047227,0.25,-0.25,0.25
-0.24530441612047227,0.25,0.25,-0.25
-0.24530441612047227,0.25,0.25,0.25
-0.2434175613982998,-0.25,-0.25,-0.25
-0.2434175613982998,-0.25,-0.25,0.25
-0.2434175613982998,-0.25,0.25,-0.25
-0.2434175613982998,-0.25,0.25,0.25
-0.2434175613982998,0.25,-0.25,-0.25
-0.2434175613982998,0.25,-0.25,0.25
-0.2434175613982998,0.25,0.25,-0.25
-0.2434175613982998,0.25,0.25,0.25
-0.24152582088405392,-0.25,-0.25,-0.25
-0.24152582088405392,-0.25,-0.25,0.25
-0.24152582088405392,-0.25,0.25,-0.25
-0.24152582088405392,-0.25,0.25,0.25
-0.24152582088405392,0.25,-0.25,-0.25
-0.24152582088405392,0.25,-0.25,0.25
-0.24152582088405392,0.25,0.25,-0.25
-0.24152582088405392,0.25,0.25,0.25
-0.23962913063784458,-0.25,-0.25,-0.25
-0.23962913063784458,-0.25,-0.25,0.25
-0.23962913063784458,-0.25,0.25,-0.25
-0.23962913063784458,-0.25,0.25,0.25
-0.23962913063784458,0.25,-0.25,-0.25
-0.23962913063784458,0.25,-0.25,0.25
-0.23962913063784458,0.25,0.25,-0.25
-0.23962913063784458,0.25,0.25,0.25
-0.23772742519757864,-0.25,-0.25,-0.25
-0.23772742519757864,-0.25,-0.25,0.25
-0.23772742519757864,-0.25,0.25,-0.25
-0.23772742519757864,-0.25,0.25,0.25
-0.23772742519757864,0.25,-0.25,-0.25
-0.23772742519757864,0.25,-0.25,0.25
-0.23772742519757864,0.25,0.25,-0.25
-0.23772742519757864,0.25,0.25,0.25
-0.23582063752605772,-0.25,-0.25,-0.25
-0.23582063752605772,-0.25,-0.25,0.25
-0.23582063752605772,-0.25,0.25,-0.25
-0.23582063752605772,-0.25,0.25,0.25
-0.23582063752605772,0.25,-0.25,-0.25
-0.23582063752605772,0.25,-0.25,0.25
-0.23582063752605772,0.25,0.25,-0.25
-0.23582063752605772,0.25,0.25,0.25
-0.2339086989556421,-0.25,-0.25,-0.25
-0.2339086989556421,-0.25,-0.25,0.25
-0.2339086989556421,-0.25,0.25,-0.25
-0.2339086989556421,-0.25,0.25,0.25
-0.2339086989556421,0.25,-0.25,-0.25
-0.2339086989556421,0.25,-0.25,0.25
-0.2339086989556421,0.25,0.25,-0.25
-0.2339086989556421,0.25,0.25,0.25
-0.23199153913035575,-0.25,-0.25,-0.25
-0.23199153913035575,-0.25,-0.25,0.25
-0.23199153913035575,-0.25,0.25,-0.25
-0.23199153913035575,-0.25,0.25,0.25
-0.23199153913035575,0.25,-0.25,-0.25
-0.23199153913035575,0.25,-0.25,0.25
-0.23199153913035575,0.25,0.25,-0.25
-0.23199153913035575,0.25,0.25,0.25
-0.23006908594524805,-0.25,-0.25,-0.25
-0.23006908594524805,-0.25,-0.25,0.25
-0.23006908594524805,-0.25,0.25,-0.25
-0.23006908594524805,-0.25,0.25,0.25
-0.23006908594524805,0.25,-0.25,-0.25
-0.23006908594524805,0.25,-0.25,0.25
-0.23006908594524805,0.25,0.25,-0.25
-0.23006908594524805,0.25,0.25,0.25
-0.22814126548289818,-0.25,-0.25,-0.25
-0.22814126548289818,-0.25,-0.25,0.25
-0.22814126548289818,-0.25,0.25,-0.25
-0.22814126548289818,-0.25,0.25,0.25
-0.22814126548289818,0.25,-0.25,-0.25
-0.22814126548289818,0.25,-0.25,0.25
-0.22814126548289818,0.25,0.25,-0.25
-0.22814126548289818,0.25,0.25,0.25
-0.22620800194685226,-0.25,-0.25,-0.25
-0.22620800194685226,-0.25,-0.25,0.25
-0.22620800194685226,-0.25,0.25,-0.25
-0.22620800194685226,-0.25,0.25,0.25
-0.22620800194685226,0.25,-0.25,-0.25
-0.22620800194685226,0.25,-0.25,0.25
-0.22620800194685226,0.25,0.25,-0.25
-0.22620800194685226,0.25,0.25,0.25
-0.22426921759185414,-0.25,-0.25,-0.25
-0.22426921759185414,-0.25,-0.25,0.25
-0.22426921759185414,-0.25,0.25,-0.25
-0.22426921759185414,-0.25,0.25,0.25
-0.22426921759185414,0.25,-0.25,-0.25
-0.22426921759185414,0.25,-0.25,0.25
-0.22426921759185414,0.25,0.25,-0.25
-0.22426921759185414,0.25,0.25,0.25
-0.2223248326506179,-0.25,-0.25,-0.25
-0.2223248326506179,-0.25,-0.25,0.25
-0.2223248326506179,-0.25,0.25,-0.25
-0.2223248326506179,-0.25,0.25,0.25
-0.2223248326506179,0.25,-0.25,-0.25
-0.2223248326506179,0.25,-0.25,0.25
-0.2223248326506179,0.25,0.25,-0.25
-0.2223248326506179,0.25,0.25,0.25
-0.22037476525697688,-0.25,-0.25,-0.25
-0.22037476525697688,-0.25,-0.25,0.25
-0.22037476525697688,-0.25,0.25,-0.25
-0.22037476525697688,-0.25,0.25,0.25
-0.22037476525697688,0.25,-0.25,-0.25
-0.22037476525697688,0.25,-0.25,0.25
-0.22037476525697688,0.25,0.25,-0.25
-0.22037476525697688,0.25,0.25,0.25
-0.21841893136518065,-0.25,-0.25,-0.25
-0.21841893136518065,-0.25,-0.25,0.25
-0.21841893136518065,-0.25,0.25,-0.25
-0.21841893136518065,-0.25,0.25,0.25
-0.21841893136518065,0.25,-0.25,-0.25
-0.21841893136518065,0.25,-0.25,0.25
-0.21841893136518065,0.25,0.25,-0.25
-0.21841893136518065,0.25,0.25,0.25
-0.21645724466504407,-0.25,-0.25,-0.25
-0.21645724466504407,-0.25,-0.25,0.25
-0.21645724466504407,-0.25,0.25,-0.25
-0.21645724466504407,-0.25,0.25,0.25
-0.21645724466504407,0.25,-0.25,-0.25
-0.21645724466504407,0.25,-0.25,0.25
-0.21645724466504407,0.25,0.25,-0.25
-0.21645724466504407,0.25,0.25,0.25
-0.2144896164927785,-0.25,-0.25,-0.25
-0.2144896164927785,-0.25,-0.25,0.25
-0.2144896164927785,-0.25,0.25,-0.25
-0.2144896164927785,-0.25,0.25,0.25
-0.2144896164927785,0.25,-0.25,-0.25
-0.2144896164927785,0.25,-0.25,0.25
-0.2144896164927785,0.25,0.25,-0.25
-0.2144896164927785,0.25,0.25,0.25
-0.21251595573712648,-0.25,-0.25,-0.25
-0.21251595573712648,-0.25,-0.25,0.25
-0.21251595573712648,-0.25,0.25,-0.25
-0.21251595573712648,-0.25,0.25,0.25
-0.21251595573712648,0.25,-0.25,-0.25
-0.21251595573712648,0.25,-0.25,0.25
-0.21251595573712648,0.25,0.25,-0.25
-0.21251595573712648,0.25,0.25,0.25
-0.21053616874057673,-0.25,-0.25,-0.25
-0.21053616874057673,-0.25,-0.25,0.25
-0.21053616874057673,-0.25,0.25,-0.25
-0.21053616874057673,-0.25,0.25,0.25
-0.21053616874057673,0.25,-0.25,-0.25
-0.21053616874057673,0.25,-0.25,0.25
-0.21053616874057673,0.25,0.25,-0.25
-0.21053616874057673,0.25,0.25,0.25
-0.20855015919527042,-0.25,-0.25,-0.25
-0.20855015919527042,-0.25,-0.25,0.25
-0.20855015919527042,-0.25,0.25,-0.25
-0.20855015919527042,-0.25,0.25,0.25
-0.20855015919527042,0.25,-0.25,-0.25
-0.20855015919527042,0.25,-0.25,0.25
-0.20855015919527042,0.25,0.25,-0.25
-0.20855015919527042,0.25,0.25,0.25
-0.2065578280332933,-0.25,-0.25,-0.25
-0.2065578280332933,-0.25,-0.25,0.25
-0.2065578280332933,-0.25,0.25,-0.25
-0.2065578280332933,-0.25,0.25,0.25
-0.2065578280332933,0.25,-0.25,-0.25
-0.2065578280332933,0.25,-0.25,0.25
-0.2065578280332933,0.25,0.25,-0.25
-0.2065578280332933,0.25,0.25,0.25
-0.20455907331093873,-0.25,-0.25,-0.25
-0.20455907331093873,-0.25,-0.25,0.25
-0.20455907331093873,-0.25,0.25,-0.25
-0.20455907331093873,-0.25,0.25,0.25
-0.20455907331093873,0.25,-0.25,-0.25
-0.20455907331093873,0.25,-0.25,0.25
-0.20455907331093873,0.25,0.25,-0.25
-0.20455907331093873,0.25,0.25,0.25
-0.20255379008655783,-0.25,-0.25,-0.25
-0.20255379008655783,-0.25,-0.25,0.25
-0.20255379008655783,-0.25,0.25,-0.25
-0.20255379008655783,-0.25,0.25,0.25
-0.20255379008655783,0.25,-0.25,-0.25
-0.20255379008655783,0.25,-0.25,0.25
-0.20255379008655783,0.25,0.25,-0.25
-0.20255379008655783,0.25,0.25,0.25
-0.2005418702915064,-0.25,-0.25,-0.25
-0.2005418702915064,-0.25,-0.25,0.25
-0.2005418702915064,-0.25,0.25,-0.25
-0.2005418702915064,-0.25,0.25,0.25
-0.2005418702915064,0.25,-0.25,-0.25
-0.2005418702915064,0.25,-0.25,0.25
-0.2005418702915064,0.25,0.25,-0.25
-0.2005418702915064,0.25,0.25,0.25
-0.19852320259376827,-0.25,-0.25,-0.25
-0.19852320259376827,-0.25,-0.25,0.25
-0.19852320259376827,-0.25,0.25,-0.25
-0.19852320259376827,-0.25,0.25,0.25
-0.19852320259376827,0.25,-0.25,-0.25
-0.19852320259376827,0.25,-0.25,0.25
-0.19852320259376827,0.25,0.25,-0.25
-0.19852320259376827,0.25,0.25,0.25
-0.19649767225365522,-0.25,-0.25,-0.25
-0.19649767225365522,-0.25,-0.25,0.25
-0.19649767225365522,-0.25,0.25,-0.25
-0.19649767225365522,-0.25,0.25,0.25
-0.19649767225365522,0.25,-0.25,-0.25
-0.19649767225365522,0.25,-0.25,0.25
-0.19649767225365522,0.25,0.25,-0.25
-0.19649767225365522,0.25,0.25,0.25
-0.19446516097107142,-0.25,-0.25,-0.25
-0.19446516097107142,-0.25,-0.25,0.25
-0.19446516097107142,-0.25,0.25,-0.25
-0.19446516097107142,-0.25,0.25,0.25
-0.19446516097107142,0.25,-0.25,-0.25
-0.19446516097107142,0.25,-0.25,0.25
-0.19446516097107142,0.25,0.25,-0.25
-0.19446516097107142,0.25,0.25,0.25
-0.19242554672369866,-0.25,-0.25,-0.25
-0.19242554672369866,-0.25,-0.25,0.25
-0.19242554672369866,-0.25,0.25,-0.25
-0.19242554672369866,-0.25,0.25,0.25
-0.19242554672369866,0.25,-0.25,-0.25
-0.19242554672369866,0.25,-0.25,0.25
-0.19242554672369866,0.25,0.25,-0.25
-0.19242554672369866,0.25,0.25,0.25
-0.19037870359542783,-0.25,-0.25,-0.25
-0.19037870359542783,-0.25,-0.25,0.25
-0.19037870359542783,-0.25,0.25,-0.25
-0.19037870359542783,-0.25,0.25,0.25
-0.19037870359542783,0.25,-0.25,-0.25
-0.19037870359542783,0.25,-0.25,0.25
-0.19037870359542783,0.25,0.25,-0.25
-0.19037870359542783,0.25,0.25,0.25
-0.1883245015942843,-0.25,-0.25,-0.25
-0.1883245015942843,-0.25,-0.25,0.25
-0.1883245015942843,-0.25,0.25,-0.25
-0.1883245015942843,-0.25,0.25,0.25
-0.1883245015942843,0.25,-0.25,-0.25
-0.1883245015942843,0.25,-0.25,0.25
-0.1883245015942843,0.25,0.25,-0.25
-0.1883245015942843,0.25,0.25,0.25
-0.18626280645907567,-0.25,-0.25,-0.25
-0.18626280645907567,-0.25,-0.25,0.25
-0.18626280645907567,-0.25,0.25,-0.25
-0.18626280645907567,-0.25,0.25,0.25
-0.18626280645907567,0.25,-0.25,-0.25
-0.18626280645907567,0.25,-0.25,0.25
-0.18626280645907567,0.25,0.25,-0.25
-0.18626280645907567,0.25,0.25,0.25
-0.18419347945387068,-0.25,-0.25,-0.25
-0.18419347945387068,-0.25,-0.25,0.25
-0.18419347945387068,-0.25,0.25,-0.25
-0.18419347945387068,-0.25,0.25,0.25
-0.18419347945387068,0.25,-0.25,-0.25
-0.18419347945387068,0.25,-0.25,0.25
-0.18419347945387068,0.25,0.25,-0.25
-0.18419347945387068,0.25,0.25,0.25
-0.1821163771493184,-0.25,-0.25,-0.25
-0.1821163771493184,-0.25,-0.25,0.25
-0.1821163771493184,-0.25,0.25,-0.25
-0.1821163771493184,-0.25,0.25,0.25
-0.1821163771493184,0.25,-0.25,-0.25
-0.1821163771493184,0.25,-0.25,0.25
-0.1821163771493184,0.25,0.25,-0.25
-0.1821163771493184,0.25,0.25,0.25
-0.18003135118980562,-0.25,-0.25,-0.25
-0.18003135118980562,-0.25,-0.25,0.25
-0.18003135118980562,-0.25,0.25,-0.25
-0.18003135118980562,-0.25,0.25,0.25
-0.18003135118980562,0.25,-0.25,-0.25
-0.18003135118980562,0.25,-0.25,0.25
-0.18003135118980562,0.25,0.25,-0.25
-0.18003135118980562,0.25,0.25,0.25
-0.17793824804526603,-0.25,-0.25,-0.25
-0.17793824804526603,-0.25,-0.25,0.25
-0.17793824804526603,-0.25,0.25,-0.25
-0.17793824804526603,-0.25,0.25,0.25
-0.17793824804526603,0.25,-0.25,-0.25
-0.17793824804526603,0.25,-0.25,0.25
-0.17793824804526603,0.25,0.25,-0.25
-0.17793824804526603,0.25,0.25,0.25
-0.1758369087463655,-0.25,-0.25,-0.25
-0.1758369087463655,-0.25,-0.25,0.25
-0.1758369087463655,-0.25,0.25,-0.25
-0.1758369087463655,-0.25,0.25,0.25
-0.1758369087463655,0.25,-0.25,-0.25
-0.1758369087463655,0.25,-0.25,0.25
-0.1758369087463655,0.25,0.25,-0.25
-0.1758369087463655,0.25,0.25,0.25
-0.1737271686017104,-0.25,-0.25,-0.25
-0.1737271686017104,-0.25,-0.25,0.25
-0.1737271686017104,-0.25,0.25,-0.25
-0.1737271686017104,-0.25,0.25,0.25
-0.1737271686017104,0.25,-0.25,-0.25
-0.1737271686017104,0.25,-0.25,0.25
-0.1737271686017104,0.25,0.25,-0.25
-0.1737271686017104,0.25,0.25,0.25
-0.1716088568954925,-0.25,-0.25,-0.25
-0.1716088568954925,-0.25,-0.25,0.25
-0.1716088568954925,-0.25,0.25,-0.25
-0.1716088568954925,-0.25,0.25,0.25
-0.1716088568954925,0.25,-0.25,-0.25
-0.1716088568954925,0.25,-0.25,0.25
-0.1716088568954925,0.25,0.25,-0.25
-0.1716088568954925,0.25,0.25,0.25
-0.16948179656389323,-0.25,-0.25,-0.25
-0.16948179656389323,-0.25,-0.25,0.25
-0.16948179656389323,-0.25,0.25,-0.25
-0.16948179656389323,-0.25,0.25,0.25
-0.16948179656389323,0.25,-0.25,-0.25
-0.16948179656389323,0.25,-0.25,0.25
-0.16948179656389323,0.25,0.25,-0.25
-0.16948179656389323,0.25,0.25,0.25
-0.1673458038484049,-0.25,-0.25,-0.25
-0.1673458038484049,-0.25,-0.25,0.25
-0.1673458038484049,-0.25,0.25,-0.25
-0.1673458038484049,-0.25,0.25,0.25
-0.1673458038484049,0.25,-0.25,-0.25
-0.1673458038484049,0.25,-0.25,0.25
-0.1673458038484049,0.25,0.25,-0.25
-0.1673458038484049,0.25,0.25,0.25
-0.16520068792393822,-0.25,-0.25,-0.25
-0.16520068792393822,-0.25,-0.25,0.25
-0.16520068792393822,-0.25,0.25,-0.25
-0.16520068792393822,-0.25,0.25,0.25
-0.16520068792393822,0.25,-0.25,-0.25
-0.16520068792393822,0.25,-0.25,0.25
-0.16520068792393822,0.25,0.25,-0.25
-0.16520068792393822,0.25,0.25,0.25
-0.16304625049945326,-0.25,-0.25,-0.25
-0.16304625049945326,-0.25,-0.25,0.25
-0.16304625049945326,-0.25,0.25,-0.25
-0.16304625049945326,-0.25,0.25,0.25
-0.16304625049945326,0.25,-0.25,-0.25
-0.16304625049945326,0.25,-0.25,0.25
-0.16304625049945326,0.25,0.25,-0.25
-0.16304625049945326,0.25,0.25,0.25
-0.16088228538857038,-0.25,-0.25,-0.25
-0.16088228538857038,-0.25,-0.25,0.25
-0.16088228538857038,-0.25,0.25,-0.25
-0.16088228538857038,-0.25,0.25,0.25
-0.16088228538857038,0.25,-0.25,-0.25
-0.16088228538857038,0.25,-0.25,0.25
-0.16088228538857038,0.25,0.25,-0.25
-0.16088228538857038,0.25,0.25,0.25
-0.15870857804726637,-0.25,-0.25,-0.25
-0.15870857804726637,-0.25,-0.25,0.25
-0.15870857804726637,-0.25,0.25,-0.25
-0.15870857804726637,-0.25,0.25,0.25
-0.15870857804726637,0.25,-0.25,-0.25
-0.15870857804726637,0.25,-0.25,0.25
-0.15870857804726637,0.25,0.25,-0.25
-0.15870857804726637,0.25,0.25,0.25
-0.15652490507557204,-0.25,-0.25,-0.25
-0.15652490507557204,-0.25,-0.25,0.25
-0.15652490507557204,-0.25,0.25,-0.25
-0.15652490507557204,-0.25,0.25,0.25
-0.15652490507557204,0.25,-0.25,-0.25
-0.15652490507557204,0.25,-0.25,0.25
-0.15652490507557204,0.25,0.25,-0.25
-0.15652490507557204,0.25,0.25,0.25
-0.15433103367964532,-0.25,-0.25,-0.25
-0.15433103367964532,-0.25,-0.25,0.25
-0.15433103367964532,-0.25,0.25,-0.25
-0.15433103367964532,-0.25,0.25,0.25
-0.15433103367964532,0.25,-0.25,-0.25
-0.15433103367964532,0.25,-0.25,0.25
-0.15433103367964532,0.25,0.25,-0.25
-0.15433103367964532,0.25,0.25,0.25
-0.15212672109032518,-0.25,-0.25,-0.25
-0.15212672109032518,-0.25,-0.25,0.25
-0.15212672109032518,-0.25,0.25,-0.25
-0.15212672109032518,-0.25,0.25,0.25
-0.15212672109032518,0.25,-0.25,-0.25
-0.15212672109032518,0.25,-0.25,0.25
-0.15212672109032518,0.25,0.25,-0.25
-0.15212672109032518,0.25,0.25,0.25
-0.1499117139337024,-0.25,-0.25,-0.25
-0.1499117139337024,-0.25,-0.25,0.25
-0.1499117139337024,-0.25,0.25,-0.25
-0.1499117139337024,-0.25,0.25,0.25
-0.1499117139337024,0.25,-0.25,-0.25
-0.1499117139337024,0.25,-0.25,0.25
-0.1499117139337024,0.25,0.25,-0.25
-0.1499117139337024,0.25,0.25,0.25
-0.14768574754872554,-0.25,-0.25,-0.25
-0.14768574754872554,-0.25,-0.25,0.25
-0.14768574754872554,-0.25,0.25,-0.25
-0.14768574754872554,-0.25,0.25,0.25
-0.14768574754872554,0.25,-0.25,-0.25
-0.14768574754872554,0.25,-0.25,0.25
-0.14768574754872554,0.25,0.25,-0.25
-0.14768574754872554,0.25,0.25,0.25
-0.14544854524622114,-0.25,-0.25,-0.25
-0.14544854524622114,-0.25,-0.25,0.25
-0.14544854524622114,-0.25,0.25,-0.25
-0.14544854524622114,-0.25,0.25,0.25
-0.14544854524622114,0.25,-0.25,-0.25
-0.14544854524622114,0.25,-0.25,0.25
-0.14544854524622114,0.25,0.25,-0.25
-0.14544854524622114,0.25,0.25,0.25
-0.14319981750299027,-0.25,-0.25,-0.25
-0.14319981750299027,-0.25,-0.25,0.25
-0.14319981750299027,-0.25,0.25,-0.25
-0.14319981750299027,-0.25,0.25,0.25
-0.14319981750299027,0.25,-0.25,-0.25
-0.14319981750299027,0.25,-0.25,0.25
-0.14319981750299027,0.25,0.25,-0.25
-0.14319981750299027,0.25,0.25,0.25
-0.14093926108380875,-0.25,-0.25,-0.25
-0.14093926108380875,-0.25,-0.25,0.25
-0.14093926108380875,-0.25,0.25,-0.25
-0.14093926108380875,-0.25,0.25,0.25
-0.14093926108380875,0.25,-0.25,-0.25
-0.14093926108380875,0.25,-0.25,0.25
-0.14093926108380875,0.25,0.25,-0.25
-0.14093926108380875,0.25,0.25,0.25
-0.13866655808318507,-0.25,-0.25,-0.25
-0.13866655808318507,-0.25,-0.25,0.25
-0.13866655808318507,-0.25,0.25,-0.25
-0.13866655808318507,-0.25,0.25,0.25
-0.13866655808318507,0.25,-0.25,-0.25
-0.13866655808318507,0.25,-0.25,0.25
-0.13866655808318507,0.25,0.25,-0.25
-0.13866655808318507,0.25,0.25,0.25
-0.13638137487762178,-0.25,-0.25,-0.25
-0.13638137487762178,-0.25,-0.25,0.25
-0.13638137487762178,-0.25,0.25,-0.25
-0.13638137487762178,-0.25,0.25,0.25
-0.13638137487762178,0.25,-0.25,-0.25
-0.13638137487762178,0.25,-0.25,0.25
-0.13638137487762178,0.25,0.25,-0.25
-0.13638137487762178,0.25,0.25,0.25
-0.1340833609778228,-0.25,-0.25,-0.25
-0.1340833609778228,-0.25,-0.25,0.25
-0.1340833609778228,-0.25,0.25,-0.25
-0.1340833609778228,-0.25,0.25,0.25
-0.1340833609778228,0.25,-0.25,-0.25
-0.1340833609778228,0.25,-0.25,0.25
-0.1340833609778228,0.25,0.25,-0.25
-0.1340833609778228,0.25,0.25,0.25
-0.1317721477687778,-0.25,-0.25,-0.25
-0.1317721477687778,-0.25,-0.25,0.25
-0.1317721477687778,-0.25,0.25,-0.25
-0.1317721477687778,-0.25,0.25,0.25
-0.1317721477687778,0.25,-0.25,-0.25
-0.1317721477687778,0.25,-0.25,0.25
-0.1317721477687778,0.25,0.25,-0.25
-0.1317721477687778,0.25,0.25,0.25
-0.1294473471238539,-0.25,-0.25,-0.25
-0.1294473471238539,-0.25,-0.25,0.25
-0.1294473471238539,-0.25,0.25,-0.25
-0.1294473471238539,-0.25,0.25,0.25
-0.1294473471238539,0.25,-0.25,-0.25
-0.1294473471238539,0.25,-0.25,0.25
-0.1294473471238539,0.25,0.25,-0.25
-0.1294473471238539,0.25,0.25,0.25
-0.1271085498769863,-0.25,-0.25,-0.25
-0.1271085498769863,-0.25,-0.25,0.25
-0.1271085498769863,-0.25,0.25,-0.25
-0.1271085498769863,-0.25,0.25,0.25
-0.1271085498769863,0.25,-0.25,-0.25
-0.1271085498769863,0.25,-0.25,0.25
-0.1271085498769863,0.25,0.25,-0.25
-0.1271085498769863,0.25,0.25,0.25
-0.12475532413455623,-0.25,-0.25,-0.25
-0.12475532413455623,-0.25,-0.25,0.25
-0.12475532413455623,-0.25,0.25,-0.25
-0.12475532413455623,-0.25,0.25,0.25
-0.12475532413455623,0.25,-0.25,-0.25
-0.12475532413455623,0.25,-0.25,0.25
-0.12475532413455623,0.25,0.25,-0.25
-0.12475532413455623,0.25,0.25,0.25
-0.12238721340564374,-0.25,-0.25,-0.25
-0.12238721340564374,-0.25,-0.25,0.25
-0.12238721340564374,-0.25,0.25,-0.25
-0.12238721340564374,-0.25,0.25,0.25
-0.12238721340564374,0.25,-0.25,-0.25
-0.12238721340564374,0.25,-0.25,0.25
-0.12238721340564374,0.25,0.25,-0.25
-0.12238721340564374,0.25,0.25,0.25
-0.12000373452591126,-0.25,-0.25,-0.25
-0.12000373452591126,-0.25,-0.25,0.25
-0.12000373452591126,-0.25,0.25,-0.25
-0.12000373452591126,-0.25,0.25,0.25
-0.12000373452591126,0.25,-0.25,-0.25
-0.12000373452591126,0.25,-0.25,0.25
-0.12000373452591126,0.25,0.25,-0.25
-0.12000373452591126,0.25,0.25,0.25
-0.11760437534621197,-0.25,-0.25,-0.25
-0.11760437534621197,-0.25,-0.25,0.25
-0.11760437534621197,-0.25,0.25,-0.25
-0.11760437534621197,-0.25,0.25,0.25
-0.11760437534621197,0.25,-0.25,-0.25
-0.11760437534621197,0.25,-0.25,0.25
-0.11760437534621197,0.25,0.25,-0.25
-0.11760437534621197,0.25,0.25,0.25
-0.11518859215208813,-0.25,-0.25,-0.25
-0.11518859215208813,-0.25,-0.25,0.25
-0.11518859215208813,-0.25,0.25,-0.25
-0.11518859215208813,-0.25,0.25,0.25
-0.11518859215208813,0.25,-0.25,-0.25
-0.11518859215208813,0.25,-0.25,0.25
-0.11518859215208813,0.25,0.25,-0.25
-0.11518859215208813,0.25,0.25,0.25
-0.11275580677436667,-0.25,-0.25,-0.25
-0.11275580677436667,-0.25,-0.25,0.25
-0.11275580677436667,-0.25,0.25,-0.25
-0.11275580677436667,-0.25,0.25,0.25
-0.11275580677436667,0.25,-0.25,-0.25
-0.11275580677436667,0.25,-0.25,0.25
-0.11275580677436667,0.25,0.25,-0.25
-0.11275580677436667,0.25,0.25,0.25
-0.11030540334384056,-0.25,-0.25,-0.25
-0.11030540334384056,-0.25,-0.25,0.25
-0.11030540334384056,-0.25,0.25,-0.25
-0.11030540334384056,-0.25,0.25,0.25
-0.11030540334384056,0.25,-0.25,-0.25
-0.11030540334384056,0.25,-0.25,0.25
-0.11030540334384056,0.25,0.25,-0.25
-0.11030540334384056,0.25,0.25,0.25
-0.10783672463426931,-0.25,-0.25,-0.25
-0.10783672463426931,-0.25,-0.25,0.25
-0.10783672463426931,-0.25,0.25,-0.25
-0.10783672463426931,-0.25,0.25,0.25
-0.10783672463426931,0.25,-0.25,-0.25
-0.10783672463426931,0.25,-0.25,0.25
-0.10783672463426931,0.25,0.25,-0.25
-0.10783672463426931,0.25,0.25,0.25
-0.10534906792718798,-0.25,-0.25,-0.25
-0.10534906792718798,-0.25,-0.25,0.25
-0.10534906792718798,-0.25,0.25,-0.25
-0.10534906792718798,-0.25,0.25,0.25
-0.10534906792718798,0.25,-0.25,-0.25
-0.10534906792718798,0.25,-0.25,0.25
-0.10534906792718798,0.25,0.25,-0.25
-0.10534906792718798,0.25,0.25,0.25
-0.10284168031884156,-0.25,-0.25,-0.25
-0.10284168031884156,-0.25,-0.25,0.25
-0.10284168031884156,-0.25,0.25,-0.25
-0.10284168031884156,-0.25,0.25,0.25
-0.10284168031884156,0.25,-0.25,-0.25
-0.10284168031884156,0.25,-0.25,0.25
-0.10284168031884156,0.25,0.25,-0.25
-0.10284168031884156,0.25,0.25,0.25
-0.10031375337320578,-0.25,-0.25,-0.25
-0.10031375337320578,-0.25,-0.25,0.25
-0.10031375337320578,-0.25,0.25,-0.25
-0.10031375337320578,-0.25,0.25,0.25
-0.10031375337320578,0.25,-0.25,-0.25
-0.10031375337320578,0.25,-0.25,0.25
-0.10031375337320578,0.25,0.25,-0.25
-0.10031375337320578,0.25,0.25,0.25
-0.0977644170047268,-0.25,-0.25,-0.25
-0.0977644170047268,-0.25,-0.25,0.25
-0.0977644170047268,-0.25,0.25,-0.25
-0.0977644170047268,-0.25,0.25,0.25
-0.0977644170047268,0.25,-0.25,-0.25
-0.0977644170047268,0.25,-0.25,0.25
-0.0977644170047268,0.25,0.25,-0.25
-0.0977644170047268,0.25,0.25,0.25
-0.09519273244888711,-0.25,-0.25,-0.25
-0.09519273244888711,-0.25,-0.25,0.25
-0.09519273244888711,-0.25,0.25,-0.25
-0.09519273244888711,-0.25,0.25,0.25
-0.09519273244888711,0.25,-0.25,-0.25
-0.09519273244888711,0.25,-0.25,0.25
-0.09519273244888711,0.25,0.25,-0.25
-0.09519273244888711,0.25,0.25,0.25
-0.09259768414644524,-0.25,-0.25,-0.25
-0.09259768414644524,-0.25,-0.25,0.25
-0.09259768414644524,-0.25,0.25,-0.25
-0.09259768414644524,-0.25,0.25,0.25
-0.09259768414644524,0.25,-0.25,-0.25
-0.09259768414644524,0.25,-0.25,0.25
-0.09259768414644524,0.25,0.25,-0.25
-0.09259768414644524,0.25,0.25,0.25
-0.08997817032613475,-0.25,-0.25,-0.25
-0.08997817032613475,-0.25,-0.25,0.25
-0.08997817032613475,-0.25,0.25,-0.25
-0.08997817032613475,-0.25,0.25,0.25
-0.08997817032613475,0.25,-0.25,-0.25
-0.08997817032613475,0.25,-0.25,0.25
-0.08997817032613475,0.25,0.25,-0.25
-0.08997817032613475,0.25,0.25,0.25
-0.08733299201783581,-0.25,-0.25,-0.25
-0.08733299201783581,-0.25,-0.25,0.25
-0.08733299201783581,-0.25,0.25,-0.25
-0.08733299201783581,-0.25,0.25,0.25
-0.08733299201783581,0.25,-0.25,-0.25
-0.08733299201783581,0.25,-0.25,0.25
-0.08733299201783581,0.25,0.25,-0.25
-0.08733299201783581,0.25,0.25,0.25
-0.08466084015987024,-0.25,-0.25,-0.25
-0.08466084015987024,-0.25,-0.25,0.25
-0.08466084015987024,-0.25,0.25,-0.25
-0.08466084015987024,-0.25,0.25,0.25
-0.08466084015987024,0.25,-0.25,-0.25
-0.08466084015987024,0.25,-0.25,0.25
-0.08466084015987024,0.25,0.25,-0.25
-0.08466084015987024,0.25,0.25,0.25
-0.08196028037459914,-0.25,-0.25,-0.25
-0.08196028037459914,-0.25,-0.25,0.25
-0.08196028037459914,-0.25,0.25,-0.25
-0.08196028037459914,-0.25,0.25,0.25
-0.08196028037459914,0.25,-0.25,-0.25
-0.08196028037459914,0.25,-0.25,0.25
-0.08196028037459914,0.25,0.25,-0.25
-0.08196028037459914,0.25,0.25,0.25
-0.07922973486818735,-0.25,-0.25,-0.25
-0.07922973486818735,-0.25,-0.25,0.25
-0.07922973486818735,-0.25,0.25,-0.25
-0.07922973486818735,-0.25,0.25,0.25
-0.07922973486818735,0.25,-0.25,-0.25
-0.07922973486818735,0.25,-0.25,0.25
-0.07922973486818735,0.25,0.25,-0.25
-0.07922973486818735,0.25,0.25,0.25
-0.07646746075218334,-0.25,-0.25,-0.25
-0.07646746075218334,-0.25,-0.25,0.25
-0.07646746075218334,-0.25,0.25,-0.25
-0.07646746075218334,-0.25,0.25,0.25
-0.07646746075218334,0.25,-0.25,-0.25
-0.07646746075218334,0.25,-0.25,0.25
-0.07646746075218334,0.25,0.25,-0.25
-0.07646746075218334,0.25,0.25,0.25
-0.07367152387036763,-0.25,-0.25,-0.25
-0.07367152387036763,-0.25,-0.25,0.25
-0.07367152387036763,-0.25,0.25,-0.25
-0.07367152387036763,-0.25,0.25,0.25
-0.07367152387036763,0.25,-0.25,-0.25
-0.07367152387036763,0.25,-0.25,0.25
-0.07367152387036763,0.25,0.25,-0.25
-0.07367152387036763,0.25,0.25,0.25
-0.07083976692044855,-0.25,-0.25,-0.25
-0.07083976692044855,-0.25,-0.25,0.25
-0.07083976692044855,-0.25,0.25,-0.25
-0.07083976692044855,-0.25,0.25,0.25
-0.07083976692044855,0.25,-0.25,-0.25
-0.07083976692044855,0.25,-0.25,0.25
-0.07083976692044855,0.25,0.25,-0.25
-0.07083976692044855,0.25,0.25,0.25
-0.06796977025108336,-0.25,-0.25,-0.25
-0.06796977025108336,-0.25,-0.25,0.25
-0.06796977025108336,-0.25,0.25,-0.25
-0.06796977025108336,-0.25,0.25,0.25
-0.06796977025108336,0.25,-0.25,-0.25
-0.06796977025108336,0.25,-0.25,0.25
-0.06796977025108336,0.25,0.25,-0.25
-0.06796977025108336,0.25,0.25,0.25
-0.06505880313600498,-0.25,-0.25,-0.25
-0.06505880313600498,-0.25,-0.25,0.25
-0.06505880313600498,-0.25,0.25,-0.25
-0.06505880313600498,-0.25,0.25,0.25
-0.06505880313600498,0.25,-0.25,-0.25
-0.06505880313600498,0.25,-0.25,0.25
-0.06505880313600498,0.25,0.25,-0.25
-0.06505880313600498,0.25,0.25,0.25
-0.06210376249387474,-0.25,-0.25,-0.25
-0.06210376249387474,-0.25,-0.25,0.25
-0.06210376249387474,-0.25,0.25,-0.25
-0.06210376249387474,-0.25,0.25,0.25
-0.06210376249387474,0.25,-0.25,-0.25
-0.06210376249387474,0.25,-0.25,0.25
-0.06210376249387474,0.25,0.25,-0.25
-0.06210376249387474,0.25,0.25,0.25
-0.05910109479925712,-0.25,-0.25,-0.25
-0.05910109479925712,-0.25,-0.25,0.25
-0.05910109479925712,-0.25,0.25,-0.25
-0.05910109479925712,-0.25,0.25,0.25
-0.05910109479925712,0.25,-0.25,-0.25
-0.05910109479925712,0.25,-0.25,0.25
-0.05910109479925712,0.25,0.25,-0.25
-0.05910109479925712,0.25,0.25,0.25
-0.056046695094636396,-0.25,-0.25,-0.25
-0.056046695094636396,-0.25,-0.25,0.25
-0.056046695094636396,-0.25,0.25,-0.25
-0.056046695094636396,-0.25,0.25,0.25
-0.056046695094636396,0.25,-0.25,-0.25
-0.056046695094636396,0.25,-0.25,0.25
-0.056046695094636396,0.25,0.25,-0.25
-0.056046695094636396,0.25,0.25,0.25
-0.05293577419095333,-0.25,-0.25,-0.25
-0.05293577419095333,-0.25,-0.25,0.25
-0.05293577419095333,-0.25,0.25,-0.25
-0.05293577419095333,-0.25,0.25,0.25
-0.05293577419095333,0.25,-0.25,-0.25
-0.05293577419095333,0.25,-0.25,0.25
-0.05293577419095333,0.25,0.25,-0.25
-0.05293577419095333,0.25,0.25,0.25
-0.04976268068218193,-0.25,-0.25,-0.25
-0.04976268068218193,-0.25,-0.25,0.25
-0.04976268068218193,-0.25,0.25,-0.25
-0.04976268068218193,-0.25,0.25,0.25
-0.04976268068218193,0.25,-0.25,-0.25
-0.04976268068218193,0.25,-0.25,0.25
-0.04976268068218193,0.25,0.25,-0.25
-0.04976268068218193,0.25,0.25,0.25
-0.04652065711934652,-0.25,-0.25,-0.25
-0.04652065711934652,-0.25,-0.25,0.25
-0.04652065711934652,-0.25,0.25,-0.25
-0.04652065711934652,-0.25,0.25,0.25
-0.04652065711934652,0.25,-0.25,-0.25
-0.04652065711934652,0.25,-0.25,0.25
-0.04652065711934652,0.25,0.25,-0.25
-0.04652065711934652,0.25,0.25,0.25
-0.043201497371085806,-0.25,-0.25,-0.25
-0.043201497371085806,-0.25,-0.25,0.25
-0.043201497371085806,-0.25,0.25,-0.25
-0.043201497371085806,-0.25,0.25,0.25
-0.043201497371085806,0.25,-0.25,-0.25
-0.043201497371085806,0.25,-0.25,0.25
-0.043201497371085806,0.25,0.25,-0.25
-0.043201497371085806,0.25,0.25,0.25
-0.03979505045218441,-0.25,-0.25,-0.25
-0.03979505045218441,-0.25,-0.25,0.25
-0.03979505045218441,-0.25,0.25,-0.25
-0.03979505045218441,-0.25,0.25,0.25
-0.03979505045218441,0.25,-0.25,-0.25
-0.03979505045218441,0.25,-0.25,0.25
-0.03979505045218441,0.25,0.25,-0.25
-0.03979505045218441,0.25,0.25,0.25
-0.036288475741478,-0.25,-0.25,-0.25
-0.036288475741478,-0.25,-0.25,0.25
-0.036288475741478,-0.25,0.25,-0.25
-0.036288475741478,-0.25,0.25,0.25
-0.036288475741478,0.25,-0.25,-0.25
-0.036288475741478,0.25,-0.25,0.25
-0.036288475741478,0.25,0.25,-0.25
-0.036288475741478,0.25,0.25,0.25
-0.03266507495445577,-0.25,-0.25,-0.25
-0.03266507495445577,-0.25,-0.25,0.25
-0.03266507495445577,-0.25,0.25,-0.25
-0.03266507495445577,-0.25,0.25,0.25
-0.03266507495445577,0.25,-0.25,-0.25
-0.03266507495445577,0.25,-0.25,0.25
-0.03266507495445577,0.25,0.25,-0.25
-0.03266507495445577,0.25,0.25,0.25
-0.02890235739409727,-0.25,-0.25,-0.25
-0.02890235739409727,-0.25,-0.25,0.25
-0.02890235739409727,-0.25,0.25,-0.25
-0.02890235739409727,-0.25,0.25,0.25
-0.02890235739409727,0.25,-0.25,-0.25
-0.02890235739409727,0.25,-0.25,0.25
-0.02890235739409727,0.25,0.25,-0.25
-0.02890235739409727,0.25,0.25,0.25
-0.024968601686828813,-0.25,-0.25,-0.25
-0.024968601686828813,-0.25,-0.25,0.25
-0.024968601686828813,-0.25,0.25,-0.25
-0.024968601686828813,-0.25,0.25,0.25
-0.024968601686828813,0.25,-0.25,-0.25
-0.024968601686828813,0.25,-0.25,0.25
-0.024968601686828813,0.25,0.25,-0.25
-0.024968601686828813,0.25,0.25,0.25
-0.02081614227173674,-0.25,-0.25,-0.25
-0.02081614227173674,-0.25,-0.25,0.25
-0.02081614227173674,-0.25,0.25,-0.25
-0.02081614227173674,-0.25,0.25,0.25
-0.02081614227173674,0.25,-0.25,-0.25
-0.02081614227173674,0.25,-0.25,0.25
-0.02081614227173674,0.25,0.25,-0.25
-0.02081614227173674,0.25,0.25,0.25
-0.016366387625558268,-0.25,-0.25,-0.25
-0.016366387625558268,-0.25,-0.25,0.25
-0.016366387625558268,-0.25,0.25,-0.25
-0.016366387625558268,-0.25,0.25,0.25
-0.016366387625558268,0.25,-0.25,-0.25
-0.016366387625558268,0.25,-0.25,0.25
-0.016366387625558268,0.25,0.25,-0.25
-0.016366387625558268,0.25,0.25,0.25
-0.011468677569734811,-0.25,-0.25,-0.25
-0.011468677569734811,-0.25,-0.25,0.25
-0.011468677569734811,-0.25,0.25,-0.25
-0.011468677569734811,-0.25,0.25,0.25
-0.011468677569734811,0.25,-0.25,-0.25
-0.011468677569734811,0.25,-0.25,0.25
-0.011468677569734811,0.25,0.25,-0.25
-0.011468677569734811,0.25,0.25,0.25
-0.005734338784867407,-0.25,-0.25,-0.25
-0.005734338784867407,-0.25,-0.25,0.25
-0.005734338784867407,-0.25,0.25,-0.25
-0.005734338784867407,-0.25,0.25,0.25
-0.005734338784867407,0.25,-0.25,-0.25
-0.005734338784867407,0.25,-0.25,0.25
-0.005734338784867407,0.25,0.25,-0.25
-0.005734338784867407,0.25,0.25,0.25
0.0,-0.25,-0.25,-0.25
0.0,-0.25,-0.25,0.25
0.0,-0.25,0.25,-0.25
0.0,-0.25,0.25,0.25
0.0,0.25,-0.25,-0.25
0.0,0.25,-0.25,0.25
0.0,0.25,0.25,-0.25
0.0,0.25,0.25,0.25
0.0024752475247524753,-0.25,-0.25,-0.25
0.0024752475247524753,-0.25,-0.25,0.25
0.0024752475247524753,-0.25,0.25,-0.25
0.0024752475247524753,-0.25,0.25,0.25
0.0024752475247524753,0.25,-0.25,-0.25
0.0024752475247524753,0.25,-0.25,0.25
0.0024752475247524753,0.25,0.25,-0.25
0.0024752475247524753,0.25,0.25,0.25
0.0049504950495049506,-0.25,-0.25,-0.25
0.0049504950495049506,-0.25,-0.25,0.25
0.0049504950495049506,-0.25,0.25,-0.25
0.0049504950495049506,-0.25,0.25,0.25
0.0049504950495049506,0.25,-0.25,-0.25
0.0049504950495049506,0.25,-0.25,0.25
0.0049504950495049506,0.25,0.25,-0.25
0.0049504950495049506,0.25,0.25,0.25
0.007425742574257425,-0.25,-0.25,-0.25
0.007425742574257425,-0.25,-0.25,0.25
0.007425742574257425,-0.25,0.25,-0.25
0.007425742574257425,-0.25,0.25,0.25
0.007425742574257425,0.25,-0.25,-0.25
0.007425742574257425,0.25,-0.25,0.25
0.007425742574257425,0.25,0.25,-0.25
0.007425742574257425,0.25,0.25,0.25
0.009900990099009901,-0.25,-0.25,-0.25
0.009900990099009901,-0.25,-0.25,0.25
0.009900990099009901,-0.25,0.25,-0.25
0.009900990099009901,-0.25,0.25,0.25
0.009900990099009901,0.25,-0.25,-0.25
0.009900990099009901,0.25,-0.25,0.25
0.009900990099009901,0.25,0.25,-0.25
0.009900990099009901,0.25,0.25,0.25
0.012376237623762377,-0.25,-0.25,-0.25
0.012376237623762377,-0.25,-0.25,0.25
0.012376237623762377,-0.25,0.25,-0.25
0.012376237623762377,-0.25,0.25,0.25
0.012376237623762377,0.25,-0.25,-0.25
0.012376237623762377,0.25,-0.25,0.25
0.012376237623762377,0.25,0.25,-0.25
0.012376237623762377,0.25,0.25,0.25
0.01485148514851485,-0.25,-0.25,-0.25
0.01485148514851485,-0.25,-0.25,0.25
0.01485148514851485,-0.25,0.25,-0.25
0.01485148514851485,-0.25,0.25,0.25
0.01485148514851485,0.25,-0.25,-0.25
0.01485148514851485,0.25,-0.25,0.25
0.01485148514851485,0.25,0.25,-0.25
0.01485148514851485,0.25,0.25,0.25
0.017326732673267328,-0.25,-0.25,-0.25
0.017326732673267328,-0.25,-0.25,0.25
0.017326732673267328,-0.25,0.25,-0.25
0.017326732673267328,-0.25,0.25,0.25
0.017326732673267328,0.25,-0.25,-0.25
0.017326732673267328,0.25,-0.25,0.25
0.017326732673267328,0.25,0.25,-0.25
0.017326732673267328,0.25,0.25,0.25
0.019801980198019802,-0.25,-0.25,-0.25
0.019801980198019802,-0.25,-0.25,0.25
0.019801980198019802,-0.25,0.25,-0.25
0.019801980198019802,-0.25,0.25,0.25
0.019801980198019802,0.25,-0.25,-0.25
0.019801980198019802,0.25,-0.25,0.25
0.019801980198019802,0.25,0.25,-0.25
0.019801980198019802,0.25,0.25,0.25
0.022277227722772276,-0.25,-0.25,-0.25
0.022277227722772276,-0.25,-0.25,0.25
0.022277227722772276,-0.25,0.25,-0.25
0.022277227722772276,-0.25,0.25,0.25
0.022277227722772276,0.25,-0.25,-0.25
0.022277227722772276,0.25,-0.25,0.25
0.022277227722772276,0.25,0.25,-0.25
0.022277227722772276,0.25,0.25,0.25
0.024752475247524754,-0.25,-0.25,-0.25
0.024752475247524754,-0.25,-0.25,0.25
0.024752475247524754,-0.25,0.25,-0.25
0.024752475247524754,-0.25,0.25,0.25
0.024752475247524754,0.25,-0.25,-0.25
0.024752475247524754,0.25,-0.25,0.25
0.024752475247524754,0.25,0.25,-0.25
0.024752475247524754,0.25,0.25,0.25
0.027227722772277228,-0.25,-0.25,-0.25
0.027227722772277228,-0.25,-0.25,0.25
0.027227722772277228,-0.25,0.25,-0.25
0.027227722772277228,-0.25,0.25,0.25
0.027227722772277228,0.25,-0.25,-0.25
0.027227722772277228,0.25,-0.25,0.25
0.027227722772277228,0.25,0.25,-0.25
0.027227722772277228,0.25,0.25,0.25
0.0297029702970297,-0.25,-0.25,-0.25
0.0297029702970297,-0.25,-0.25,0.25
0.0297029702970297,-0.25,0.25,-0.25
0.0297029702970297,-0.25,0.25,0.25
0.0297029702970297,0.25,-0.25,-0.25
0.0297029702970297,0.25,-0.25,0.25
0.0297029702970297,0.25,0.25,-0.25
0.0297029702970297,0.25,0.25,0.25
0.03217821782178218,-0.25,-0.25,-0.25
0.03217821782178218,-0.25,-0.25,0.25
0.03217821782178218,-0.25,0.25,-0.25
0.03217821782178218,-0.25,0.25,0.25
0.03217821782178218,0.25,-0.25,-0.25
0.03217821782178218,0.25,-0.25,0.25
0.03217821782178218,0.25,0.25,-0.25
0.03217821782178218,0.25,0.25,0.25
0.034653465346534656,-0.25,-0.25,-0.25
0.034653465346534656,-0.25,-0.25,0.25
0.034653465346534656,-0.25,0.25,-0.25
0.034653465346534656,-0.25,0.25,0.25
0.034653465346534656,0.25,-0.25,-0.25
0.034653465346534656,0.25,-0.25,0.25
0.034653465346534656,0.25,0.25,-0.25
0.034653465346534656,0.25,0.25,0.25
0.03712871287128713,-0.25,-0.25,-0.25
0.03712871287128713,-0.25,-0.25,0.25
0.03712871287128713,-0.25,0.25,-0.25
0.03712871287128713,-0.25,0.25,0.25
0.03712871287128713,0.25,-0.25,-0.25
0.03712871287128713,0.25,-0.25,0.25
0.03712871287128713,0.25,0.25,-0.25
0.03712871287128713,0.25,0.25,0.25
0.039603960396039604,-0.25,-0.25,-0.25
0.039603960396039604,-0.25,-0.25,0.25
0.039603960396039604,-0.25,0.25,-0.25
0.039603960396039604,-0.25,0.25,0.25
0.039603960396039604,0.25,-0.25,-0.25
0.039603960396039604,0.25,-0.25,0.25
0.039603960396039604,0.25,0.25,-0.25
0.039603960396039604,0.25,0.25,0.25
0.04207920792079208,-0.25,-0.25,-0.25
0.04207920792079208,-0.25,-0.25,0.25
0.04207920792079208,-0.25,0.25,-0.25
0.04207920792079208,-0.25,0.25,0.25
0.04207920792079208,0.25,-0.25,-0.25
0.04207920792079208,0.25,-0.25,0.25
0.04207920792079208,0.25,0.25,-0.25
0.04207920792079208,0.25,0.25,0.25
0.04455445544554455,-0.25,-0.25,-0.25
0.04455445544554455,-0.25,-0.25,0.25
0.04455445544554455,-0.25,0.25,-0.25
0.04455445544554455,-0.25,0.25,0.25
0.04455445544554455,0.25,-0.25,-0.25
0.04455445544554455,0.25,-0.25,0.25
0.04455445544554455,0.25,0.25,-0.25
0.04455445544554455,0.25,0.25,0.25
0.04702970297029703,-0.25,-0.25,-0.25
0.04702970297029703,-0.25,-0.25,0.25
0.04702970297029703,-0.25,0.25,-0.25
0.04702970297029703,-0.25,0.25,0.25
0.04702970297029703,0.25,-0.25,-0.25
0.04702970297029703,0.25,-0.25,0.25
0.04702970297029703,0.25,0.25,-0.25
0.04702970297029703,0.25,0.25,0.25
0.04950495049504951,-0.25,-0.25,-0.25
0.04950495049504951,-0.25,-0.25,0.25
0.04950495049504951,-0.25,0.25,-0.25
0.04950495049504951,-0.25,0.25,0.25
0.04950495049504951,0.25,-0.25,-0.25
0.04950495049504951,0.25,-0.25,0.25
0.04950495049504951,0.25,0.25,-0.25
0.04950495049504951,0.25,0.25,0.25
0.05198019801980198,-0.25,-0.25,-0.25
0.05198019801980198,-0.25,-0.25,0.25
0.05198019801980198,-0.25,0.25,-0.25
0.05198019801980198,-0.25,0.25,0.25
0.05198019801980198,0.25,-0.25,-0.25
0.05198019801980198,0.25,-0.25,0.25
0.05198019801980198,0.25,0.25,-0.25
0.05198019801980198,0.25,0.25,0.25
0.054455445544554455,-0.25,-0.25,-0.25
0.054455445544554455,-0.25,-0.25,0.25
0.054455445544554455,-0.25,0.25,-0.25
0.054455445544554455,-0.25,0.25,0.25
0.054455445544554455,0.25,-0.25,-0.25
0.054455445544554455,0.25,-0.25,0.25
0.054455445544554455,0.25,0.25,-0.25
0.054455445544554455,0.25,0.25,0.25
0.05693069306930693,-0.25,-0.25,-0.25
0.05693069306930693,-0.25,-0.25,0.25
0.05693069306930693,-0.25,0.25,-0.25
0.05693069306930693,-0.25,0.25,0.25
0.05693069306930693,0.25,-0.25,-0.25
0.05693069306930693,0.25,-0.25,0.25
0.05693069306930693,0.25,0.25,-0.25
0.05693069306930693,0.25,0.25,0.25
0.0594059405940594,-0.25,-0.25,-0.25
0.0594059405940594,-0.25,-0.25,0.25
0.0594059405940594,-0.25,0.25,-0.25
0.0594059405940594,-0.25,0.25,0.25
0.0594059405940594,0.25,-0.25,-0.25
0.0594059405940594,0.25,-0.25,0.25
0.0594059405940594,0.25,0.25,-0.25
0.0594059405940594,0.25,0.25,0.25
0.06188118811881188,-0.25,-0.25,-0.25
0.06188118811881188,-0.25,-0.25,0.25
0.06188118811881188,-0.25,0.25,-0.25
0.06188118811881188,-0.25,0.25,0.25
0.06188118811881188,0.25,-0.25,-0.25
0.06188118811881188,0.25,-0.25,0.25
0.06188118811881188,0.25,0.25,-0.25
0.06188118811881188,0.25,0.25,0.25
0.06435643564356436,-0.25,-0.25,-0.25
0.06435643564356436,-0.25,-0.25,0.25
0.06435643564356436,-0.25,0.25,-0.25
0.06435643564356436,-0.25,0.25,0.25
0.06435643564356436,0.25,-0.25,-0.25
0.06435643564356436,0.25,-0.25,0.25
0.06435643564356436,0.25,0.25,-0.25
0.06435643564356436,0.25,0.25,0.25
0.06683168316831684,-0.25,-0.25,-0.25
0.06683168316831684,-0.25,-0.25,0.25
0.06683168316831684,-0.25,0.25,-0.25
0.06683168316831684,-0.25,0.25,0.25
0.06683168316831684,0.25,-0.25,-0.25
0.06683168316831684,0.25,-0.25,0.25
0.06683168316831684,0.25,0.25,-0.25
0.06683168316831684,0.25,0.25,0.25
0.06930693069306931,-0.25,-0.25,-0.25
0.06930693069306931,-0.25,-0.25,0.25
0.06930693069306931,-0.25,0.25,-0.25
0.06930693069306931,-0.25,0.25,0.25
0.06930693069306931,0.25,-0.25,-0.25
0.06930693069306931,0.25,-0.25,0.25
0.06930693069306931,0.25,0.25,-0.25
0.06930693069306931,0.25,0.25,0.25
0.07178217821782178,-0.25,-0.25,-0.25
0.07178217821782178,-0.25,-0.25,0.25
0.07178217821782178,-0.25,0.25,-0.25
0.07178217821782178,-0.25,0.25,0.25
0.07178217821782178,0.25,-0.25,-0.25
0.07178217821782178,0.25,-0.25,0.25
0.07178217821782178,0.25,0.25,-0.25
0.07178217821782178,0.25,0.25,0.25
0.07425742574257425,-0.25,-0.25,-0.25
0.07425742574257425,-0.25,-0.25,0.25
0.07425742574257425,-0.25,0.25,-0.25
0.07425742574257425,-0.25,0.25,0.25
0.07425742574257425,0.25,-0.25,-0.25
0.07425742574257425,0.25,-0.25,0.25
0.07425742574257425,0.25,0.25,-0.25
0.07425742574257425,0.25,0.25,0.25
0.07673267326732673,-0.25,-0.25,-0.25
0.07673267326732673,-0.25,-0.25,0.25
0.07673267326732673,-0.25,0.25,-0.25
0.07673267326732673,-0.25,0.25,0.25
0.07673267326732673,0.25,-0.25,-0.25
0.07673267326732673,0.25,-0.25,0.25
0.07673267326732673,0.25,0.25,-0.25
0.07673267326732673,0.25,0.25,0.25
0.07920792079207921,-0.25,-0.25,-0.25
0.07920792079207921,-0.25,-0.25,0.25
0.07920792079207921,-0.25,0.25,-0.25
0.07920792079207921,-0.25,0.25,0.25
0.07920792079207921,0.25,-0.25,-0.25
0.07920792079207921,0.25,-0.25,0.25
0.07920792079207921,0.25,0.25,-0.25
0.07920792079207921,0.25,0.25,0.25
0.08168316831683169,-0.25,-0.25,-0.25
0.08168316831683169,-0.25,-0.25,0.25
0.08168316831683169,-0.25,0.25,-0.25
0.08168316831683169,-0.25,0.25,0.25
0.08168316831683169,0.25,-0.25,-0.25
0.08168316831683169,0.25,-0.25,0.25
0.08168316831683169,0.25,0.25,-0.25
0.08168316831683169,0.25,0.25,0.25
0.08415841584158416,-0.25,-0.25,-0.25
0.08415841584158416,-0.25,-0.25,0.25
0.08415841584158416,-0.25,0.25,-0.25
0.08415841584158416,-0.25,0.25,0.25
0.08415841584158416,0.25,-0.25,-0.25
0.08415841584158416,0.25,-0.25,0.25
0.08415841584158416,0.25,0.25,-0.25
0.08415841584158416,0.25,0.25,0.25
0.08663366336633663,-0.25,-0.25,-0.25
0.08663366336633663,-0.25,-0.25,0.25
0.08663366336633663,-0.25,0.25,-0.25
0.08663366336633663,-0.25,0.25,0.25
0.08663366336633663,0.25,-0.25,-0.25
0.08663366336633663,0.25,-0.25,0.25
0.08663366336633663,0.25,0.25,-0.25
0.08663366336633663,0.25,0.25,0.25
0.0891089108910891,-0.25,-0.25,-0.25
0.0891089108910891,-0.25,-0.25,0.25
0.0891089108910891,-0.25,0.25,-0.25
0.0891089108910891,-0.25,0.25,0.25
0.0891089108910891,0.25,-0.25,-0.25
0.0891089108910891,0.25,-0.25,0.25
0.0891089108910891,0.25,0.25,-0.25
0.0891089108910891,0.25,0.25,0.25
0.09158415841584158,-0.25,-0.25,-0.25
0.09158415841584158,-0.25,-0.25,0.25
0.09158415841584158,-0.25,0.25,-0.25
0.09158415841584158,-0.25,0.25,0.25
0.09158415841584158,0.25,-0.25,-0.25
0.09158415841584158,0.25,-0.25,0.25
0.09158415841584158,0.25,0.25,-0.25
0.09158415841584158,0.25,0.25,0.25
0.09405940594059406,-0.25,-0.25,-0.25
0.09405940594059406,-0.25,-0.25,0.25
0.09405940594059406,-0.25,0.25,-0.25
0.09405940594059406,-0.25,0.25,0.25
0.09405940594059406,0.25,-0.25,-0.25
0.09405940594059406,0.25,-0.25,0.25
0.09405940594059406,0.25,0.25,-0.25
0.09405940594059406,0.25,0.25,0.25
0.09653465346534654,-0.25,-0.25,-0.25
0.09653465346534654,-0.25,-0.25,0.25
0.09653465346534654,-0.25,0.25,-0.25
0.09653465346534654,-0.25,0.25,0.25
0.09653465346534654,0.25,-0.25,-0.25
0.09653465346534654,0.25,-0.25,0.25
0.09653465346534654,0.25,0.25,-0.25
0.09653465346534654,0.25,0.25,0.25
0.09900990099009901,-0.25,-0.25,-0.25
0.09900990099009901,-0.25,-0.25,0.25
0.09900990099009901,-0.25,0.25,-0.25
0.09900990099009901,-0.25,0.25,0.25
0.09900990099009901,0.25,-0.25,-0.25
0.09900990099009901,0.25,-0.25,0.25
0.09900990099009901,0.25,0.25,-0.25
0.09900990099009901,0.25,0.25,0.25
0.10148514851485149,-0.25,-0.25,-0.25
0.10148514851485149,-0.25,-0.25,0.25
0.10148514851485149,-0.25,0.25,-0.25
0.10148514851485149,-0.25,0.25,0.25
0.10148514851485149,0.25,-0.25,-0.25
0.10148514851485149,0.25,-0.25,0.25
0.10148514851485149,0.25,0.25,-0.25
0.10148514851485149,0.25,0.25,0.25
0.10396039603960396,-0.25,-0.25,-0.25
0.10396039603960396,-0.25,-0.25,0.25
0.10396039603960396,-0.25,0.25,-0.25
0.10396039603960396,-0.25,0.25,0.25
0.10396039603960396,0.25,-0.25,-0.25
0.10396039603960396,0.25,-0.25,0.25
0.10396039603960396,0.25,0.25,-0.25
0.10396039603960396,0.25,0.25,0.25
0.10643564356435643,-0.25,-0.25,-0.25
0.10643564356435643,-0.25,-0.25,0.25
0.10643564356435643,-0.25,0.25,-0.25
0.10643564356435643,-0.25,0.25,0.25
0.10643564356435643,0.25,-0.25,-0.25
0.10643564356435643,0.25,-0.25,0.25
0.10643564356435643,0.25,0.25,-0.25
0.10643564356435643,0.25,0.25,0.25
0.10891089108910891,-0.25,-0.25,-0.25
0.10891089108910891,-0.25,-0.25,0.25
0.10891089108910891,-0.25,0.25,-0.25
0.10891089108910891,-0.25,0.25,0.25
0.10891089108910891,0.25,-0.25,-0.25
0.10891089108910891,0.25,-0.25,0.25
0.10891089108910891,0.25,0.25,-0.25
0.10891089108910891,0.25,0.25,0.25
0.11138613861386139,-0.25,-0.25,-0.25
0.11138613861386139,-0.25,-0.25,0.25
0.11138613861386139,-0.25,0.25,-0.25
0.11138613861386139,-0.25,0.25,0.25
0.11138613861386139,0.25,-0.25,-0.25
0.11138613861386139,0.25,-0.25,0.25
0.11138613861386139,0.25,0.25,-0.25
0.11138613861386139,0.25,0.25,0.25
0.11386138613861387,-0.25,-0.25,-0.25
0.11386138613861387,-0.25,-0.25,0.25
0.11386138613861387,-0.25,0.25,-0.25
0.11386138613861387,-0.25,0.25,0.25
0.11386138613861387,0.25,-0.25,-0.25
0.11386138613861387,0.25,-0.25,0.25
0.11386138613861387,0.25,0.25,-0.25
0.11386138613861387,0.25,0.25,0.25
0.11633663366336634,-0.25,-0.25,-0.25
0.11633663366336634,-0.25,-0.25,0.25
0.11633663366336634,-0.25,0.25,-0.25
0.11633663366336634,-0.25,0.25,0.25
0.11633663366336634,0.25,-0.25,-0.25
0.11633663366336634,0.25,-0.25,0.25
0.11633663366336634,0.25,0.25,-0.25
0.11633663366336634,0.25,0.25,0.25
0.1188118811881188,-0.25,-0.25,-0.25
0.1188118811881188,-0.25,-0.25,0.25
0.1188118811881188,-0.25,0.25,-0.25
0.1188118811881188,-0.25,0.25,0.25
0.1188118811881188,0.25,-0.25,-0.25
0.1188118811881188,0.25,-0.25,0.25
0.1188118811881188,0.25,0.25,-0.25
0.1188118811881188,0.25,0.25,0.25
0.12128712871287128,-0.25,-0.25,-0.25
0.12128712871287128,-0.25,-0.25,0.25
0.12128712871287128,-0.25,0.25,-0.25
0.12128712871287128,-0.25,0.25,0.25
0.12128712871287128,0.25,-0.25,-0.25
0.12128712871287128,0.25,-0.25,0.25
0.12128712871287128,0.25,0.25,-0.25
0.12128712871287128,0.25,0.25,0.25
0.12376237623762376,-0.25,-0.25,-0.25
0.12376237623762376,-0.25,-0.25,0.25
0.12376237623762376,-0.25,0.25,-0.25
0.12376237623762376,-0.25,0.25,0.25
0.12376237623762376,0.25,-0.25,-0.25
0.12376237623762376,0.25,-0.25,0.25
0.12376237623762376,0.25,0.25,-0.25
0.12376237623762376,0.25,0.25,0.25
0.12623762376237624,-0.25,-0.25,-0.25
0.12623762376237624,-0.25,-0.25,0.25
0.12623762376237624,-0.25,0.25,-0.25
0.12623762376237624,-0.25,0.25,0.25
0.12623762376237624,0.25,-0.25,-0.25
0.12623762376237624,0.25,-0.25,0.25
0.12623762376237624,0.25,0.25,-0.25
0.12623762376237624,0.25,0.25,0.25
0.12871287128712872,-0.25,-0.25,-0.25
0.12871287128712872,-0.25,-0.25,0.25
0.12871287128712872,-0.25,0.25,-0.25
0.12871287128712872,-0.25,0.25,0.25
0.12871287128712872,0.25,-0.25,-0.25
0.12871287128712872,0.25,-0.25,0.25
0.12871287128712872,0.25,0.25,-0.25
0.12871287128712872,0.25,0.25,0.25
0.1311881188118812,-0.25,-0.25,-0.25
0.1311881188118812,-0.25,-0.25,0.25
0.1311881188118812,-0.25,0.25,-0.25
0.1311881188118812,-0.25,0.25,0.25
0.1311881188118812,0.25,-0.25,-0.25
0.1311881188118812,0.25,-0.25,0.25
0.1311881188118812,0.25,0.25,-0.25
0.1311881188118812,0.25,0.25,0.25
0.13366336633663367,-0.25,-0.25,-0.25
0.13366336633663367,-0.25,-0.25,0.25
0.13366336633663367,-0.25,0.25,-0.25
0.13366336633663367,-0.25,0.25,0.25
0.13366336633663367,0.25,-0.25,-0.25
0.13366336633663367,0.25,-0.25,0.25
0.13366336633663367,0.25,0.25,-0.25
0.13366336633663367,0.25,0.25,0.25
0.13613861386138615,-0.25,-0.25,-0.25
0.13613861386138615,-0.25,-0.25,0.25
0.13613861386138615,-0.25,0.25,-0.25
0.13613861386138615,-0.25,0.25,0.25
0.13613861386138615,0.25,-0.25,-0.25
0.13613861386138615,0.25,-0.25,0.25
0.13613861386138615,0.25,0.25,-0.25
0.13613861386138615,0.25,0.25,0.25
0.13861386138613863,-0.25,-0.25,-0.25
0.13861386138613863,-0.25,-0.25,0.25
0.13861386138613863,-0.25,0.25,-0.25
0.13861386138613863,-0.25,0.25,0.25
0.13861386138613863,0.25,-0.25,-0.25
0.13861386138613863,0.25,-0.25,0.25
0.13861386138613863,0.25,0.25,-0.25
0.13861386138613863,0.25,0.25,0.25
0.14108910891089108,-0.25,-0.25,-0.25
0.14108910891089108,-0.25,-0.25,0.25
0.14108910891089108,-0.25,0.25,-0.25
0.14108910891089108,-0.25,0.25,0.25
0.14108910891089108,0.25,-0.25,-0.25
0.14108910891089108,0.25,-0.25,0.25
0.14108910891089108,0.25,0.25,-0.25
0.14108910891089108,0.25,0.25,0.25
0.14356435643564355,-0.25,-0.25,-0.25
0.14356435643564355,-0.25,-0.25,0.25
0.14356435643564355,-0.25,0.25,-0.25
0.14356435643564355,-0.25,0.25,0.25
0.14356435643564355,0.25,-0.25,-0.25
0.14356435643564355,0.25,-0.25,0.25
0.14356435643564355,0.25,0.25,-0.25
0.14356435643564355,0.25,0.25,0.25
0.14603960396039603,-0.25,-0.25,-0.25
0.14603960396039603,-0.25,-0.25,0.25
0.14603960396039603,-0.25,0.25,-0.25
0.14603960396039603,-0.25,0.25,0.25
0.14603960396039603,0.25,-0.25,-0.25
0.14603960396039603,0.25,-0.25,0.25
0.14603960396039603,0.25,0.25,-0.25
0.14603960396039603,0.25,0.25,0.25
0.1485148514851485,-0.25,-0.25,-0.25
0.1485148514851485,-0.25,-0.25,0.25
0.1485148514851485,-0.25,0.25,-0.25
0.1485148514851485,-0.25,0.25,0.25
0.1485148514851485,0.25,-0.25,-0.25
0.1485148514851485,0.25,-0.25,0.25
0.1485148514851485,0.25,0.25,-0.25
0.1485148514851485,0.25,0.25,0.25
0.15099009900990099,-0.25,-0.25,-0.25
0.15099009900990099,-0.25,-0.25,0.25
0.15099009900990099,-0.25,0.25,-0.25
0.15099009900990099,-0.25,0.25,0.25
0.15099009900990099,0.25,-0.25,-0.25
0.15099009900990099,0.25,-0.25,0.25
0.15099009900990099,0.25,0.25,-0.25
0.15099009900990099,0.25,0.25,0.25
0.15346534653465346,-0.25,-0.25,-0.25
0.15346534653465346,-0.25,-0.25,0.25
0.15346534653465346,-0.25,0.25,-0.25
0.15346534653465346,-0.25,0.25,0.25
0.15346534653465346,0.25,-0.25,-0.25
0.15346534653465346,0.25,-0.25,0.25
0.15346534653465346,0.25,0.25,-0.25
0.15346534653465346,0.25,0.25,0.25
0.15594059405940594,-0.25,-0.25,-0.25
0.15594059405940594,-0.25,-0.25,0.25
0.15594059405940594,-0.25,0.25,-0.25
0.15594059405940594,-0.25,0.25,0.25
0.15594059405940594,0.25,-0.25,-0.25
0.15594059405940594,0.25,-0.25,0.25
0.15594059405940594,0.25,0.25,-0.25
0.15594059405940594,0.25,0.25,0.25
0.15841584158415842,-0.25,-0.25,-0.25
0.15841584158415842,-0.25,-0.25,0.25
0.15841584158415842,-0.25,0.25,-0.25
0.15841584158415842,-0.25,0.25,0.25
0.15841584158415842,0.25,-0.25,-0.25
0.15841584158415842,0.25,-0.25,0.25
0.15841584158415842,0.25,0.25,-0.25
0.15841584158415842,0.25,0.25,0.25
0.1608910891089109,-0.25,-0.25,-0.25
0.1608910891089109,-0.25,-0.25,0.25
0.1608910891089109,-0.25,0.25,-0.25
0.1608910891089109,-0.25,0.25,0.25
0.1608910891089109,0.25,-0.25,-0.25
0.1608910891089109,0.25,-0.25,0.25
0.1608910891089109,0.25,0.25,-0.25
0.1608910891089109,0.25,0.25,0.25
0.16336633663366337,-0.25,-0.25,-0.25
0.16336633663366337,-0.25,-0.25,0.25
0.16336633663366337,-0.25,0.25,-0.25
0.16336633663366337,-0.25,0.25,0.25
0.16336633663366337,0.25,-0.25,-0.25
0.16336633663366337,0.25,-0.25,0.25
0.16336633663366337,0.25,0.25,-0.25
0.16336633663366337,0.25,0.25,0.25
0.16584158415841585,-0.25,-0.25,-0.25
0.16584158415841585,-0.25,-0.25,0.25
0.16584158415841585,-0.25,0.25,-0.25
0.16584158415841585,-0.25,0.25,0.25
0.16584158415841585,0.25,-0.25,-0.25
0.16584158415841585,0.25,-0.25,0.25
0.16584158415841585,0.25,0.25,-0.25
0.16584158415841585,0.25,0.25,0.25
0.16831683168316833,-0.25,-0.25,-0.25
0.16831683168316833,-0.25,-0.25,0.25
0.16831683168316833,-0.25,0.25,-0.25
0.16831683168316833,-0.25,0.25,0.25
0.16831683168316833,0.25,-0.25,-0.25
0.16831683168316833,0.25,-0.25,0.25
0.16831683168316833,0.25,0.25,-0.25
0.16831683168316833,0.25,0.25,0.25
0.1707920792079208,-0.25,-0.25,-0.25
0.1707920792079208,-0.25,-0.25,0.25
0.1707920792079208,-0.25,0.25,-0.25
0.1707920792079208,-0.25,0.25,0.25
0.1707920792079208,0.25,-0.25,-0.25
0.1707920792079208,0.25,-0.25,0.25
0.1707920792079208,0.25,0.25,-0.25
0.1707920792079208,0.25,0.25,0.25
0.17326732673267325,-0.25,-0.25,-0.25
0.17326732673267325,-0.25,-0.25,0.25
0.17326732673267325,-0.25,0.25,-0.25
0.17326732673267325,-0.25,0.25,0.25
0.17326732673267325,0.25,-0.25,-0.25
0.17326732673267325,0.25,-0.25,0.25
0.17326732673267325,0.25,0.25,-0.25
0.17326732673267325,0.25,0.25,0.25
0.17574257425742573,-0.25,-0.25,-0.25
0.17574257425742573,-0.25,-0.25,0.25
0.17574257425742573,-0.25,0.25,-0.25
0.17574257425742573,-0.25,0.25,0.25
0.17574257425742573,0.25,-0.25,-0.25
0.17574257425742573,0.25,-0.25,0.25
0.17574257425742573,0.25,0.25,-0.25
0.17574257425742573,0.25,0.25,0.25
0.1782178217821782,-0.25,-0.25,-0.25
0.1782178217821782,-0.25,-0.25,0.25
0.1782178217821782,-0.25,0.25,-0.25
0.1782178217821782,-0.25,0.25,0.25
0.1782178217821782,0.25,-0.25,-0.25
0.1782178217821782,0.25,-0.25,0.25
0.1782178217821782,0.25,0.25,-0.25
0.1782178217821782,0.25,0.25,0.25
0.1806930693069307,-0.25,-0.25,-0.25
0.1806930693069307,-0.25,-0.25,0.25
0.1806930693069307,-0.25,0.25,-0.25
0.1806930693069307,-0.25,0.25,0.25
0.1806930693069307,0.25,-0.25,-0.25
0.1806930693069307,0.25,-0.25,0.25
0.1806930693069307,0.25,0.25,-0.25
0.1806930693069307,0.25,0.25,0.25
0.18316831683168316,-0.25,-0.25,-0.25
0.18316831683168316,-0.25,-0.25,0.25
0.18316831683168316,-0.25,0.25,-0.25
0.18316831683168316,-0.25,0.25,0.25
0.18316831683168316,0.25,-0.25,-0.25
0.18316831683168316,0.25,-0.25,0.25
0.18316831683168316,0.25,0.25,-0.25
0.18316831683168316,0.25,0.25,0.25
0.18564356435643564,-0.25,-0.25,-0.25
0.18564356435643564,-0.25,-0.25,0.25
0.18564356435643564,-0.25,0.25,-0.25
0.18564356435643564,-0.25,0.25,0.25
0.18564356435643564,0.25,-0.25,-0.25
0.18564356435643564,0.25,-0.25,0.25
0.18564356435643564,0.25,0.25,-0.25
0.18564356435643564,0.25,0.25,0.25
0.18811881188118812,-0.25,-0.25,-0.25
0.18811881188118812,-0.25,-0.25,0.25
0.18811881188118812,-0.25,0.25,-0.25
0.18811881188118812,-0.25,0.25,0.25
0.18811881188118812,0.25,-0.25,-0.25
0.18811881188118812,0.25,-0.25,0.25
0.18811881188118812,0.25,0.25,-0.25
0.18811881188118812,0.25,0.25,0.25
0.1905940594059406,-0.25,-0.25,-0.25
0.1905940594059406,-0.25,-0.25,0.25
0.1905940594059406,-0.25,0.25,-0.25
0.1905940594059406,-0.25,0.25,0.25
0.1905940594059406,0.25,-0.25,-0.25
0.1905940594059406,0.25,-0.25,0.25
0.1905940594059406,0.25,0.25,-0.25
0.1905940594059406,0.25,0.25,0.25
0.19306930693069307,-0.25,-0.25,-0.25
0.19306930693069307,-0.25,-0.25,0.25
0.19306930693069307,-0.25,0.25,-0.25
0.19306930693069307,-0.25,0.25,0.25
0.19306930693069307,0.25,-0.25,-0.25
0.19306930693069307,0.25,-0.25,0.25
0.19306930693069307,0.25,0.25,-0.25
0.19306930693069307,0.25,0.25,0.25
0.19554455445544555,-0.25,-0.25,-0.25
0.19554455445544555,-0.25,-0.25,0.25
0.19554455445544555,-0.25,0.25,-0.25
0.19554455445544555,-0.25,0.25,0.25
0.19554455445544555,0.25,-0.25,-0.25
0.19554455445544555,0.25,-0.25,0.25
0.19554455445544555,0.25,0.25,-0.25
0.19554455445544555,0.25,0.25,0.25
0.19801980198019803,-0.25,-0.25,-0.25
0.19801980198019803,-0.25,-0.25,0.25
0.19801980198019803,-0.25,0.25,-0.25
0.19801980198019803,-0.25,0.25,0.25
0.19801980198019803,0.25,-0.25,-0.25
0.19801980198019803,0.25,-0.25,0.25
0.19801980198019803,0.25,0.25,-0.25
0.19801980198019803,0.25,0.25,0.25
0.2004950495049505,-0.25,-0.25,-0.25
0.2004950495049505,-0.25,-0.25,0.25
0.2004950495049505,-0.25,0.25,-0.25
0.2004950495049505,-0.25,0.25,0.25
0.2004950495049505,0.25,-0.25,-0.25
0.2004950495049505,0.25,-0.25,0.25
0.2004950495049505,0.25,0.25,-0.25
0.2004950495049505,0.25,0.25,0.25
0.20297029702970298,-0.25,-0.25,-0.25
0.20297029702970298,-0.25,-0.25,0.25
0.20297029702970298,-0.25,0.25,-0.25
0.20297029702970298,-0.25,0.25,0.25
0.20297029702970298,0.25,-0.25,-0.25
0.20297029702970298,0.25,-0.25,0.25
0.20297029702970298,0.25,0.25,-0.25
0.20297029702970298,0.25,0.25,0.25
0.20544554455445543,-0.25,-0.25,-0.25
0.20544554455445543,-0.25,-0.25,0.25
0.20544554455445543,-0.25,0.25,-0.25
0.20544554455445543,-0.25,0.25,0.25
0.20544554455445543,0.25,-0.25,-0.25
0.20544554455445543,0.25,-0.25,0.25
0.20544554455445543,0.25,0.25,-0.25
0.20544554455445543,0.25,0.25,0.25
0.2079207920792079,-0.25,-0.25,-0.25
0.2079207920792079,-0.25,-0.25,0.25
0.2079207920792079,-0.25,0.25,-0.25
0.2079207920792079,-0.25,0.25,0.25
0.2079207920792079,0.25,-0.25,-0.25
0.2079207920792079,0.25,-0.25,0.25
0.2079207920792079,0.25,0.25,-0.25
0.2079207920792079,0.25,0.25,0.25
0.2103960396039604,-0.25,-0.25,-0.25
0.2103960396039604,-0.25,-0.25,0.25
0.2103960396039604,-0.25,0.25,-0.25
0.2103960396039604,-0.25,0.25,0.25
0.2103960396039604,0.25,-0.25,-0.25
0.2103960396039604,0.25,-0.25,0.25
0.2103960396039604,0.25,0.25,-0.25
0.2103960396039604,0.25,0.25,0.25
0.21287128712871287,-0.25,-0.25,-0.25
0.21287128712871287,-0.25,-0.25,0.25
0.21287128712871287,-0.25,0.25,-0.25
0.21287128712871287,-0.25,0.25,0.25
0.21287128712871287,0.25,-0.25,-0.25
0.21287128712871287,0.25,-0.25,0.25
0.21287128712871287,0.25,0.25,-0.25
0.21287128712871287,0.25,0.25,0.25
0.21534653465346534,-0.25,-0.25,-0.25
0.21534653465346534,-0.25,-0.25,0.25
0.21534653465346534,-0.25,0.25,-0.25
0.21534653465346534,-0.25,0.25,0.25
0.21534653465346534,0.25,-0.25,-0.25
0.21534653465346534,0.25,-0.25,0.25
0.21534653465346534,0.25,0.25,-0.25
0.21534653465346534,0.25,0.25,0.25
0.21782178217821782,-0.25,-0.25,-0.25
0.21782178217821782,-0.25,-0.25,0.25
0.21782178217821782,-0.25,0.25,-0.25
0.21782178217821782,-0.25,0.25,0.25
0.21782178217821782,0.25,-0.25,-0.25
0.21782178217821782,0.25,-0.25,0.25
0.21782178217821782,0.25,0.25,-0.25
0.21782178217821782,0.25,0.25,0.25
0.2202970297029703,-0.25,-0.25,-0.25
0.2202970297029703,-0.25,-0.25,0.25
0.2202970297029703,-0.25,0.25,-0.25
0.2202970297029703,-0.25,0.25,0.25
0.2202970297029703,0.25,-0.25,-0.25
0.2202970297029703,0.25,-0.25,0.25
0.2202970297029703,0.25,0.25,-0.25
0.2202970297029703,0.25,0.25,0.25
0.22277227722772278,-0.25,-0.25,-0.25
0.22277227722772278,-0.25,-0.25,0.25
0.22277227722772278,-0.25,0.25,-0.25
0.22277227722772278,-0.25,0.25,0.25
0.22277227722772278,0.25,-0.25,-0.25
0.22277227722772278,0.25,-0.25,0.25
0.22277227722772278,0.25,0.25,-0.25
0.22277227722772278,0.25,0.25,0.25
0.22524752475247525,-0.25,-0.25,-0.25
0.22524752475247525,-0.25,-0.25,0.25
0.22524752475247525,-0.25,0.25,-0.25
0.22524752475247525,-0.25,0.25,0.25
0.22524752475247525,0.25,-0.25,-0.25
0.22524752475247525,0.25,-0.25,0.25
0.22524752475247525,0.25,0.25,-0.25
0.22524752475247525,0.25,0.25,0.25
0.22772277227722773,-0.25,-0.25,-0.25
0.22772277227722773,-0.25,-0.25,0.25
0.22772277227722773,-0.25,0.25,-0.25
0.22772277227722773,-0.25,0.25,0.25
0.22772277227722773,0.25,-0.25,-0.25
0.22772277227722773,0.25,-0.25,0.25
0.22772277227722773,0.25,0.25,-0.25
0.22772277227722773,0.25,0.25,0.25
0.2301980198019802,-0.25,-0.25,-0.25
0.2301980198019802,-0.25,-0.25,0.25
0.2301980198019802,-0.25,0.25,-0.25
0.2301980198019802,-0.25,0.25,0.25
0.2301980198019802,0.25,-0.25,-0.25
0.2301980198019802,0.25,-0.25,0.25
0.2301980198019802,0.25,0.25,-0.25
0.2301980198019802,0.25,0.25,0.25
0.23267326732673269,-0.25,-0.25,-0.25
0.23267326732673269,-0.25,-0.25,0.25
0.23267326732673269,-0.25,0.25,-0.25
0.23267326732673269,-0.25,0.25,0.25
0.23267326732673269,0.25,-0.25,-0.25
0.23267326732673269,0.25,-0.25,0.25
0.23267326732673269,0.25,0.25,-0.25
0.23267326732673269,0.25,0.25,0.25
0.23514851485148514,-0.25,-0.25,-0.25
0.23514851485148514,-0.25,-0.25,0.25
0.23514851485148514,-0.25,0.25,-0.25
0.23514851485148514,-0.25,0.25,0.25
0.23514851485148514,0.25,-0.25,-0.25
0.23514851485148514,0.25,-0.25,0.25
0.23514851485148514,0.25,0.25,-0.25
0.23514851485148514,0.25,0.25,0.25
0.2376237623762376,-0.25,-0.25,-0.25
0.2376237623762376,-0.25,-0.25,0.25
0.2376237623762376,-0.25,0.25,-0.25
0.2376237623762376,-0.25,0.25,0.25
0.2376237623762376,0.25,-0.25,-0.25
0.2376237623762376,0.25,-0.25,0.25
0.2376237623762376,0.25,0.25,-0.25
0.2376237623762376,0.25,0.25,0.25
0.2400990099009901,-0.25,-0.25,-0.25
0.2400990099009901,-0.25,-0.25,0.25
0.2400990099009901,-0.25,0.25,-0.25
0.2400990099009901,-0.25,0.25,0.25
0.2400990099009901,0.25,-0.25,-0.25
0.2400990099009901,0.25,-0.25,0.25
0.2400990099009901,0.25,0.25,-0.25
0.2400990099009901,0.25,0.25,0.25
0.24257425742574257,-0.25,-0.25,-0.25
0.24257425742574257,-0.25,-0.25,0.25
0.24257425742574257,-0.25,0.25,-0.25
0.24257425742574257,-0.25,0.25,0.25
0.24257425742574257,0.25,-0.25,-0.25
0.24257425742574257,0.25,-0.25,0.25
0.24257425742574257,0.25,0.25,-0.25
0.24257425742574257,0.25,0.25,0.25
0.24504950495049505,-0.25,-0.25,-0.25
0.24504950495049505,-0.25,-0.25,0.25
0.24504950495049505,-0.25,0.25,-0.25
0.24504950495049505,-0.25,0.25,0.25
0.24504950495049505,0.25,-0.25,-0.25
0.24504950495049505,0.25,-0.25,0.25
0.24504950495049505,0.25,0.25,-0.25
0.24504950495049505,0.25,0.25,0.25
0.24752475247524752,-0.25,-0.25,-0.25
0.24752475247524752,-0.25,-0.25,0.25
0.24752475247524752,-0.25,0.25,-0.25
0.24752475247524752,-0.25,0.25,0.25
0.24752475247524752,0.25,-0.25,-0.25
0.24752475247524752,0.25,-0.25,0.25
0.24752475247524752,0.25,0.25,-0.25
0.24752475247524752,0.25,0.25,0.25
0.25,-0.25,-0.25,-0.25
0.25,-0.25,-0.25,0.25
0.25,-0.25,0.25,-0.25
0.25,-0.25,0.25,0.25
0.25,0.25,-0.25,-0.25
0.25,0.25,-0.25,0.25
0.25,0.25,0.25,-0.25
0.25,0.25,0.25,0.25
