dx_1
-0.25,-0.25,-0.25,-0.25
-0.25,-0.25,-0.25,0.25
-0.25,-0.25,0.25,-0.25
-0.25,-0.25,0.25,0.25
-0.25,0.25,-0.25,-0.25
-0.25,0.25,-0.25,0.25
-0.25,0.25,0.25,-0.25
-0.25,0.25,0.25,0.25
-0.24813005182989206,-0.25,-0.25,-0.25
-0.24813005182989206,-0.25,-0.25,0.25
-0.24813005182989206,-0.25,0.25,-0.25
-0.24813005182989206,-0.25,0.25,0.25
-0.24813005182989206,0.25,-0.25,-0.25
-0.24813005182989206,0.25,-0.25,0.25
-0.24813005182989206,0.25,0.25,-0.25
-0.24813005182989206,0.25,0.25,0.25
-0.24437127935192568,-0.25,-0.25,-0.25
-0.24437127935192568,-0.25,-0.25,0.25
-0.24437127935192568,-0.25,0.25,-0.25
-0.24437127935192568,-0.25,0.25,0.25
-0.24437127935192568,0.25,-0.25,-0.25
-0.24437127935192568,0.25,-0.25,0.25
-0.24437127935192568,0.25,0.25,-0.25
-0.24437127935192568,0.25,0.25,0.25
-0.24059314272912852,-0.25,-0.25,-0.25
-0.24059314272912852,-0.25,-0.25,0.25
-0.24059314272912852,-0.25,0.25,-0.25
-0.24059314272912852,-0.25,0.25,0.25
-0.24059314272912852,0.25,-0.25,-0.25
-0.24059314272912852,0.25,-0.25,0.25
-0.24059314272912852,0.25,0.25,-0.25
-0.24059314272912852,0.25,0.25,0.25
-0.23679513248937592,-0.25,-0.25,-0.25
-0.23679513248937592,-0.25,-0.25,0.25
-0.23679513248937592,-0.25,0.25,-0.25
-0.23679513248937592,-0.25,0.25,0.25
-0.23679513248937592,0.25,-0.25,-0.25
-0.23679513248937592,0.25,-0.25,0.25
-0.23679513248937592,0.25,0.25,-0.25
-0.23679513248937592,0.25,0.25,0.25
-0.23297671451270202,-0.25,-0.25,-0.25
-0.23297671451270202,-0.25,-0.25,0.25
-0.23297671451270202,-0.25,0.25,-0.25
-0.23297671451270202,-0.25,0.25,0.25
-0.23297671451270202,0.25,-0.25,-0.25
-0.23297671451270202,0.25,-0.25,0.25
-0.23297671451270202,0.25,0.25,-0.25
-0.23297671451270202,0.25,0.25,0.25
-0.22913732827097877,-0.25,-0.25,-0.25
-0.22913732827097877,-0.25,-0.25,0.25
-0.22913732827097877,-0.25,0.25,-0.25
-0.22913732827097877,-0.25,0.25,0.25
-0.22913732827097877,0.25,-0.25,-0.25
-0.22913732827097877,0.25,-0.25,0.25
-0.22913732827097877,0.25,0.25,-0.25
-0.22913732827097877,0.25,0.25,0.25
-0.2252763848994806,-0.25,-0.25,-0.25
-0.2252763848994806,-0.25,-0.25,0.25
-0.2252763848994806,-0.25,0.25,-0.25
-0.2252763848994806,-0.25,0.25,0.25
-0.2252763848994806,0.25,-0.25,-0.25
-0.2252763848994806,0.25,-0.25,0.25
-0.2252763848994806,0.25,0.25,-0.25
-0.2252763848994806,0.25,0.25,0.25
-0.22139326508007132,-0.25,-0.25,-0.25
-0.22139326508007132,-0.25,-0.25,0.25
-0.22139326508007132,-0.25,0.25,-0.25
-0.22139326508007132,-0.25,0.25,0.25
-0.22139326508007132,0.25,-0.25,-0.25
-0.22139326508007132,0.25,-0.25,0.25
-0.22139326508007132,0.25,0.25,-0.25
-0.22139326508007132,0.25,0.25,0.25
-0.21748731671271812,-0.25,-0.25,-0.25
-0.21748731671271812,-0.25,-0.25,0.25
-0.21748731671271812,-0.25,0.25,-0.25
-0.21748731671271812,-0.25,0.25,0.25
-0.21748731671271812,0.25,-0.25,-0.25
-0.21748731671271812,0.25,-0.25,0.25
-0.21748731671271812,0.25,0.25,-0.25
-0.21748731671271812,0.25,0.25,0.25
-0.21355785234857458,-0.25,-0.25,-0.25
-0.21355785234857458,-0.25,-0.25,0.25
-0.21355785234857458,-0.25,0.25,-0.25
-0.21355785234857458,-0.25,0.25,0.25
-0.21355785234857458,0.25,-0.25,-0.25
-0.21355785234857458,0.25,-0.25,0.25
-0.21355785234857458,0.25,0.25,-0.25
-0.21355785234857458,0.25,0.25,0.25
-0.20960414635372757,-0.25,-0.25,-0.25
-0.20960414635372757,-0.25,-0.25,0.25
-0.20960414635372757,-0.25,0.25,-0.25
-0.20960414635372757,-0.25,0.25,0.25
-0.20960414635372757,0.25,-0.25,-0.25
-0.20960414635372757,0.25,-0.25,0.25
-0.20960414635372757,0.25,0.25,-0.25
-0.20960414635372757,0.25,0.25,0.25
-0.20562543176780995,-0.25,-0.25,-0.25
-0.20562543176780995,-0.25,-0.25,0.25
-0.20562543176780995,-0.25,0.25,-0.25
-0.20562543176780995,-0.25,0.25,0.25
-0.20562543176780995,0.25,-0.25,-0.25
-0.20562543176780995,0.25,-0.25,0.25
-0.20562543176780995,0.25,0.25,-0.25
-0.20562543176780995,0.25,0.25,0.25
-0.20162089681586132,-0.25,-0.25,-0.25
-0.20162089681586132,-0.25,-0.25,0.25
-0.20162089681586132,-0.25,0.25,-0.25
-0.20162089681586132,-0.25,0.25,0.25
-0.20162089681586132,0.25,-0.25,-0.25
-0.20162089681586132,0.25,-0.25,0.25
-0.20162089681586132,0.25,0.25,-0.25
-0.20162089681586132,0.25,0.25,0.25
-0.19758968102490615,-0.25,-0.25,-0.25
-0.19758968102490615,-0.25,-0.25,0.25
-0.19758968102490615,-0.25,0.25,-0.25
-0.19758968102490615,-0.25,0.25,0.25
-0.19758968102490615,0.25,-0.25,-0.25
-0.19758968102490615,0.25,-0.25,0.25
-0.19758968102490615,0.25,0.25,-0.25
-0.19758968102490615,0.25,0.25,0.25
-0.19353087088840296,-0.25,-0.25,-0.25
-0.19353087088840296,-0.25,-0.25,0.25
-0.19353087088840296,-0.25,0.25,-0.25
-0.19353087088840296,-0.25,0.25,0.25
-0.19353087088840296,0.25,-0.25,-0.25
-0.19353087088840296,0.25,-0.25,0.25
-0.19353087088840296,0.25,0.25,-0.25
-0.19353087088840296,0.25,0.25,0.25
-0.18944349501168883,-0.25,-0.25,-0.25
-0.18944349501168883,-0.25,-0.25,0.25
-0.18944349501168883,-0.25,0.25,-0.25
-0.18944349501168883,-0.25,0.25,0.25
-0.18944349501168883,0.25,-0.25,-0.25
-0.18944349501168883,0.25,-0.25,0.25
-0.18944349501168883,0.25,0.25,-0.25
-0.18944349501168883,0.25,0.25,0.25
-0.185326518659453,-0.25,-0.25,-0.25
-0.185326518659453,-0.25,-0.25,0.25
-0.185326518659453,-0.25,0.25,-0.25
-0.185326518659453,-0.25,0.25,0.25
-0.185326518659453,0.25,-0.25,-0.25
-0.185326518659453,0.25,-0.25,0.25
-0.185326518659453,0.25,0.25,-0.25
-0.185326518659453,0.25,0.25,0.25
-0.1811788376115225,-0.25,-0.25,-0.25
-0.1811788376115225,-0.25,-0.25,0.25
-0.1811788376115225,-0.25,0.25,-0.25
-0.1811788376115225,-0.25,0.25,0.25
-0.1811788376115225,0.25,-0.25,-0.25
-0.1811788376115225,0.25,-0.25,0.25
-0.1811788376115225,0.25,0.25,-0.25
-0.1811788376115225,0.25,0.25,0.25
-0.17699927121524986,-0.25,-0.25,-0.25
-0.17699927121524986,-0.25,-0.25,0.25
-0.17699927121524986,-0.25,0.25,-0.25
-0.17699927121524986,-0.25,0.25,0.25
-0.17699927121524986,0.25,-0.25,-0.25
-0.17699927121524986,0.25,-0.25,0.25
-0.17699927121524986,0.25,0.25,-0.25
-0.17699927121524986,0.25,0.25,0.25
-0.17278655450058258,-0.25,-0.25,-0.25
-0.17278655450058258,-0.25,-0.25,0.25
-0.17278655450058258,-0.25,0.25,-0.25
-0.17278655450058258,-0.25,0.25,0.25
-0.17278655450058258,0.25,-0.25,-0.25
-0.17278655450058258,0.25,-0.25,0.25
-0.17278655450058258,0.25,0.25,-0.25
-0.17278655450058258,0.25,0.25,0.25
-0.16853932919649023,-0.25,-0.25,-0.25
-0.16853932919649023,-0.25,-0.25,0.25
-0.16853932919649023,-0.25,0.25,-0.25
-0.16853932919649023,-0.25,0.25,0.25
-0.16853932919649023,0.25,-0.25,-0.25
-0.16853932919649023,0.25,-0.25,0.25
-0.16853932919649023,0.25,0.25,-0.25
-0.16853932919649023,0.25,0.25,0.25
-0.16425613345321888,-0.25,-0.25,-0.25
-0.16425613345321888,-0.25,-0.25,0.25
-0.16425613345321888,-0.25,0.25,-0.25
-0.16425613345321888,-0.25,0.25,0.25
-0.16425613345321888,0.25,-0.25,-0.25
-0.16425613345321888,0.25,-0.25,0.25
-0.16425613345321888,0.25,0.25,-0.25
-0.16425613345321888,0.25,0.25,0.25
-0.15993539003198898,-0.25,-0.25,-0.25
-0.15993539003198898,-0.25,-0.25,0.25
-0.15993539003198898,-0.25,0.25,-0.25
-0.15993539003198898,-0.25,0.25,0.25
-0.15993539003198898,0.25,-0.25,-0.25
-0.15993539003198898,0.25,-0.25,0.25
-0.15993539003198898,0.25,0.25,-0.25
-0.15993539003198898,0.25,0.25,0.25
-0.15557539266952564,-0.25,-0.25,-0.25
-0.15557539266952564,-0.25,-0.25,0.25
-0.15557539266952564,-0.25,0.25,-0.25
-0.15557539266952564,-0.25,0.25,0.25
-0.15557539266952564,0.25,-0.25,-0.25
-0.15557539266952564,0.25,-0.25,0.25
-0.15557539266952564,0.25,0.25,-0.25
-0.15557539266952564,0.25,0.25,0.25
-0.1511742902558464,-0.25,-0.25,-0.25
-0.1511742902558464,-0.25,-0.25,0.25
-0.1511742902558464,-0.25,0.25,-0.25
-0.1511742902558464,-0.25,0.25,0.25
-0.1511742902558464,0.25,-0.25,-0.25
-0.1511742902558464,0.25,-0.25,0.25
-0.1511742902558464,0.25,0.25,-0.25
-0.1511742902558464,0.25,0.25,0.25
-0.14673006837505218,-0.25,-0.25,-0.25
-0.14673006837505218,-0.25,-0.25,0.25
-0.14673006837505218,-0.25,0.25,-0.25
-0.14673006837505218,-0.25,0.25,0.25
-0.14673006837505218,0.25,-0.25,-0.25
-0.14673006837505218,0.25,-0.25,0.25
-0.14673006837505218,0.25,0.25,-0.25
-0.14673006837505218,0.25,0.25,0.25
-0.1422405276440099,-0.25,-0.25,-0.25
-0.1422405276440099,-0.25,-0.25,0.25
-0.1422405276440099,-0.25,0.25,-0.25
-0.1422405276440099,-0.25,0.25,0.25
-0.1422405276440099,0.25,-0.25,-0.25
-0.1422405276440099,0.25,-0.25,0.25
-0.1422405276440099,0.25,0.25,-0.25
-0.1422405276440099,0.25,0.25,0.25
-0.13770325813350415,-0.25,-0.25,-0.25
-0.13770325813350415,-0.25,-0.25,0.25
-0.13770325813350415,-0.25,0.25,-0.25
-0.13770325813350415,-0.25,0.25,0.25
-0.13770325813350415,0.25,-0.25,-0.25
-0.13770325813350415,0.25,-0.25,0.25
-0.13770325813350415,0.25,0.25,-0.25
-0.13770325813350415,0.25,0.25,0.25
-0.1331156089576326,-0.25,-0.25,-0.25
-0.1331156089576326,-0.25,-0.25,0.25
-0.1331156089576326,-0.25,0.25,-0.25
-0.1331156089576326,-0.25,0.25,0.25
-0.1331156089576326,0.25,-0.25,-0.25
-0.1331156089576326,0.25,-0.25,0.25
-0.1331156089576326,0.25,0.25,-0.25
-0.1331156089576326,0.25,0.25,0.25
-0.12847465185142087,-0.25,-0.25,-0.25
-0.12847465185142087,-0.25,-0.25,0.25
-0.12847465185142087,-0.25,0.25,-0.25
-0.12847465185142087,-0.25,0.25,0.25
-0.12847465185142087,0.25,-0.25,-0.25
-0.12847465185142087,0.25,-0.25,0.25
-0.12847465185142087,0.25,0.25,-0.25
-0.12847465185142087,0.25,0.25,0.25
-0.12377713719673694,-0.25,-0.25,-0.25
-0.12377713719673694,-0.25,-0.25,0.25
-0.12377713719673694,-0.25,0.25,-0.25
-0.12377713719673694,-0.25,0.25,0.25
-0.12377713719673694,0.25,-0.25,-0.25
-0.12377713719673694,0.25,-0.25,0.25
-0.12377713719673694,0.25,0.25,-0.25
-0.12377713719673694,0.25,0.25,0.25
-0.11901944046285785,-0.25,-0.25,-0.25
-0.11901944046285785,-0.25,-0.25,0.25
-0.11901944046285785,-0.25,0.25,-0.25
-0.11901944046285785,-0.25,0.25,0.25
-0.11901944046285785,0.25,-0.25,-0.25
-0.11901944046285785,0.25,-0.25,0.25
-0.11901944046285785,0.25,0.25,-0.25
-0.11901944046285785,0.25,0.25,0.25
-0.11419749634068546,-0.25,-0.25,-0.25
-0.11419749634068546,-0.25,-0.25,0.25
-0.11419749634068546,-0.25,0.25,-0.25
-0.11419749634068546,-0.25,0.25,0.25
-0.11419749634068546,0.25,-0.25,-0.25
-0.11419749634068546,0.25,-0.25,0.25
-0.11419749634068546,0.25,0.25,-0.25
-0.11419749634068546,0.25,0.25,0.25
-0.10930671687734386,-0.25,-0.25,-0.25
-0.10930671687734386,-0.25,-0.25,0.25
-0.10930671687734386,-0.25,0.25,-0.25
-0.10930671687734386,-0.25,0.25,0.25
-0.10930671687734386,0.25,-0.25,-0.25
-0.10930671687734386,0.25,-0.25,0.25
-0.10930671687734386,0.25,0.25,-0.25
-0.10930671687734386,0.25,0.25,0.25
-0.10434188851806471,-0.25,-0.25,-0.25
-0.10434188851806471,-0.25,-0.25,0.25
-0.10434188851806471,-0.25,0.25,-0.25
-0.10434188851806471,-0.25,0.25,0.25
-0.10434188851806471,0.25,-0.25,-0.25
-0.10434188851806471,0.25,-0.25,0.25
-0.10434188851806471,0.25,0.25,-0.25
-0.10434188851806471,0.25,0.25,0.25
-0.09929704090710872,-0.25,-0.25,-0.25
-0.09929704090710872,-0.25,-0.25,0.25
-0.09929704090710872,-0.25,0.25,-0.25
-0.09929704090710872,-0.25,0.25,0.25
-0.09929704090710872,0.25,-0.25,-0.25
-0.09929704090710872,0.25,-0.25,0.25
-0.09929704090710872,0.25,0.25,-0.25
-0.09929704090710872,0.25,0.25,0.25
-0.09416527721564838,-0.25,-0.25,-0.25
-0.09416527721564838,-0.25,-0.25,0.25
-0.09416527721564838,-0.25,0.25,-0.25
-0.09416527721564838,-0.25,0.25,0.25
-0.09416527721564838,0.25,-0.25,-0.25
-0.09416527721564838,0.25,-0.25,0.25
-0.09416527721564838,0.25,0.25,-0.25
-0.09416527721564838,0.25,0.25,0.25
-0.08893855102248689,-0.25,-0.25,-0.25
-0.08893855102248689,-0.25,-0.25,0.25
-0.08893855102248689,-0.25,0.25,-0.25
-0.08893855102248689,-0.25,0.25,0.25
-0.08893855102248689,0.25,-0.25,-0.25
-0.08893855102248689,0.25,-0.25,0.25
-0.08893855102248689,0.25,0.25,-0.25
-0.08893855102248689,0.25,0.25,0.25
-0.08360736727685994,-0.25,-0.25,-0.25
-0.08360736727685994,-0.25,-0.25,0.25
-0.08360736727685994,-0.25,0.25,-0.25
-0.08360736727685994,-0.25,0.25,0.25
-0.08360736727685994,0.25,-0.25,-0.25
-0.08360736727685994,0.25,-0.25,0.25
-0.08360736727685994,0.25,0.25,-0.25
-0.08360736727685994,0.25,0.25,0.25
-0.07816037264107327,-0.25,-0.25,-0.25
-0.07816037264107327,-0.25,-0.25,0.25
-0.07816037264107327,-0.25,0.25,-0.25
-0.07816037264107327,-0.25,0.25,0.25
-0.07816037264107327,0.25,-0.25,-0.25
-0.07816037264107327,0.25,-0.25,0.25
-0.07816037264107327,0.25,0.25,-0.25
-0.07816037264107327,0.25,0.25,0.25
-0.07258377981449814,-0.25,-0.25,-0.25
-0.07258377981449814,-0.25,-0.25,0.25
-0.07258377981449814,-0.25,0.25,-0.25
-0.07258377981449814,-0.25,0.25,0.25
-0.07258377981449814,0.25,-0.25,-0.25
-0.07258377981449814,0.25,-0.25,0.25
-0.07258377981449814,0.25,0.25,-0.25
-0.07258377981449814,0.25,0.25,0.25
-0.06686053390504514,-0.25,-0.25,-0.25
-0.06686053390504514,-0.25,-0.25,0.25
-0.06686053390504514,-0.25,0.25,-0.25
-0.06686053390504514,-0.25,0.25,0.25
-0.06686053390504514,0.25,-0.25,-0.25
-0.06686053390504514,0.25,-0.25,0.25
-0.06686053390504514,0.25,0.25,-0.25
-0.06686053390504514,0.25,0.25,0.25
-0.060969061104490116,-0.25,-0.25,-0.25
-0.060969061104490116,-0.25,-0.25,0.25
-0.060969061104490116,-0.25,0.25,-0.25
-0.060969061104490116,-0.25,0.25,0.25
-0.060969061104490116,0.25,-0.25,-0.25
-0.060969061104490116,0.25,-0.25,0.25
-0.060969061104490116,0.25,0.25,-0.25
-0.060969061104490116,0.25,0.25,0.25
-0.05488130626011932,-0.25,-0.25,-0.25
-0.05488130626011932,-0.25,-0.25,0.25
-0.05488130626011932,-0.25,0.25,-0.25
-0.05488130626011932,-0.25,0.25,0.25
-0.05488130626011932,0.25,-0.25,-0.25
-0.05488130626011932,0.25,-0.25,0.25
-0.05488130626011932,0.25,0.25,-0.25
-0.05488130626011932,0.25,0.25,0.25
-0.04855948226037989,-0.25,-0.25,-0.25
-0.04855948226037989,-0.25,-0.25,0.25
-0.04855948226037989,-0.25,0.25,-0.25
-0.04855948226037989,-0.25,0.25,0.25
-0.04855948226037989,0.25,-0.25,-0.25
-0.04855948226037989,0.25,-0.25,0.25
-0.04855948226037989,0.25,0.25,-0.25
-0.04855948226037989,0.25,0.25,0.25
-0.04195029333232446,-0.25,-0.25,-0.25
-0.04195029333232446,-0.25,-0.25,0.25
-0.04195029333232446,-0.25,0.25,-0.25
-0.04195029333232446,-0.25,0.25,0.25
-0.04195029333232446,0.25,-0.25,-0.25
-0.04195029333232446,0.25,-0.25,0.25
-0.04195029333232446,0.25,0.25,-0.25
-0.04195029333232446,0.25,0.25,0.25
-0.03497365552542739,-0.25,-0.25,-0.25
-0.03497365552542739,-0.25,-0.25,0.25
-0.03497365552542739,-0.25,0.25,-0.25
-0.03497365552542739,-0.25,0.25,0.25
-0.03497365552542739,0.25,-0.25,-0.25
-0.03497365552542739,0.25,-0.25,0.25
-0.03497365552542739,0.25,0.25,-0.25
-0.03497365552542739,0.25,0.25,0.25
-0.027497525503996083,-0.25,-0.25,-0.25
-0.027497525503996083,-0.25,-0.25,0.25
-0.027497525503996083,-0.25,0.25,-0.25
-0.027497525503996083,-0.25,0.25,0.25
-0.027497525503996083,0.25,-0.25,-0.25
-0.027497525503996083,0.25,-0.25,0.25
-0.027497525503996083,0.25,0.25,-0.25
-0.027497525503996083,0.25,0.25,0.25
-0.019268775809660903,-0.25,-0.25,-0.25
-0.019268775809660903,-0.25,-0.25,0.25
-0.019268775809660903,-0.25,0.25,-0.25
-0.019268775809660903,-0.25,0.25,0.25
-0.019268775809660903,0.25,-0.25,-0.25
-0.019268775809660903,0.25,-0.25,0.25
-0.019268775809660903,0.25,0.25,-0.25
-0.019268775809660903,0.25,0.25,0.25
-0.009634387904830453,-0.25,-0.25,-0.25
-0.009634387904830453,-0.25,-0.25,0.25
-0.009634387904830453,-0.25,0.25,-0.25
-0.009634387904830453,-0.25,0.25,0.25
-0.009634387904830453,0.25,-0.25,-0.25
-0.009634387904830453,0.25,-0.25,0.25
-0.009634387904830453,0.25,0.25,-0.25
-0.009634387904830453,0.25,0.25,0.25
0.0,-0.25,-0.25,-0.25
0.0,-0.25,-0.25,0.25
0.0,-0.25,0.25,-0.25
0.0,-0.25,0.25,0.25
0.0,0.25,-0.25,-0.25
0.0,0.25,-0.25,0.25
0.0,0.25,0.25,-0.25
0.0,0.25,0.25,0.25
0.012334104229214509,-0.25,-0.25,-0.25
0.012334104229214509,-0.25,-0.25,0.25
0.012334104229214509,-0.25,0.25,-0.25
0.012334104229214509,-0.25,0.25,0.25
0.012334104229214509,0.25,-0.25,-0.25
0.012334104229214509,0.25,-0.25,0.25
0.012334104229214509,0.25,0.25,-0.25
0.012334104229214509,0.25,0.25,0.25
0.021361918321304792,-0.25,-0.25,-0.25
0.021361918321304792,-0.25,-0.25,0.25
0.021361918321304792,-0.25,0.25,-0.25
0.021361918321304792,-0.25,0.25,0.25
0.021361918321304792,0.25,-0.25,-0.25
0.021361918321304792,0.25,-0.25,0.25
0.021361918321304792,0.25,0.25,-0.25
0.021361918321304792,0.25,0.25,0.25
0.02925833863003299,-0.25,-0.25,-0.25
0.02925833863003299,-0.25,-0.25,0.25
0.02925833863003299,-0.25,0.25,-0.25
0.02925833863003299,-0.25,0.25,0.25
0.02925833863003299,0.25,-0.25,-0.25
0.02925833863003299,0.25,-0.25,0.25
0.02925833863003299,0.25,0.25,-0.25
0.02925833863003299,0.25,0.25,0.25
0.036498274309808676,-0.25,-0.25,-0.25
0.036498274309808676,-0.25,-0.25,0.25
0.036498274309808676,-0.25,0.25,-0.25
0.036498274309808676,-0.25,0.25,0.25
0.036498274309808676,0.25,-0.25,-0.25
0.036498274309808676,0.25,-0.25,0.25
0.036498274309808676,0.25,0.25,-0.25
0.036498274309808676,0.25,0.25,0.25
0.04328736905843697,-0.25,-0.25,-0.25
0.04328736905843697,-0.25,-0.25,0.25
0.04328736905843697,-0.25,0.25,-0.25
0.04328736905843697,-0.25,0.25,0.25
0.04328736905843697,0.25,-0.25,-0.25
0.04328736905843697,0.25,-0.25,0.25
0.04328736905843697,0.25,0.25,-0.25
0.04328736905843697,0.25,0.25,0.25
0.049738204124532386,-0.25,-0.25,-0.25
0.049738204124532386,-0.25,-0.25,0.25
0.049738204124532386,-0.25,0.25,-0.25
0.049738204124532386,-0.25,0.25,0.25
0.049738204124532386,0.25,-0.25,-0.25
0.049738204124532386,0.25,-0.25,0.25
0.049738204124532386,0.25,0.25,-0.25
0.049738204124532386,0.25,0.25,0.25
0.05592111358213844,-0.25,-0.25,-0.25
0.05592111358213844,-0.25,-0.25,0.25
0.05592111358213844,-0.25,0.25,-0.25
0.05592111358213844,-0.25,0.25,0.25
0.05592111358213844,0.25,-0.25,-0.25
0.05592111358213844,0.25,-0.25,0.25
0.05592111358213844,0.25,0.25,-0.25
0.05592111358213844,0.25,0.25,0.25
0.06188383774386686,-0.25,-0.25,-0.25
0.06188383774386686,-0.25,-0.25,0.25
0.06188383774386686,-0.25,0.25,-0.25
0.06188383774386686,-0.25,0.25,0.25
0.06188383774386686,0.25,-0.25,-0.25
0.06188383774386686,0.25,-0.25,0.25
0.06188383774386686,0.25,0.25,-0.25
0.06188383774386686,0.25,0.25,0.25
0.0676607095554168,-0.25,-0.25,-0.25
0.0676607095554168,-0.25,-0.25,0.25
0.0676607095554168,-0.25,0.25,-0.25
0.0676607095554168,-0.25,0.25,0.25
0.0676607095554168,0.25,-0.25,-0.25
0.0676607095554168,0.25,-0.25,0.25
0.0676607095554168,0.25,0.25,-0.25
0.0676607095554168,0.25,0.25,0.25
0.07327749486238401,-0.25,-0.25,-0.25
0.07327749486238401,-0.25,-0.25,0.25
0.07327749486238401,-0.25,0.25,-0.25
0.07327749486238401,-0.25,0.25,0.25
0.07327749486238401,0.25,-0.25,-0.25
0.07327749486238401,0.25,-0.25,0.25
0.07327749486238401,0.25,0.25,-0.25
0.07327749486238401,0.25,0.25,0.25
0.07875417384827973,-0.25,-0.25,-0.25
0.07875417384827973,-0.25,-0.25,0.25
0.07875417384827973,-0.25,0.25,-0.25
0.07875417384827973,-0.25,0.25,0.25
0.07875417384827973,0.25,-0.25,-0.25
0.07875417384827973,0.25,-0.25,0.25
0.07875417384827973,0.25,0.25,-0.25
0.07875417384827973,0.25,0.25,0.25
0.08410664776898423,-0.25,-0.25,-0.25
0.08410664776898423,-0.25,-0.25,0.25
0.08410664776898423,-0.25,0.25,-0.25
0.08410664776898423,-0.25,0.25,0.25
0.08410664776898423,0.25,-0.25,-0.25
0.08410664776898423,0.25,-0.25,0.25
0.08410664776898423,0.25,0.25,-0.25
0.08410664776898423,0.25,0.25,0.25
0.08934784156577653,-0.25,-0.25,-0.25
0.08934784156577653,-0.25,-0.25,0.25
0.08934784156577653,-0.25,0.25,-0.25
0.08934784156577653,-0.25,0.25,0.25
0.08934784156577653,0.25,-0.25,-0.25
0.08934784156577653,0.25,-0.25,0.25
0.08934784156577653,0.25,0.25,-0.25
0.08934784156577653,0.25,0.25,0.25
0.09448844640015744,-0.25,-0.25,-0.25
0.09448844640015744,-0.25,-0.25,0.25
0.09448844640015744,-0.25,0.25,-0.25
0.09448844640015744,-0.25,0.25,0.25
0.09448844640015744,0.25,-0.25,-0.25
0.09448844640015744,0.25,-0.25,0.25
0.09448844640015744,0.25,0.25,-0.25
0.09448844640015744,0.25,0.25,0.25
0.09953743711366005,-0.25,-0.25,-0.25
0.09953743711366005,-0.25,-0.25,0.25
0.09953743711366005,-0.25,0.25,-0.25
0.09953743711366005,-0.25,0.25,0.25
0.09953743711366005,0.25,-0.25,-0.25
0.09953743711366005,0.25,-0.25,0.25
0.09953743711366005,0.25,0.25,-0.25
0.09953743711366005,0.25,0.25,0.25
0.10450244333970442,-0.25,-0.25,-0.25
0.10450244333970442,-0.25,-0.25,0.25
0.10450244333970442,-0.25,0.25,-0.25
0.10450244333970442,-0.25,0.25,0.25
0.10450244333970442,0.25,-0.25,-0.25
0.10450244333970442,0.25,-0.25,0.25
0.10450244333970442,0.25,0.25,-0.25
0.10450244333970442,0.25,0.25,0.25
0.10939002223957005,-0.25,-0.25,-0.25
0.10939002223957005,-0.25,-0.25,0.25
0.10939002223957005,-0.25,0.25,-0.25
0.10939002223957005,-0.25,0.25,0.25
0.10939002223957005,0.25,-0.25,-0.25
0.10939002223957005,0.25,-0.25,0.25
0.10939002223957005,0.25,0.25,-0.25
0.10939002223957005,0.25,0.25,0.25
0.11420586320255603,-0.25,-0.25,-0.25
0.11420586320255603,-0.25,-0.25,0.25
0.11420586320255603,-0.25,0.25,-0.25
0.11420586320255603,-0.25,0.25,0.25
0.11420586320255603,0.25,-0.25,-0.25
0.11420586320255603,0.25,-0.25,0.25
0.11420586320255603,0.25,0.25,-0.25
0.11420586320255603,0.25,0.25,0.25
0.11895494432190472,-0.25,-0.25,-0.25
0.11895494432190472,-0.25,-0.25,0.25
0.11895494432190472,-0.25,0.25,-0.25
0.11895494432190472,-0.25,0.25,0.25
0.11895494432190472,0.25,-0.25,-0.25
0.11895494432190472,0.25,-0.25,0.25
0.11895494432190472,0.25,0.25,-0.25
0.11895494432190472,0.25,0.25,0.25
0.12364165394691969,-0.25,-0.25,-0.25
0.12364165394691969,-0.25,-0.25,0.25
0.12364165394691969,-0.25,0.25,-0.25
0.12364165394691969,-0.25,0.25,0.25
0.12364165394691969,0.25,-0.25,-0.25
0.12364165394691969,0.25,-0.25,0.25
0.12364165394691969,0.25,0.25,-0.25
0.12364165394691969,0.25,0.25,0.25
0.128269886460175,-0.25,-0.25,-0.25
0.128269886460175,-0.25,-0.25,0.25
0.128269886460175,-0.25,0.25,-0.25
0.128269886460175,-0.25,0.25,0.25
0.128269886460175,0.25,-0.25,-0.25
0.128269886460175,0.25,-0.25,0.25
0.128269886460175,0.25,0.25,-0.25
0.128269886460175,0.25,0.25,0.25
0.13284311870967233,-0.25,-0.25,-0.25
0.13284311870967233,-0.25,-0.25,0.25
0.13284311870967233,-0.25,0.25,-0.25
0.13284311870967233,-0.25,0.25,0.25
0.13284311870967233,0.25,-0.25,-0.25
0.13284311870967233,0.25,-0.25,0.25
0.13284311870967233,0.25,0.25,-0.25
0.13284311870967233,0.25,0.25,0.25
0.1373644717021113,-0.25,-0.25,-0.25
0.1373644717021113,-0.25,-0.25,0.25
0.1373644717021113,-0.25,0.25,-0.25
0.1373644717021113,-0.25,0.25,0.25
0.1373644717021113,0.25,-0.25,-0.25
0.1373644717021113,0.25,-0.25,0.25
0.1373644717021113,0.25,0.25,-0.25
0.1373644717021113,0.25,0.25,0.25
0.14183676091402664,-0.25,-0.25,-0.25
0.14183676091402664,-0.25,-0.25,0.25
0.14183676091402664,-0.25,0.25,-0.25
0.14183676091402664,-0.25,0.25,0.25
0.14183676091402664,0.25,-0.25,-0.25
0.14183676091402664,0.25,-0.25,0.25
0.14183676091402664,0.25,0.25,-0.25
0.14183676091402664,0.25,0.25,0.25
0.14626253770509814,-0.25,-0.25,-0.25
0.14626253770509814,-0.25,-0.25,0.25
0.14626253770509814,-0.25,0.25,-0.25
0.14626253770509814,-0.25,0.25,0.25
0.14626253770509814,0.25,-0.25,-0.25
0.14626253770509814,0.25,-0.25,0.25
0.14626253770509814,0.25,0.25,-0.25
0.14626253770509814,0.25,0.25,0.25
0.15064412369815017,-0.25,-0.25,-0.25
0.15064412369815017,-0.25,-0.25,0.25
0.15064412369815017,-0.25,0.25,-0.25
0.15064412369815017,-0.25,0.25,0.25
0.15064412369815017,0.25,-0.25,-0.25
0.15064412369815017,0.25,-0.25,0.25
0.15064412369815017,0.25,0.25,-0.25
0.15064412369815017,0.25,0.25,0.25
0.15498363954311362,-0.25,-0.25,-0.25
0.15498363954311362,-0.25,-0.25,0.25
0.15498363954311362,-0.25,0.25,-0.25
0.15498363954311362,-0.25,0.25,0.25
0.15498363954311362,0.25,-0.25,-0.25
0.15498363954311362,0.25,-0.25,0.25
0.15498363954311362,0.25,0.25,-0.25
0.15498363954311362,0.25,0.25,0.25
0.15928302915487141,-0.25,-0.25,-0.25
0.15928302915487141,-0.25,-0.25,0.25
0.15928302915487141,-0.25,0.25,-0.25
0.15928302915487141,-0.25,0.25,0.25
0.15928302915487141,0.25,-0.25,-0.25
0.15928302915487141,0.25,-0.25,0.25
0.15928302915487141,0.25,0.25,-0.25
0.15928302915487141,0.25,0.25,0.25
0.16354408027215575,-0.25,-0.25,-0.25
0.16354408027215575,-0.25,-0.25,0.25
0.16354408027215575,-0.25,0.25,-0.25
0.16354408027215575,-0.25,0.25,0.25
0.16354408027215575,0.25,-0.25,-0.25
0.16354408027215575,0.25,-0.25,0.25
0.16354408027215575,0.25,0.25,-0.25
0.16354408027215575,0.25,0.25,0.25
0.16776844200248536,-0.25,-0.25,-0.25
0.16776844200248536,-0.25,-0.25,0.25
0.16776844200248536,-0.25,0.25,-0.25
0.16776844200248536,-0.25,0.25,0.25
0.16776844200248536,0.25,-0.25,-0.25
0.16776844200248536,0.25,-0.25,0.25
0.16776844200248536,0.25,0.25,-0.25
0.16776844200248536,0.25,0.25,0.25
0.17195763987988613,-0.25,-0.25,-0.25
0.17195763987988613,-0.25,-0.25,0.25
0.17195763987988613,-0.25,0.25,-0.25
0.17195763987988613,-0.25,0.25,0.25
0.17195763987988613,0.25,-0.25,-0.25
0.17195763987988613,0.25,-0.25,0.25
0.17195763987988613,0.25,0.25,-0.25
0.17195763987988613,0.25,0.25,0.25
0.17611308885615748,-0.25,-0.25,-0.25
0.17611308885615748,-0.25,-0.25,0.25
0.17611308885615748,-0.25,0.25,-0.25
0.17611308885615748,-0.25,0.25,0.25
0.17611308885615748,0.25,-0.25,-0.25
0.17611308885615748,0.25,-0.25,0.25
0.17611308885615748,0.25,0.25,-0.25
0.17611308885615748,0.25,0.25,0.25
0.1802361045644294,-0.25,-0.25,-0.25
0.1802361045644294,-0.25,-0.25,0.25
0.1802361045644294,-0.25,0.25,-0.25
0.1802361045644294,-0.25,0.25,0.25
0.1802361045644294,0.25,-0.25,-0.25
0.1802361045644294,0.25,-0.25,0.25
0.1802361045644294,0.25,0.25,-0.25
0.1802361045644294,0.25,0.25,0.25
0.1843279131297161,-0.25,-0.25,-0.25
0.1843279131297161,-0.25,-0.25,0.25
0.1843279131297161,-0.25,0.25,-0.25
0.1843279131297161,-0.25,0.25,0.25
0.1843279131297161,0.25,-0.25,-0.25
0.1843279131297161,0.25,-0.25,0.25
0.1843279131297161,0.25,0.25,-0.25
0.1843279131297161,0.25,0.25,0.25
0.18838965975075708,-0.25,-0.25,-0.25
0.18838965975075708,-0.25,-0.25,0.25
0.18838965975075708,-0.25,0.25,-0.25
0.18838965975075708,-0.25,0.25,0.25
0.18838965975075708,0.25,-0.25,-0.25
0.18838965975075708,0.25,-0.25,0.25
0.18838965975075708,0.25,0.25,-0.25
0.18838965975075708,0.25,0.25,0.25
0.19242241623744996,-0.25,-0.25,-0.25
0.19242241623744996,-0.25,-0.25,0.25
0.19242241623744996,-0.25,0.25,-0.25
0.19242241623744996,-0.25,0.25,0.25
0.19242241623744996,0.25,-0.25,-0.25
0.19242241623744996,0.25,-0.25,0.25
0.19242241623744996,0.25,0.25,-0.25
0.19242241623744996,0.25,0.25,0.25
0.1964271876562238,-0.25,-0.25,-0.25
0.1964271876562238,-0.25,-0.25,0.25
0.1964271876562238,-0.25,0.25,-0.25
0.1964271876562238,-0.25,0.25,0.25
0.1964271876562238,0.25,-0.25,-0.25
0.1964271876562238,0.25,-0.25,0.25
0.1964271876562238,0.25,0.25,-0.25
0.1964271876562238,0.25,0.25,0.25
0.20040491820999587,-0.25,-0.25,-0.25
0.20040491820999587,-0.25,-0.25,0.25
0.20040491820999587,-0.25,0.25,-0.25
0.20040491820999587,-0.25,0.25,0.25
0.20040491820999587,0.25,-0.25,-0.25
0.20040491820999587,0.25,-0.25,0.25
0.20040491820999587,0.25,0.25,-0.25
0.20040491820999587,0.25,0.25,0.25
0.20435649645854703,-0.25,-0.25,-0.25
0.20435649645854703,-0.25,-0.25,0.25
0.20435649645854703,-0.25,0.25,-0.25
0.20435649645854703,-0.25,0.25,0.25
0.20435649645854703,0.25,-0.25,-0.25
0.20435649645854703,0.25,-0.25,0.25
0.20435649645854703,0.25,0.25,-0.25
0.20435649645854703,0.25,0.25,0.25
0.2082827599682033,-0.25,-0.25,-0.25
0.2082827599682033,-0.25,-0.25,0.25
0.2082827599682033,-0.25,0.25,-0.25
0.2082827599682033,-0.25,0.25,0.25
0.2082827599682033,0.25,-0.25,-0.25
0.2082827599682033,0.25,-0.25,0.25
0.2082827599682033,0.25,0.25,-0.25
0.2082827599682033,0.25,0.25,0.25
0.2121844994658274,-0.25,-0.25,-0.25
0.2121844994658274,-0.25,-0.25,0.25
0.2121844994658274,-0.25,0.25,-0.25
0.2121844994658274,-0.25,0.25,0.25
0.2121844994658274,0.25,-0.25,-0.25
0.2121844994658274,0.25,-0.25,0.25
0.2121844994658274,0.25,0.25,-0.25
0.2121844994658274,0.25,0.25,0.25
0.21606246256069833,-0.25,-0.25,-0.25
0.21606246256069833,-0.25,-0.25,0.25
0.21606246256069833,-0.25,0.25,-0.25
0.21606246256069833,-0.25,0.25,0.25
0.21606246256069833,0.25,-0.25,-0.25
0.21606246256069833,0.25,-0.25,0.25
0.21606246256069833,0.25,0.25,-0.25
0.21606246256069833,0.25,0.25,0.25
0.2199173570883935,-0.25,-0.25,-0.25
0.2199173570883935,-0.25,-0.25,0.25
0.2199173570883935,-0.25,0.25,-0.25
0.2199173570883935,-0.25,0.25,0.25
0.2199173570883935,0.25,-0.25,-0.25
0.2199173570883935,0.25,-0.25,0.25
0.2199173570883935,0.25,0.25,-0.25
0.2199173570883935,0.25,0.25,0.25
0.22374985412292056,-0.25,-0.25,-0.25
0.22374985412292056,-0.25,-0.25,0.25
0.22374985412292056,-0.25,0.25,-0.25
0.22374985412292056,-0.25,0.25,0.25
0.22374985412292056,0.25,-0.25,-0.25
0.22374985412292056,0.25,-0.25,0.25
0.22374985412292056,0.25,0.25,-0.25
0.22374985412292056,0.25,0.25,0.25
0.22756059069678153,-0.25,-0.25,-0.25
0.22756059069678153,-0.25,-0.25,0.25
0.22756059069678153,-0.25,0.25,-0.25
0.22756059069678153,-0.25,0.25,0.25
0.22756059069678153,0.25,-0.25,-0.25
0.22756059069678153,0.25,-0.25,0.25
0.22756059069678153,0.25,0.25,-0.25
0.22756059069678153,0.25,0.25,0.25
0.23135017226312554,-0.25,-0.25,-0.25
0.23135017226312554,-0.25,-0.25,0.25
0.23135017226312554,-0.25,0.25,-0.25
0.23135017226312554,-0.25,0.25,0.25
0.23135017226312554,0.25,-0.25,-0.25
0.23135017226312554,0.25,-0.25,0.25
0.23135017226312554,0.25,0.25,-0.25
0.23135017226312554,0.25,0.25,0.25
0.23511917492951345,-0.25,-0.25,-0.25
0.23511917492951345,-0.25,-0.25,0.25
0.23511917492951345,-0.25,0.25,-0.25
0.23511917492951345,-0.25,0.25,0.25
0.23511917492951345,0.25,-0.25,-0.25
0.23511917492951345,0.25,-0.25,0.25
0.23511917492951345,0.25,0.25,-0.25
0.23511917492951345,0.25,0.25,0.25
0.23886814743436505,-0.25,-0.25,-0.25
0.23886814743436505,-0.25,-0.25,0.25
0.23886814743436505,-0.25,0.25,-0.25
0.23886814743436505,-0.25,0.25,0.25
0.23886814743436505,0.25,-0.25,-0.25
0.23886814743436505,0.25,-0.25,0.25
0.23886814743436505,0.25,0.25,-0.25
0.23886814743436505,0.25,0.25,0.25
0.24259761365392518,-0.25,-0.25,-0.25
0.24259761365392518,-0.25,-0.25,0.25
0.24259761365392518,-0.25,0.25,-0.25
0.24259761365392518,-0.25,0.25,0.25
0.24259761365392518,0.25,-0.25,-0.25
0.24259761365392518,0.25,-0.25,0.25
0.24259761365392518,0.25,0.25,-0.25
0.24259761365392518,0.25,0.25,0.25
0.2463080730484474,-0.25,-0.25,-0.25
0.2463080730484474,-0.25,-0.25,0.25
0.2463080730484474,-0.25,0.25,-0.25
0.2463080730484474,-0.25,0.25,0.25
0.2463080730484474,0.25,-0.25,-0.25
0.2463080730484474,0.25,-0.25,0.25
0.2463080730484474,0.25,0.25,-0.25
0.2463080730484474,0.25,0.25,0.25
0.25,-0.25,-0.25,-0.25
0.25,-0.25,-0.25,0.25
0.25,-0.25,0.25,-0.25
0.25,-0.25,0.25,0.25
0.25,0.25,-0.25,-0.25
0.25,0.25,-0.25,0.25
0.25,0.25,0.25,-0.25
0.25,0.25,0.25,0.25
