dx_1
-0.25,-0.25,-0.25,-0.25
-0.25,-0.25,-0.25,0.25
-0.25,-0.25,0.25,-0.25
-0.25,-0.25,0.25,0.25
-0.25,0.25,-0.25,-0.25
-0.25,0.25,-0.25,0.25
-0.25,0.25,0.25,-0.25
-0.25,0.25,0.25,0.25
-0.24875220674208712,-0.25,-0.25,-0.25
-0.24875220674208712,-0.25,-0.25,0.25
-0.24875220674208712,-0.25,0.25,-0.25
-0.24875220674208712,-0.25,0.25,0.25
-0.24875220674208712,0.25,-0.25,-0.25
-0.24875220674208712,0.25,-0.25,0.25
-0.24875220674208712,0.25,0.25,-0.25
-0.24875220674208712,0.25,0.25,0.25
-0.2462482506168076,-0.25,-0.25,-0.25
-0.2462482506168076,-0.25,-0.25,0.25
-0.2462482506168076,-0.25,0.25,-0.25
-0.2462482506168076,-0.25,0.25,0.25
-0.2462482506168076,0.25,-0.25,-0.25
-0.2462482506168076,0.25,-0.25,0.25
-0.2462482506168076,0.25,0.25,-0.25
-0.2462482506168076,0.25,0.25,0.25
-0.2437357820675001,-0.25,-0.25,-0.25
-0.2437357820675001,-0.25,-0.25,0.25
-0.2437357820675001,-0.25,0.25,-0.25
-0.2437357820675001,-0.25,0.25,0.25
-0.2437357820675001,0.25,-0.25,-0.25
-0.2437357820675001,0.25,-0.25,0.25
-0.2437357820675001,0.25,0.25,-0.25
-0.2437357820675001,0.25,0.25,0.25
-0.2412146543546889,-0.25,-0.25,-0.25
-0.2412146543546889,-0.25,-0.25,0.25
-0.2412146543546889,-0.25,0.25,-0.25
-0.2412146543546889,-0.25,0.25,0.25
-0.2412146543546889,0.25,-0.25,-0.25
-0.2412146543546889,0.25,-0.25,0.25
-0.2412146543546889,0.25,0.25,-0.25
-0.2412146543546889,0.25,0.25,0.25
-0.2386847161218443,-0.25,-0.25,-0.25
-0.2386847161218443,-0.25,-0.25,0.25
-0.2386847161218443,-0.25,0.25,-0.25
-0.2386847161218443,-0.25,0.25,0.25
-0.2386847161218443,0.25,-0.25,-0.25
-0.2386847161218443,0.25,-0.25,0.25
-0.2386847161218443,0.25,0.25,-0.25
-0.2386847161218443,0.25,0.25,0.25
-0.23614581118258063,-0.25,-0.25,-0.25
-0.23614581118258063,-0.25,-0.25,0.25
-0.23614581118258063,-0.25,0.25,-0.25
-0.23614581118258063,-0.25,0.25,0.25
-0.23614581118258063,0.25,-0.25,-0.25
-0.23614581118258063,0.25,-0.25,0.25
-0.23614581118258063,0.25,0.25,-0.25
-0.23614581118258063,0.25,0.25,0.25
-0.23359777829480488,-0.25,-0.25,-0.25
-0.23359777829480488,-0.25,-0.25,0.25
-0.23359777829480488,-0.25,0.25,-0.25
-0.23359777829480488,-0.25,0.25,0.25
-0.23359777829480488,0.25,-0.25,-0.25
-0.23359777829480488,0.25,-0.25,0.25
-0.23359777829480488,0.25,0.25,-0.25
-0.23359777829480488,0.25,0.25,0.25
-0.2310404509208956,-0.25,-0.25,-0.25
-0.2310404509208956,-0.25,-0.25,0.25
-0.2310404509208956,-0.25,0.25,-0.25
-0.2310404509208956,-0.25,0.25,0.25
-0.2310404509208956,0.25,-0.25,-0.25
-0.2310404509208956,0.25,-0.25,0.25
-0.2310404509208956,0.25,0.25,-0.25
-0.2310404509208956,0.25,0.25,0.25
-0.22847365697274064,-0.25,-0.25,-0.25
-0.22847365697274064,-0.25,-0.25,0.25
-0.22847365697274064,-0.25,0.25,-0.25
-0.22847365697274064,-0.25,0.25,0.25
-0.22847365697274064,0.25,-0.25,-0.25
-0.22847365697274064,0.25,-0.25,0.25
-0.22847365697274064,0.25,0.25,-0.25
-0.22847365697274064,0.25,0.25,0.25
-0.225897218540528,-0.25,-0.25,-0.25
-0.225897218540528,-0.25,-0.25,0.25
-0.225897218540528,-0.25,0.25,-0.25
-0.225897218540528,-0.25,0.25,0.25
-0.225897218540528,0.25,-0.25,-0.25
-0.225897218540528,0.25,-0.25,0.25
-0.225897218540528,0.25,0.25,-0.25
-0.225897218540528,0.25,0.25,0.25
-0.22331095160390477,-0.25,-0.25,-0.25
-0.22331095160390477,-0.25,-0.25,0.25
-0.22331095160390477,-0.25,0.25,-0.25
-0.22331095160390477,-0.25,0.25,0.25
-0.22331095160390477,0.25,-0.25,-0.25
-0.22331095160390477,0.25,-0.25,0.25
-0.22331095160390477,0.25,0.25,-0.25
-0.22331095160390477,0.25,0.25,0.25
-0.22071466572412002,-0.25,-0.25,-0.25
-0.22071466572412002,-0.25,-0.25,0.25
-0.22071466572412002,-0.25,0.25,-0.25
-0.22071466572412002,-0.25,0.25,0.25
-0.22071466572412002,0.25,-0.25,-0.25
-0.22071466572412002,0.25,-0.25,0.25
-0.22071466572412002,0.25,0.25,-0.25
-0.22071466572412002,0.25,0.25,0.25
-0.21810816371555977,-0.25,-0.25,-0.25
-0.21810816371555977,-0.25,-0.25,0.25
-0.21810816371555977,-0.25,0.25,-0.25
-0.21810816371555977,-0.25,0.25,0.25
-0.21810816371555977,0.25,-0.25,-0.25
-0.21810816371555977,0.25,-0.25,0.25
-0.21810816371555977,0.25,0.25,-0.25
-0.21810816371555977,0.25,0.25,0.25
-0.21549124129495656,-0.25,-0.25,-0.25
-0.21549124129495656,-0.25,-0.25,0.25
-0.21549124129495656,-0.25,0.25,-0.25
-0.21549124129495656,-0.25,0.25,0.25
-0.21549124129495656,0.25,-0.25,-0.25
-0.21549124129495656,0.25,-0.25,0.25
-0.21549124129495656,0.25,0.25,-0.25
-0.21549124129495656,0.25,0.25,0.25
-0.2128636867063621,-0.25,-0.25,-0.25
-0.2128636867063621,-0.25,-0.25,0.25
-0.2128636867063621,-0.25,0.25,-0.25
-0.2128636867063621,-0.25,0.25,0.25
-0.2128636867063621,0.25,-0.25,-0.25
-0.2128636867063621,0.25,-0.25,0.25
-0.2128636867063621,0.25,0.25,-0.25
-0.2128636867063621,0.25,0.25,0.25
-0.21022528031975915,-0.25,-0.25,-0.25
-0.21022528031975915,-0.25,-0.25,0.25
-0.21022528031975915,-0.25,0.25,-0.25
-0.21022528031975915,-0.25,0.25,0.25
-0.21022528031975915,0.25,-0.25,-0.25
-0.21022528031975915,0.25,-0.25,0.25
-0.21022528031975915,0.25,0.25,-0.25
-0.21022528031975915,0.25,0.25,0.25
-0.20757579420102543,-0.25,-0.25,-0.25
-0.20757579420102543,-0.25,-0.25,0.25
-0.20757579420102543,-0.25,0.25,-0.25
-0.20757579420102543,-0.25,0.25,0.25
-0.20757579420102543,0.25,-0.25,-0.25
-0.20757579420102543,0.25,-0.25,0.25
-0.20757579420102543,0.25,0.25,-0.25
-0.20757579420102543,0.25,0.25,0.25
-0.20491499165064853,-0.25,-0.25,-0.25
-0.20491499165064853,-0.25,-0.25,0.25
-0.20491499165064853,-0.25,0.25,-0.25
-0.20491499165064853,-0.25,0.25,0.25
-0.20491499165064853,0.25,-0.25,-0.25
-0.20491499165064853,0.25,-0.25,0.25
-0.20491499165064853,0.25,0.25,-0.25
-0.20491499165064853,0.25,0.25,0.25
-0.2022426267083581,-0.25,-0.25,-0.25
-0.2022426267083581,-0.25,-0.25,0.25
-0.2022426267083581,-0.25,0.25,-0.25
-0.2022426267083581,-0.25,0.25,0.25
-0.2022426267083581,0.25,-0.25,-0.25
-0.2022426267083581,0.25,-0.25,0.25
-0.2022426267083581,0.25,0.25,-0.25
-0.2022426267083581,0.25,0.25,0.25
-0.19955844362049102,-0.25,-0.25,-0.25
-0.19955844362049102,-0.25,-0.25,0.25
-0.19955844362049102,-0.25,0.25,-0.25
-0.19955844362049102,-0.25,0.25,0.25
-0.19955844362049102,0.25,-0.25,-0.25
-0.19955844362049102,0.25,-0.25,0.25
-0.19955844362049102,0.25,0.25,-0.25
-0.19955844362049102,0.25,0.25,0.25
-0.19686217626657335,-0.25,-0.25,-0.25
-0.19686217626657335,-0.25,-0.25,0.25
-0.19686217626657335,-0.25,0.25,-0.25
-0.19686217626657335,-0.25,0.25,0.25
-0.19686217626657335,0.25,-0.25,-0.25
-0.19686217626657335,0.25,-0.25,0.25
-0.19686217626657335,0.25,0.25,-0.25
-0.19686217626657335,0.25,0.25,0.25
-0.19415354754120043,-0.25,-0.25,-0.25
-0.19415354754120043,-0.25,-0.25,0.25
-0.19415354754120043,-0.25,0.25,-0.25
-0.19415354754120043,-0.25,0.25,0.25
-0.19415354754120043,0.25,-0.25,-0.25
-0.19415354754120043,0.25,-0.25,0.25
-0.19415354754120043,0.25,0.25,-0.25
-0.19415354754120043,0.25,0.25,0.25
-0.1914322686868058,-0.25,-0.25,-0.25
-0.1914322686868058,-0.25,-0.25,0.25
-0.1914322686868058,-0.25,0.25,-0.25
-0.1914322686868058,-0.25,0.25,0.25
-0.1914322686868058,0.25,-0.25,-0.25
-0.1914322686868058,0.25,-0.25,0.25
-0.1914322686868058,0.25,0.25,-0.25
-0.1914322686868058,0.25,0.25,0.25
-0.18869803857243783,-0.25,-0.25,-0.25
-0.18869803857243783,-0.25,-0.25,0.25
-0.18869803857243783,-0.25,0.25,-0.25
-0.18869803857243783,-0.25,0.25,0.25
-0.18869803857243783,0.25,-0.25,-0.25
-0.18869803857243783,0.25,-0.25,0.25
-0.18869803857243783,0.25,0.25,-0.25
-0.18869803857243783,0.25,0.25,0.25
-0.18595054291301025,-0.25,-0.25,-0.25
-0.18595054291301025,-0.25,-0.25,0.25
-0.18595054291301025,-0.25,0.25,-0.25
-0.18595054291301025,-0.25,0.25,0.25
-0.18595054291301025,0.25,-0.25,-0.25
-0.18595054291301025,0.25,-0.25,0.25
-0.18595054291301025,0.25,0.25,-0.25
-0.18595054291301025,0.25,0.25,0.25
-0.18318945342286128,-0.25,-0.25,-0.25
-0.18318945342286128,-0.25,-0.25,0.25
-0.18318945342286128,-0.25,0.25,-0.25
-0.18318945342286128,-0.25,0.25,0.25
-0.18318945342286128,0.25,-0.25,-0.25
-0.18318945342286128,0.25,-0.25,0.25
-0.18318945342286128,0.25,0.25,-0.25
-0.18318945342286128,0.25,0.25,0.25
-0.18041442689664228,-0.25,-0.25,-0.25
-0.18041442689664228,-0.25,-0.25,0.25
-0.18041442689664228,-0.25,0.25,-0.25
-0.18041442689664228,-0.25,0.25,0.25
-0.18041442689664228,0.25,-0.25,-0.25
-0.18041442689664228,0.25,-0.25,0.25
-0.18041442689664228,0.25,0.25,-0.25
-0.18041442689664228,0.25,0.25,0.25
-0.17762510420967442,-0.25,-0.25,-0.25
-0.17762510420967442,-0.25,-0.25,0.25
-0.17762510420967442,-0.25,0.25,-0.25
-0.17762510420967442,-0.25,0.25,0.25
-0.17762510420967442,0.25,-0.25,-0.25
-0.17762510420967442,0.25,-0.25,0.25
-0.17762510420967442,0.25,0.25,-0.25
-0.17762510420967442,0.25,0.25,0.25
-0.17482110922888017,-0.25,-0.25,-0.25
-0.17482110922888017,-0.25,-0.25,0.25
-0.17482110922888017,-0.25,0.25,-0.25
-0.17482110922888017,-0.25,0.25,0.25
-0.17482110922888017,0.25,-0.25,-0.25
-0.17482110922888017,0.25,-0.25,0.25
-0.17482110922888017,0.25,0.25,-0.25
-0.17482110922888017,0.25,0.25,0.25
-0.17200204762417498,-0.25,-0.25,-0.25
-0.17200204762417498,-0.25,-0.25,0.25
-0.17200204762417498,-0.25,0.25,-0.25
-0.17200204762417498,-0.25,0.25,0.25
-0.17200204762417498,0.25,-0.25,-0.25
-0.17200204762417498,0.25,-0.25,0.25
-0.17200204762417498,0.25,0.25,-0.25
-0.17200204762417498,0.25,0.25,0.25
-0.16916750556885443,-0.25,-0.25,-0.25
-0.16916750556885443,-0.25,-0.25,0.25
-0.16916750556885443,-0.25,0.25,-0.25
-0.16916750556885443,-0.25,0.25,0.25
-0.16916750556885443,0.25,-0.25,-0.25
-0.16916750556885443,0.25,-0.25,0.25
-0.16916750556885443,0.25,0.25,-0.25
-0.16916750556885443,0.25,0.25,0.25
-0.1663170483158744,-0.25,-0.25,-0.25
-0.1663170483158744,-0.25,-0.25,0.25
-0.1663170483158744,-0.25,0.25,-0.25
-0.1663170483158744,-0.25,0.25,0.25
-0.1663170483158744,0.25,-0.25,-0.25
-0.1663170483158744,0.25,-0.25,0.25
-0.1663170483158744,0.25,0.25,-0.25
-0.1663170483158744,0.25,0.25,0.25
-0.1634502186350398,-0.25,-0.25,-0.25
-0.1634502186350398,-0.25,-0.25,0.25
-0.1634502186350398,-0.25,0.25,-0.25
-0.1634502186350398,-0.25,0.25,0.25
-0.1634502186350398,0.25,-0.25,-0.25
-0.1634502186350398,0.25,-0.25,0.25
-0.1634502186350398,0.25,0.25,-0.25
-0.1634502186350398,0.25,0.25,0.25
-0.16056653509394286,-0.25,-0.25,-0.25
-0.16056653509394286,-0.25,-0.25,0.25
-0.16056653509394286,-0.25,0.25,-0.25
-0.16056653509394286,-0.25,0.25,0.25
-0.16056653509394286,0.25,-0.25,-0.25
-0.16056653509394286,0.25,-0.25,0.25
-0.16056653509394286,0.25,0.25,-0.25
-0.16056653509394286,0.25,0.25,0.25
-0.1576654901628533,-0.25,-0.25,-0.25
-0.1576654901628533,-0.25,-0.25,0.25
-0.1576654901628533,-0.25,0.25,-0.25
-0.1576654901628533,-0.25,0.25,0.25
-0.1576654901628533,0.25,-0.25,-0.25
-0.1576654901628533,0.25,-0.25,0.25
-0.1576654901628533,0.25,0.25,-0.25
-0.1576654901628533,0.25,0.25,0.25
-0.154746548120771,-0.25,-0.25,-0.25
-0.154746548120771,-0.25,-0.25,0.25
-0.154746548120771,-0.25,0.25,-0.25
-0.154746548120771,-0.25,0.25,0.25
-0.154746548120771,0.25,-0.25,-0.25
-0.154746548120771,0.25,-0.25,0.25
-0.154746548120771,0.25,0.25,-0.25
-0.154746548120771,0.25,0.25,0.25
-0.15180914273619767,-0.25,-0.25,-0.25
-0.15180914273619767,-0.25,-0.25,0.25
-0.15180914273619767,-0.25,0.25,-0.25
-0.15180914273619767,-0.25,0.25,0.25
-0.15180914273619767,0.25,-0.25,-0.25
-0.15180914273619767,0.25,-0.25,0.25
-0.15180914273619767,0.25,0.25,-0.25
-0.15180914273619767,0.25,0.25,0.25
-0.14885267469191957,-0.25,-0.25,-0.25
-0.14885267469191957,-0.25,-0.25,0.25
-0.14885267469191957,-0.25,0.25,-0.25
-0.14885267469191957,-0.25,0.25,0.25
-0.14885267469191957,0.25,-0.25,-0.25
-0.14885267469191957,0.25,-0.25,0.25
-0.14885267469191957,0.25,0.25,-0.25
-0.14885267469191957,0.25,0.25,0.25
-0.14587650871795332,-0.25,-0.25,-0.25
-0.14587650871795332,-0.25,-0.25,0.25
-0.14587650871795332,-0.25,0.25,-0.25
-0.14587650871795332,-0.25,0.25,0.25
-0.14587650871795332,0.25,-0.25,-0.25
-0.14587650871795332,0.25,-0.25,0.25
-0.14587650871795332,0.25,0.25,-0.25
-0.14587650871795332,0.25,0.25,0.25
-0.14287997039069328,-0.25,-0.25,-0.25
-0.14287997039069328,-0.25,-0.25,0.25
-0.14287997039069328,-0.25,0.25,-0.25
-0.14287997039069328,-0.25,0.25,0.25
-0.14287997039069328,0.25,-0.25,-0.25
-0.14287997039069328,0.25,-0.25,0.25
-0.14287997039069328,0.25,0.25,-0.25
-0.14287997039069328,0.25,0.25,0.25
-0.13986234254889418,-0.25,-0.25,-0.25
-0.13986234254889418,-0.25,-0.25,0.25
-0.13986234254889418,-0.25,0.25,-0.25
-0.13986234254889418,-0.25,0.25,0.25
-0.13986234254889418,0.25,-0.25,-0.25
-0.13986234254889418,0.25,-0.25,0.25
-0.13986234254889418,0.25,0.25,-0.25
-0.13986234254889418,0.25,0.25,0.25
-0.1368228612681739,-0.25,-0.25,-0.25
-0.1368228612681739,-0.25,-0.25,0.25
-0.1368228612681739,-0.25,0.25,-0.25
-0.1368228612681739,-0.25,0.25,0.25
-0.1368228612681739,0.25,-0.25,-0.25
-0.1368228612681739,0.25,-0.25,0.25
-0.1368228612681739,0.25,0.25,-0.25
-0.1368228612681739,0.25,0.25,0.25
-0.13376071132487047,-0.25,-0.25,-0.25
-0.13376071132487047,-0.25,-0.25,0.25
-0.13376071132487047,-0.25,0.25,-0.25
-0.13376071132487047,-0.25,0.25,0.25
-0.13376071132487047,0.25,-0.25,-0.25
-0.13376071132487047,0.25,-0.25,0.25
-0.13376071132487047,0.25,0.25,-0.25
-0.13376071132487047,0.25,0.25,0.25
-0.13067502106675208,-0.25,-0.25,-0.25
-0.13067502106675208,-0.25,-0.25,0.25
-0.13067502106675208,-0.25,0.25,-0.25
-0.13067502106675208,-0.25,0.25,0.25
-0.13067502106675208,0.25,-0.25,-0.25
-0.13067502106675208,0.25,-0.25,0.25
-0.13067502106675208,0.25,0.25,-0.25
-0.13067502106675208,0.25,0.25,0.25
-0.12756485659173533,-0.25,-0.25,-0.25
-0.12756485659173533,-0.25,-0.25,0.25
-0.12756485659173533,-0.25,0.25,-0.25
-0.12756485659173533,-0.25,0.25,0.25
-0.12756485659173533,0.25,-0.25,-0.25
-0.12756485659173533,0.25,-0.25,0.25
-0.12756485659173533,0.25,0.25,-0.25
-0.12756485659173533,0.25,0.25,0.25
-0.1244292151154904,-0.25,-0.25,-0.25
-0.1244292151154904,-0.25,-0.25,0.25
-0.1244292151154904,-0.25,0.25,-0.25
-0.1244292151154904,-0.25,0.25,0.25
-0.1244292151154904,0.25,-0.25,-0.25
-0.1244292151154904,0.25,-0.25,0.25
-0.1244292151154904,0.25,0.25,-0.25
-0.1244292151154904,0.25,0.25,0.25
-0.12126701738358954,-0.25,-0.25,-0.25
-0.12126701738358954,-0.25,-0.25,0.25
-0.12126701738358954,-0.25,0.25,-0.25
-0.12126701738358954,-0.25,0.25,0.25
-0.12126701738358954,0.25,-0.25,-0.25
-0.12126701738358954,0.25,-0.25,0.25
-0.12126701738358954,0.25,0.25,-0.25
-0.12126701738358954,0.25,0.25,0.25
-0.11807709895219225,-0.25,-0.25,-0.25
-0.11807709895219225,-0.25,-0.25,0.25
-0.11807709895219225,-0.25,0.25,-0.25
-0.11807709895219225,-0.25,0.25,0.25
-0.11807709895219225,0.25,-0.25,-0.25
-0.11807709895219225,0.25,-0.25,0.25
-0.11807709895219225,0.25,0.25,-0.25
-0.11807709895219225,0.25,0.25,0.25
-0.11485820012125872,-0.25,-0.25,-0.25
-0.11485820012125872,-0.25,-0.25,0.25
-0.11485820012125872,-0.25,0.25,-0.25
-0.11485820012125872,-0.25,0.25,0.25
-0.11485820012125872,0.25,-0.25,-0.25
-0.11485820012125872,0.25,-0.25,0.25
-0.11485820012125872,0.25,0.25,-0.25
-0.11485820012125872,0.25,0.25,0.25
-0.11160895425331901,-0.25,-0.25,-0.25
-0.11160895425331901,-0.25,-0.25,0.25
-0.11160895425331901,-0.25,0.25,-0.25
-0.11160895425331901,-0.25,0.25,0.25
-0.11160895425331901,0.25,-0.25,-0.25
-0.11160895425331901,0.25,-0.25,0.25
-0.11160895425331901,0.25,0.25,-0.25
-0.11160895425331901,0.25,0.25,0.25
-0.10832787414541328,-0.25,-0.25,-0.25
-0.10832787414541328,-0.25,-0.25,0.25
-0.10832787414541328,-0.25,0.25,-0.25
-0.10832787414541328,-0.25,0.25,0.25
-0.10832787414541328,0.25,-0.25,-0.25
-0.10832787414541328,0.25,-0.25,0.25
-0.10832787414541328,0.25,0.25,-0.25
-0.10832787414541328,0.25,0.25,0.25
-0.1050133360369737,-0.25,-0.25,-0.25
-0.1050133360369737,-0.25,-0.25,0.25
-0.1050133360369737,-0.25,0.25,-0.25
-0.1050133360369737,-0.25,0.25,0.25
-0.1050133360369737,0.25,-0.25,-0.25
-0.1050133360369737,0.25,-0.25,0.25
-0.1050133360369737,0.25,0.25,-0.25
-0.1050133360369737,0.25,0.25,0.25
-0.10166356072547086,-0.25,-0.25,-0.25
-0.10166356072547086,-0.25,-0.25,0.25
-0.10166356072547086,-0.25,0.25,-0.25
-0.10166356072547086,-0.25,0.25,0.25
-0.10166356072547086,0.25,-0.25,-0.25
-0.10166356072547086,0.25,-0.25,0.25
-0.10166356072547086,0.25,0.25,-0.25
-0.10166356072547086,0.25,0.25,0.25
-0.09827659111487361,-0.25,-0.25,-0.25
-0.09827659111487361,-0.25,-0.25,0.25
-0.09827659111487361,-0.25,0.25,-0.25
-0.09827659111487361,-0.25,0.25,0.25
-0.09827659111487361,0.25,-0.25,-0.25
-0.09827659111487361,0.25,-0.25,0.25
-0.09827659111487361,0.25,0.25,-0.25
-0.09827659111487361,0.25,0.25,0.25
-0.0948502653257318,-0.25,-0.25,-0.25
-0.0948502653257318,-0.25,-0.25,0.25
-0.0948502653257318,-0.25,0.25,-0.25
-0.0948502653257318,-0.25,0.25,0.25
-0.0948502653257318,0.25,-0.25,-0.25
-0.0948502653257318,0.25,-0.25,0.25
-0.0948502653257318,0.25,0.25,-0.25
-0.0948502653257318,0.25,0.25,0.25
-0.0913821842299871,-0.25,-0.25,-0.25
-0.0913821842299871,-0.25,-0.25,0.25
-0.0913821842299871,-0.25,0.25,-0.25
-0.0913821842299871,-0.25,0.25,0.25
-0.0913821842299871,0.25,-0.25,-0.25
-0.0913821842299871,0.25,-0.25,0.25
-0.0913821842299871,0.25,0.25,-0.25
-0.0913821842299871,0.25,0.25,0.25
-0.08786967190911533,-0.25,-0.25,-0.25
-0.08786967190911533,-0.25,-0.25,0.25
-0.08786967190911533,-0.25,0.25,-0.25
-0.08786967190911533,-0.25,0.25,0.25
-0.08786967190911533,0.25,-0.25,-0.25
-0.08786967190911533,0.25,-0.25,0.25
-0.08786967190911533,0.25,0.25,-0.25
-0.08786967190911533,0.25,0.25,0.25
-0.08430972702673642,-0.25,-0.25,-0.25
-0.08430972702673642,-0.25,-0.25,0.25
-0.08430972702673642,-0.25,0.25,-0.25
-0.08430972702673642,-0.25,0.25,0.25
-0.08430972702673642,0.25,-0.25,-0.25
-0.08430972702673642,0.25,-0.25,0.25
-0.08430972702673642,0.25,0.25,-0.25
-0.08430972702673642,0.25,0.25,0.25
-0.08069896238902331,-0.25,-0.25,-0.25
-0.08069896238902331,-0.25,-0.25,0.25
-0.08069896238902331,-0.25,0.25,-0.25
-0.08069896238902331,-0.25,0.25,0.25
-0.08069896238902331,0.25,-0.25,-0.25
-0.08069896238902331,0.25,-0.25,0.25
-0.08069896238902331,0.25,0.25,-0.25
-0.08069896238902331,0.25,0.25,0.25
-0.07703352893278846,-0.25,-0.25,-0.25
-0.07703352893278846,-0.25,-0.25,0.25
-0.07703352893278846,-0.25,0.25,-0.25
-0.07703352893278846,-0.25,0.25,0.25
-0.07703352893278846,0.25,-0.25,-0.25
-0.07703352893278846,0.25,-0.25,0.25
-0.07703352893278846,0.25,0.25,-0.25
-0.07703352893278846,0.25,0.25,0.25
-0.07330901886382611,-0.25,-0.25,-0.25
-0.07330901886382611,-0.25,-0.25,0.25
-0.07330901886382611,-0.25,0.25,-0.25
-0.07330901886382611,-0.25,0.25,0.25
-0.07330901886382611,0.25,-0.25,-0.25
-0.07330901886382611,0.25,-0.25,0.25
-0.07330901886382611,0.25,0.25,-0.25
-0.07330901886382611,0.25,0.25,0.25
-0.06952034039138412,-0.25,-0.25,-0.25
-0.06952034039138412,-0.25,-0.25,0.25
-0.06952034039138412,-0.25,0.25,-0.25
-0.06952034039138412,-0.25,0.25,0.25
-0.06952034039138412,0.25,-0.25,-0.25
-0.06952034039138412,0.25,-0.25,0.25
-0.06952034039138412,0.25,0.25,-0.25
-0.06952034039138412,0.25,0.25,0.25
-0.0656615530036614,-0.25,-0.25,-0.25
-0.0656615530036614,-0.25,-0.25,0.25
-0.0656615530036614,-0.25,0.25,-0.25
-0.0656615530036614,-0.25,0.25,0.25
-0.0656615530036614,0.25,-0.25,-0.25
-0.0656615530036614,0.25,-0.25,0.25
-0.0656615530036614,0.25,0.25,-0.25
-0.0656615530036614,0.25,0.25,0.25
-0.06172564669462747,-0.25,-0.25,-0.25
-0.06172564669462747,-0.25,-0.25,0.25
-0.06172564669462747,-0.25,0.25,-0.25
-0.06172564669462747,-0.25,0.25,0.25
-0.06172564669462747,0.25,-0.25,-0.25
-0.06172564669462747,0.25,-0.25,0.25
-0.06172564669462747,0.25,0.25,-0.25
-0.06172564669462747,0.25,0.25,0.25
-0.057704239522185986,-0.25,-0.25,-0.25
-0.057704239522185986,-0.25,-0.25,0.25
-0.057704239522185986,-0.25,0.25,-0.25
-0.057704239522185986,-0.25,0.25,0.25
-0.057704239522185986,0.25,-0.25,-0.25
-0.057704239522185986,0.25,-0.25,0.25
-0.057704239522185986,0.25,0.25,-0.25
-0.057704239522185986,0.25,0.25,0.25
-0.05358715259809814,-0.25,-0.25,-0.25
-0.05358715259809814,-0.25,-0.25,0.25
-0.05358715259809814,-0.25,0.25,-0.25
-0.05358715259809814,-0.25,0.25,0.25
-0.05358715259809814,0.25,-0.25,-0.25
-0.05358715259809814,0.25,-0.25,0.25
-0.05358715259809814,0.25,0.25,-0.25
-0.05358715259809814,0.25,0.25,0.25
-0.04936179463671743,-0.25,-0.25,-0.25
-0.04936179463671743,-0.25,-0.25,0.25
-0.04936179463671743,-0.25,0.25,-0.25
-0.04936179463671743,-0.25,0.25,0.25
-0.04936179463671743,0.25,-0.25,-0.25
-0.04936179463671743,0.25,-0.25,0.25
-0.04936179463671743,0.25,0.25,-0.25
-0.04936179463671743,0.25,0.25,0.25
-0.045012238127016,-0.25,-0.25,-0.25
-0.045012238127016,-0.25,-0.25,0.25
-0.045012238127016,-0.25,0.25,-0.25
-0.045012238127016,-0.25,0.25,0.25
-0.045012238127016,0.25,-0.25,-0.25
-0.045012238127016,0.25,-0.25,0.25
-0.045012238127016,0.25,0.25,-0.25
-0.045012238127016,0.25,0.25,0.25
-0.040517770510988746,-0.25,-0.25,-0.25
-0.040517770510988746,-0.25,-0.25,0.25
-0.040517770510988746,-0.25,0.25,-0.25
-0.040517770510988746,-0.25,0.25,0.25
-0.040517770510988746,0.25,-0.25,-0.25
-0.040517770510988746,0.25,-0.25,0.25
-0.040517770510988746,0.25,0.25,-0.25
-0.040517770510988746,0.25,0.25,0.25
-0.03585049432010779,-0.25,-0.25,-0.25
-0.03585049432010779,-0.25,-0.25,0.25
-0.03585049432010779,-0.25,0.25,-0.25
-0.03585049432010779,-0.25,0.25,0.25
-0.03585049432010779,0.25,-0.25,-0.25
-0.03585049432010779,0.25,-0.25,0.25
-0.03585049432010779,0.25,0.25,-0.25
-0.03585049432010779,0.25,0.25,0.25
-0.03097106235138814,-0.25,-0.25,-0.25
-0.03097106235138814,-0.25,-0.25,0.25
-0.03097106235138814,-0.25,0.25,-0.25
-0.03097106235138814,-0.25,0.25,0.25
-0.03097106235138814,0.25,-0.25,-0.25
-0.03097106235138814,0.25,-0.25,0.25
-0.03097106235138814,0.25,0.25,-0.25
-0.03097106235138814,0.25,0.25,0.25
-0.025820350226236737,-0.25,-0.25,-0.25
-0.025820350226236737,-0.25,-0.25,0.25
-0.025820350226236737,-0.25,0.25,-0.25
-0.025820350226236737,-0.25,0.25,0.25
-0.025820350226236737,0.25,-0.25,-0.25
-0.025820350226236737,0.25,-0.25,0.25
-0.025820350226236737,0.25,0.25,-0.25
-0.025820350226236737,0.25,0.25,0.25
-0.020300872991439452,-0.25,-0.25,-0.25
-0.020300872991439452,-0.25,-0.25,0.25
-0.020300872991439452,-0.25,0.25,-0.25
-0.020300872991439452,-0.25,0.25,0.25
-0.020300872991439452,0.25,-0.25,-0.25
-0.020300872991439452,0.25,-0.25,0.25
-0.020300872991439452,0.25,0.25,-0.25
-0.020300872991439452,0.25,0.25,0.25
-0.014225751708298257,-0.25,-0.25,-0.25
-0.014225751708298257,-0.25,-0.25,0.25
-0.014225751708298257,-0.25,0.25,-0.25
-0.014225751708298257,-0.25,0.25,0.25
-0.014225751708298257,0.25,-0.25,-0.25
-0.014225751708298257,0.25,-0.25,0.25
-0.014225751708298257,0.25,0.25,-0.25
-0.014225751708298257,0.25,0.25,0.25
-0.00711287585414913,-0.25,-0.25,-0.25
-0.00711287585414913,-0.25,-0.25,0.25
-0.00711287585414913,-0.25,0.25,-0.25
-0.00711287585414913,-0.25,0.25,0.25
-0.00711287585414913,0.25,-0.25,-0.25
-0.00711287585414913,0.25,-0.25,0.25
-0.00711287585414913,0.25,0.25,-0.25
-0.00711287585414913,0.25,0.25,0.25
0.0,-0.25,-0.25,-0.25
0.0,-0.25,-0.25,0.25
0.0,-0.25,0.25,-0.25
0.0,-0.25,0.25,0.25
0.0,0.25,-0.25,-0.25
0.0,0.25,-0.25,0.25
0.0,0.25,0.25,-0.25
0.0,0.25,0.25,0.25
0.009247564597247342,-0.25,-0.25,-0.25
0.009247564597247342,-0.25,-0.25,0.25
0.009247564597247342,-0.25,0.25,-0.25
0.009247564597247342,-0.25,0.25,0.25
0.009247564597247342,0.25,-0.25,-0.25
0.009247564597247342,0.25,-0.25,0.25
0.009247564597247342,0.25,0.25,-0.25
0.009247564597247342,0.25,0.25,0.25
0.01596322302042982,-0.25,-0.25,-0.25
0.01596322302042982,-0.25,-0.25,0.25
0.01596322302042982,-0.25,0.25,-0.25
0.01596322302042982,-0.25,0.25,0.25
0.01596322302042982,0.25,-0.25,-0.25
0.01596322302042982,0.25,-0.25,0.25
0.01596322302042982,0.25,0.25,-0.25
0.01596322302042982,0.25,0.25,0.25
0.021884661172134112,-0.25,-0.25,-0.25
0.021884661172134112,-0.25,-0.25,0.25
0.021884661172134112,-0.25,0.25,-0.25
0.021884661172134112,-0.25,0.25,0.25
0.021884661172134112,0.25,-0.25,-0.25
0.021884661172134112,0.25,-0.25,0.25
0.021884661172134112,0.25,0.25,-0.25
0.021884661172134112,0.25,0.25,0.25
0.0273041191498401,-0.25,-0.25,-0.25
0.0273041191498401,-0.25,-0.25,0.25
0.0273041191498401,-0.25,0.25,-0.25
0.0273041191498401,-0.25,0.25,0.25
0.0273041191498401,0.25,-0.25,-0.25
0.0273041191498401,0.25,-0.25,0.25
0.0273041191498401,0.25,0.25,-0.25
0.0273041191498401,0.25,0.25,0.25
0.03238644912682825,-0.25,-0.25,-0.25
0.03238644912682825,-0.25,-0.25,0.25
0.03238644912682825,-0.25,0.25,-0.25
0.03238644912682825,-0.25,0.25,0.25
0.03238644912682825,0.25,-0.25,-0.25
0.03238644912682825,0.25,-0.25,0.25
0.03238644912682825,0.25,0.25,-0.25
0.03238644912682825,0.25,0.25,0.25
0.03721463285751471,-0.25,-0.25,-0.25
0.03721463285751471,-0.25,-0.25,0.25
0.03721463285751471,-0.25,0.25,-0.25
0.03721463285751471,-0.25,0.25,0.25
0.03721463285751471,0.25,-0.25,-0.25
0.03721463285751471,0.25,-0.25,0.25
0.03721463285751471,0.25,0.25,-0.25
0.03721463285751471,0.25,0.25,0.25
0.04184054994093105,-0.25,-0.25,-0.25
0.04184054994093105,-0.25,-0.25,0.25
0.04184054994093105,-0.25,0.25,-0.25
0.04184054994093105,-0.25,0.25,0.25
0.04184054994093105,0.25,-0.25,-0.25
0.04184054994093105,0.25,-0.25,0.25
0.04184054994093105,0.25,0.25,-0.25
0.04184054994093105,0.25,0.25,0.25
0.04629933659813898,-0.25,-0.25,-0.25
0.04629933659813898,-0.25,-0.25,0.25
0.04629933659813898,-0.25,0.25,-0.25
0.04629933659813898,-0.25,0.25,0.25
0.04629933659813898,0.25,-0.25,-0.25
0.04629933659813898,0.25,-0.25,0.25
0.04629933659813898,0.25,0.25,-0.25
0.04629933659813898,0.25,0.25,0.25
0.05061628771717008,-0.25,-0.25,-0.25
0.05061628771717008,-0.25,-0.25,0.25
0.05061628771717008,-0.25,0.25,-0.25
0.05061628771717008,-0.25,0.25,0.25
0.05061628771717008,0.25,-0.25,-0.25
0.05061628771717008,0.25,-0.25,0.25
0.05061628771717008,0.25,0.25,-0.25
0.05061628771717008,0.25,0.25,0.25
0.0548104477828335,-0.25,-0.25,-0.25
0.0548104477828335,-0.25,-0.25,0.25
0.0548104477828335,-0.25,0.25,-0.25
0.0548104477828335,-0.25,0.25,0.25
0.0548104477828335,0.25,-0.25,-0.25
0.0548104477828335,0.25,-0.25,0.25
0.0548104477828335,0.25,0.25,-0.25
0.0548104477828335,0.25,0.25,0.25
0.05889665514449353,-0.25,-0.25,-0.25
0.05889665514449353,-0.25,-0.25,0.25
0.05889665514449353,-0.25,0.25,-0.25
0.05889665514449353,-0.25,0.25,0.25
0.05889665514449353,0.25,-0.25,-0.25
0.05889665514449353,0.25,-0.25,0.25
0.05889665514449353,0.25,0.25,-0.25
0.05889665514449353,0.25,0.25,0.25
0.06288678722818496,-0.25,-0.25,-0.25
0.06288678722818496,-0.25,-0.25,0.25
0.06288678722818496,-0.25,0.25,-0.25
0.06288678722818496,-0.25,0.25,0.25
0.06288678722818496,0.25,-0.25,-0.25
0.06288678722818496,0.25,-0.25,0.25
0.06288678722818496,0.25,0.25,-0.25
0.06288678722818496,0.25,0.25,0.25
0.06679056043530576,-0.25,-0.25,-0.25
0.06679056043530576,-0.25,-0.25,0.25
0.06679056043530576,-0.25,0.25,-0.25
0.06679056043530576,-0.25,0.25,0.25
0.06679056043530576,0.25,-0.25,-0.25
0.06679056043530576,0.25,-0.25,0.25
0.06679056043530576,0.25,0.25,-0.25
0.06679056043530576,0.25,0.25,0.25
0.07061606657855404,-0.25,-0.25,-0.25
0.07061606657855404,-0.25,-0.25,0.25
0.07061606657855404,-0.25,0.25,-0.25
0.07061606657855404,-0.25,0.25,0.25
0.07061606657855404,0.25,-0.25,-0.25
0.07061606657855404,0.25,-0.25,0.25
0.07061606657855404,0.25,0.25,-0.25
0.07061606657855404,0.25,0.25,0.25
0.07437014567402922,-0.25,-0.25,-0.25
0.07437014567402922,-0.25,-0.25,0.25
0.07437014567402922,-0.25,0.25,-0.25
0.07437014567402922,-0.25,0.25,0.25
0.07437014567402922,0.25,-0.25,-0.25
0.07437014567402922,0.25,-0.25,0.25
0.07437014567402922,0.25,0.25,-0.25
0.07437014567402922,0.25,0.25,0.25
0.07805865289138818,-0.25,-0.25,-0.25
0.07805865289138818,-0.25,-0.25,0.25
0.07805865289138818,-0.25,0.25,-0.25
0.07805865289138818,-0.25,0.25,0.25
0.07805865289138818,0.25,-0.25,-0.25
0.07805865289138818,0.25,-0.25,0.25
0.07805865289138818,0.25,0.25,-0.25
0.07805865289138818,0.25,0.25,0.25
0.08168665466154709,-0.25,-0.25,-0.25
0.08168665466154709,-0.25,-0.25,0.25
0.08168665466154709,-0.25,0.25,-0.25
0.08168665466154709,-0.25,0.25,0.25
0.08168665466154709,0.25,-0.25,-0.25
0.08168665466154709,0.25,-0.25,0.25
0.08168665466154709,0.25,0.25,-0.25
0.08168665466154709,0.25,0.25,0.25
0.08525857595342311,-0.25,-0.25,-0.25
0.08525857595342311,-0.25,-0.25,0.25
0.08525857595342311,-0.25,0.25,-0.25
0.08525857595342311,-0.25,0.25,0.25
0.08525857595342311,0.25,-0.25,-0.25
0.08525857595342311,0.25,-0.25,0.25
0.08525857595342311,0.25,0.25,-0.25
0.08525857595342311,0.25,0.25,0.25
0.08877831302243747,-0.25,-0.25,-0.25
0.08877831302243747,-0.25,-0.25,0.25
0.08877831302243747,-0.25,0.25,-0.25
0.08877831302243747,-0.25,0.25,0.25
0.08877831302243747,0.25,-0.25,-0.25
0.08877831302243747,0.25,-0.25,0.25
0.08877831302243747,0.25,0.25,-0.25
0.08877831302243747,0.25,0.25,0.25
0.0922493211925742,-0.25,-0.25,-0.25
0.0922493211925742,-0.25,-0.25,0.25
0.0922493211925742,-0.25,0.25,-0.25
0.0922493211925742,-0.25,0.25,0.25
0.0922493211925742,0.25,-0.25,-0.25
0.0922493211925742,0.25,-0.25,0.25
0.0922493211925742,0.25,0.25,-0.25
0.0922493211925742,0.25,0.25,0.25
0.09567468422620633,-0.25,-0.25,-0.25
0.09567468422620633,-0.25,-0.25,0.25
0.09567468422620633,-0.25,0.25,-0.25
0.09567468422620633,-0.25,0.25,0.25
0.09567468422620633,0.25,-0.25,-0.25
0.09567468422620633,0.25,-0.25,0.25
0.09567468422620633,0.25,0.25,-0.25
0.09567468422620633,0.25,0.25,0.25
0.09905716987502633,-0.25,-0.25,-0.25
0.09905716987502633,-0.25,-0.25,0.25
0.09905716987502633,-0.25,0.25,-0.25
0.09905716987502633,-0.25,0.25,0.25
0.09905716987502633,0.25,-0.25,-0.25
0.09905716987502633,0.25,-0.25,0.25
0.09905716987502633,0.25,0.25,-0.25
0.09905716987502633,0.25,0.25,0.25
0.1023992748955149,-0.25,-0.25,-0.25
0.1023992748955149,-0.25,-0.25,0.25
0.1023992748955149,-0.25,0.25,-0.25
0.1023992748955149,-0.25,0.25,0.25
0.1023992748955149,0.25,-0.25,-0.25
0.1023992748955149,0.25,-0.25,0.25
0.1023992748955149,0.25,0.25,-0.25
0.1023992748955149,0.25,0.25,0.25
0.10570326191809958,-0.25,-0.25,-0.25
0.10570326191809958,-0.25,-0.25,0.25
0.10570326191809958,-0.25,0.25,-0.25
0.10570326191809958,-0.25,0.25,0.25
0.10570326191809958,0.25,-0.25,-0.25
0.10570326191809958,0.25,-0.25,0.25
0.10570326191809958,0.25,0.25,-0.25
0.10570326191809958,0.25,0.25,0.25
0.10897118993654602,-0.25,-0.25,-0.25
0.10897118993654602,-0.25,-0.25,0.25
0.10897118993654602,-0.25,0.25,-0.25
0.10897118993654602,-0.25,0.25,0.25
0.10897118993654602,0.25,-0.25,-0.25
0.10897118993654602,0.25,-0.25,0.25
0.10897118993654602,0.25,0.25,-0.25
0.10897118993654602,0.25,0.25,0.25
0.1122049397429058,-0.25,-0.25,-0.25
0.1122049397429058,-0.25,-0.25,0.25
0.1122049397429058,-0.25,0.25,-0.25
0.1122049397429058,-0.25,0.25,0.25
0.1122049397429058,0.25,-0.25,-0.25
0.1122049397429058,0.25,-0.25,0.25
0.1122049397429058,0.25,0.25,-0.25
0.1122049397429058,0.25,0.25,0.25
0.11540623531558766,-0.25,-0.25,-0.25
0.11540623531558766,-0.25,-0.25,0.25
0.11540623531558766,-0.25,0.25,-0.25
0.11540623531558766,-0.25,0.25,0.25
0.11540623531558766,0.25,-0.25,-0.25
0.11540623531558766,0.25,-0.25,0.25
0.11540623531558766,0.25,0.25,-0.25
0.11540623531558766,0.25,0.25,0.25
0.11857666193588212,-0.25,-0.25,-0.25
0.11857666193588212,-0.25,-0.25,0.25
0.11857666193588212,-0.25,0.25,-0.25
0.11857666193588212,-0.25,0.25,0.25
0.11857666193588212,0.25,-0.25,-0.25
0.11857666193588212,0.25,-0.25,0.25
0.11857666193588212,0.25,0.25,-0.25
0.11857666193588212,0.25,0.25,0.25
0.12171768163623015,-0.25,-0.25,-0.25
0.12171768163623015,-0.25,-0.25,0.25
0.12171768163623015,-0.25,0.25,-0.25
0.12171768163623015,-0.25,0.25,0.25
0.12171768163623015,0.25,-0.25,-0.25
0.12171768163623015,0.25,-0.25,0.25
0.12171768163623015,0.25,0.25,-0.25
0.12171768163623015,0.25,0.25,0.25
0.12483064645448876,-0.25,-0.25,-0.25
0.12483064645448876,-0.25,-0.25,0.25
0.12483064645448876,-0.25,0.25,-0.25
0.12483064645448876,-0.25,0.25,0.25
0.12483064645448876,0.25,-0.25,-0.25
0.12483064645448876,0.25,-0.25,0.25
0.12483064645448876,0.25,0.25,-0.25
0.12483064645448876,0.25,0.25,0.25
0.127916809870545,-0.25,-0.25,-0.25
0.127916809870545,-0.25,-0.25,0.25
0.127916809870545,-0.25,0.25,-0.25
0.127916809870545,-0.25,0.25,0.25
0.127916809870545,0.25,-0.25,-0.25
0.127916809870545,0.25,-0.25,0.25
0.127916809870545,0.25,0.25,-0.25
0.127916809870545,0.25,0.25,0.25
0.13097733672656303,-0.25,-0.25,-0.25
0.13097733672656303,-0.25,-0.25,0.25
0.13097733672656303,-0.25,0.25,-0.25
0.13097733672656303,-0.25,0.25,0.25
0.13097733672656303,0.25,-0.25,-0.25
0.13097733672656303,0.25,-0.25,0.25
0.13097733672656303,0.25,0.25,-0.25
0.13097733672656303,0.25,0.25,0.25
0.13401331187401683,-0.25,-0.25,-0.25
0.13401331187401683,-0.25,-0.25,0.25
0.13401331187401683,-0.25,0.25,-0.25
0.13401331187401683,-0.25,0.25,0.25
0.13401331187401683,0.25,-0.25,-0.25
0.13401331187401683,0.25,-0.25,0.25
0.13401331187401683,0.25,0.25,-0.25
0.13401331187401683,0.25,0.25,0.25
0.13702574774523493,-0.25,-0.25,-0.25
0.13702574774523493,-0.25,-0.25,0.25
0.13702574774523493,-0.25,0.25,-0.25
0.13702574774523493,-0.25,0.25,0.25
0.13702574774523493,0.25,-0.25,-0.25
0.13702574774523493,0.25,-0.25,0.25
0.13702574774523493,0.25,0.25,-0.25
0.13702574774523493,0.25,0.25,0.25
0.1400155910113767,-0.25,-0.25,-0.25
0.1400155910113767,-0.25,-0.25,0.25
0.1400155910113767,-0.25,0.25,-0.25
0.1400155910113767,-0.25,0.25,0.25
0.1400155910113767,0.25,-0.25,-0.25
0.1400155910113767,0.25,-0.25,0.25
0.1400155910113767,0.25,0.25,-0.25
0.1400155910113767,0.25,0.25,0.25
0.14298372846031338,-0.25,-0.25,-0.25
0.14298372846031338,-0.25,-0.25,0.25
0.14298372846031338,-0.25,0.25,-0.25
0.14298372846031338,-0.25,0.25,0.25
0.14298372846031338,0.25,-0.25,-0.25
0.14298372846031338,0.25,-0.25,0.25
0.14298372846031338,0.25,0.25,-0.25
0.14298372846031338,0.25,0.25,0.25
0.14593099220511763,-0.25,-0.25,-0.25
0.14593099220511763,-0.25,-0.25,0.25
0.14593099220511763,-0.25,0.25,-0.25
0.14593099220511763,-0.25,0.25,0.25
0.14593099220511763,0.25,-0.25,-0.25
0.14593099220511763,0.25,-0.25,0.25
0.14593099220511763,0.25,0.25,-0.25
0.14593099220511763,0.25,0.25,0.25
0.14885816431550913,-0.25,-0.25,-0.25
0.14885816431550913,-0.25,-0.25,0.25
0.14885816431550913,-0.25,0.25,-0.25
0.14885816431550913,-0.25,0.25,0.25
0.14885816431550913,0.25,-0.25,-0.25
0.14885816431550913,0.25,-0.25,0.25
0.14885816431550913,0.25,0.25,-0.25
0.14885816431550913,0.25,0.25,0.25
0.1517659809497138,-0.25,-0.25,-0.25
0.1517659809497138,-0.25,-0.25,0.25
0.1517659809497138,-0.25,0.25,-0.25
0.1517659809497138,-0.25,0.25,0.25
0.1517659809497138,0.25,-0.25,-0.25
0.1517659809497138,0.25,-0.25,0.25
0.1517659809497138,0.25,0.25,-0.25
0.1517659809497138,0.25,0.25,0.25
0.15465513605203435,-0.25,-0.25,-0.25
0.15465513605203435,-0.25,-0.25,0.25
0.15465513605203435,-0.25,0.25,-0.25
0.15465513605203435,-0.25,0.25,0.25
0.15465513605203435,0.25,-0.25,-0.25
0.15465513605203435,0.25,-0.25,0.25
0.15465513605203435,0.25,0.25,-0.25
0.15465513605203435,0.25,0.25,0.25
0.1575262846714458,-0.25,-0.25,-0.25
0.1575262846714458,-0.25,-0.25,0.25
0.1575262846714458,-0.25,0.25,-0.25
0.1575262846714458,-0.25,0.25,0.25
0.1575262846714458,0.25,-0.25,-0.25
0.1575262846714458,0.25,-0.25,0.25
0.1575262846714458,0.25,0.25,-0.25
0.1575262846714458,0.25,0.25,0.25
0.16038004594828578,-0.25,-0.25,-0.25
0.16038004594828578,-0.25,-0.25,0.25
0.16038004594828578,-0.25,0.25,-0.25
0.16038004594828578,-0.25,0.25,0.25
0.16038004594828578,0.25,-0.25,-0.25
0.16038004594828578,0.25,-0.25,0.25
0.16038004594828578,0.25,0.25,-0.25
0.16038004594828578,0.25,0.25,0.25
0.16321700580926515,-0.25,-0.25,-0.25
0.16321700580926515,-0.25,-0.25,0.25
0.16321700580926515,-0.25,0.25,-0.25
0.16321700580926515,-0.25,0.25,0.25
0.16321700580926515,0.25,-0.25,-0.25
0.16321700580926515,0.25,-0.25,0.25
0.16321700580926515,0.25,0.25,-0.25
0.16321700580926515,0.25,0.25,0.25
0.16603771940531772,-0.25,-0.25,-0.25
0.16603771940531772,-0.25,-0.25,0.25
0.16603771940531772,-0.25,0.25,-0.25
0.16603771940531772,-0.25,0.25,0.25
0.16603771940531772,0.25,-0.25,-0.25
0.16603771940531772,0.25,-0.25,0.25
0.16603771940531772,0.25,0.25,-0.25
0.16603771940531772,0.25,0.25,0.25
0.16884271332202358,-0.25,-0.25,-0.25
0.16884271332202358,-0.25,-0.25,0.25
0.16884271332202358,-0.25,0.25,-0.25
0.16884271332202358,-0.25,0.25,0.25
0.16884271332202358,0.25,-0.25,-0.25
0.16884271332202358,0.25,-0.25,0.25
0.16884271332202358,0.25,0.25,-0.25
0.16884271332202358,0.25,0.25,0.25
0.1716324875883115,-0.25,-0.25,-0.25
0.1716324875883115,-0.25,-0.25,0.25
0.1716324875883115,-0.25,0.25,-0.25
0.1716324875883115,-0.25,0.25,0.25
0.1716324875883115,0.25,-0.25,-0.25
0.1716324875883115,0.25,-0.25,0.25
0.1716324875883115,0.25,0.25,-0.25
0.1716324875883115,0.25,0.25,0.25
0.174407517505746,-0.25,-0.25,-0.25
0.174407517505746,-0.25,-0.25,0.25
0.174407517505746,-0.25,0.25,-0.25
0.174407517505746,-0.25,0.25,0.25
0.174407517505746,0.25,-0.25,-0.25
0.174407517505746,0.25,-0.25,0.25
0.174407517505746,0.25,0.25,-0.25
0.174407517505746,0.25,0.25,0.25
0.1771682553178117,-0.25,-0.25,-0.25
0.1771682553178117,-0.25,-0.25,0.25
0.1771682553178117,-0.25,0.25,-0.25
0.1771682553178117,-0.25,0.25,0.25
0.1771682553178117,0.25,-0.25,-0.25
0.1771682553178117,0.25,-0.25,0.25
0.1771682553178117,0.25,0.25,-0.25
0.1771682553178117,0.25,0.25,0.25
0.17991513173614773,-0.25,-0.25,-0.25
0.17991513173614773,-0.25,-0.25,0.25
0.17991513173614773,-0.25,0.25,-0.25
0.17991513173614773,-0.25,0.25,0.25
0.17991513173614773,0.25,-0.25,-0.25
0.17991513173614773,0.25,-0.25,0.25
0.17991513173614773,0.25,0.25,-0.25
0.17991513173614773,0.25,0.25,0.25
0.182648557338582,-0.25,-0.25,-0.25
0.182648557338582,-0.25,-0.25,0.25
0.182648557338582,-0.25,0.25,-0.25
0.182648557338582,-0.25,0.25,0.25
0.182648557338582,0.25,-0.25,-0.25
0.182648557338582,0.25,-0.25,0.25
0.182648557338582,0.25,0.25,-0.25
0.182648557338582,0.25,0.25,0.25
0.18536892385200415,-0.25,-0.25,-0.25
0.18536892385200415,-0.25,-0.25,0.25
0.18536892385200415,-0.25,0.25,-0.25
0.18536892385200415,-0.25,0.25,0.25
0.18536892385200415,0.25,-0.25,-0.25
0.18536892385200415,0.25,-0.25,0.25
0.18536892385200415,0.25,0.25,-0.25
0.18536892385200415,0.25,0.25,0.25
0.18807660533156673,-0.25,-0.25,-0.25
0.18807660533156673,-0.25,-0.25,0.25
0.18807660533156673,-0.25,0.25,-0.25
0.18807660533156673,-0.25,0.25,0.25
0.18807660533156673,0.25,-0.25,-0.25
0.18807660533156673,0.25,-0.25,0.25
0.18807660533156673,0.25,0.25,-0.25
0.18807660533156673,0.25,0.25,0.25
0.19077195924635787,-0.25,-0.25,-0.25
0.19077195924635787,-0.25,-0.25,0.25
0.19077195924635787,-0.25,0.25,-0.25
0.19077195924635787,-0.25,0.25,0.25
0.19077195924635787,0.25,-0.25,-0.25
0.19077195924635787,0.25,-0.25,0.25
0.19077195924635787,0.25,0.25,-0.25
0.19077195924635787,0.25,0.25,0.25
0.19345532748052616,-0.25,-0.25,-0.25
0.19345532748052616,-0.25,-0.25,0.25
0.19345532748052616,-0.25,0.25,-0.25
0.19345532748052616,-0.25,0.25,0.25
0.19345532748052616,0.25,-0.25,-0.25
0.19345532748052616,0.25,-0.25,0.25
0.19345532748052616,0.25,0.25,-0.25
0.19345532748052616,0.25,0.25,0.25
0.19612703725782762,-0.25,-0.25,-0.25
0.19612703725782762,-0.25,-0.25,0.25
0.19612703725782762,-0.25,0.25,-0.25
0.19612703725782762,-0.25,0.25,0.25
0.19612703725782762,0.25,-0.25,-0.25
0.19612703725782762,0.25,-0.25,0.25
0.19612703725782762,0.25,0.25,-0.25
0.19612703725782762,0.25,0.25,0.25
0.19878740199668665,-0.25,-0.25,-0.25
0.19878740199668665,-0.25,-0.25,0.25
0.19878740199668665,-0.25,0.25,-0.25
0.19878740199668665,-0.25,0.25,0.25
0.19878740199668665,0.25,-0.25,-0.25
0.19878740199668665,0.25,-0.25,0.25
0.19878740199668665,0.25,0.25,-0.25
0.19878740199668665,0.25,0.25,0.25
0.20143672210208813,-0.25,-0.25,-0.25
0.20143672210208813,-0.25,-0.25,0.25
0.20143672210208813,-0.25,0.25,-0.25
0.20143672210208813,-0.25,0.25,0.25
0.20143672210208813,0.25,-0.25,-0.25
0.20143672210208813,0.25,-0.25,0.25
0.20143672210208813,0.25,0.25,-0.25
0.20143672210208813,0.25,0.25,0.25
0.20407528569994932,-0.25,-0.25,-0.25
0.20407528569994932,-0.25,-0.25,0.25
0.20407528569994932,-0.25,0.25,-0.25
0.20407528569994932,-0.25,0.25,0.25
0.20407528569994932,0.25,-0.25,-0.25
0.20407528569994932,0.25,-0.25,0.25
0.20407528569994932,0.25,0.25,-0.25
0.20407528569994932,0.25,0.25,0.25
0.2067033693190266,-0.25,-0.25,-0.25
0.2067033693190266,-0.25,-0.25,0.25
0.2067033693190266,-0.25,0.25,-0.25
0.2067033693190266,-0.25,0.25,0.25
0.2067033693190266,0.25,-0.25,-0.25
0.2067033693190266,0.25,-0.25,0.25
0.2067033693190266,0.25,0.25,-0.25
0.2067033693190266,0.25,0.25,0.25
0.20932123852488907,-0.25,-0.25,-0.25
0.20932123852488907,-0.25,-0.25,0.25
0.20932123852488907,-0.25,0.25,-0.25
0.20932123852488907,-0.25,0.25,0.25
0.20932123852488907,0.25,-0.25,-0.25
0.20932123852488907,0.25,-0.25,0.25
0.20932123852488907,0.25,0.25,-0.25
0.20932123852488907,0.25,0.25,0.25
0.21192914851003902,-0.25,-0.25,-0.25
0.21192914851003902,-0.25,-0.25,0.25
0.21192914851003902,-0.25,0.25,-0.25
0.21192914851003902,-0.25,0.25,0.25
0.21192914851003902,0.25,-0.25,-0.25
0.21192914851003902,0.25,-0.25,0.25
0.21192914851003902,0.25,0.25,-0.25
0.21192914851003902,0.25,0.25,0.25
0.21452734464384365,-0.25,-0.25,-0.25
0.21452734464384365,-0.25,-0.25,0.25
0.21452734464384365,-0.25,0.25,-0.25
0.21452734464384365,-0.25,0.25,0.25
0.21452734464384365,0.25,-0.25,-0.25
0.21452734464384365,0.25,-0.25,0.25
0.21452734464384365,0.25,0.25,-0.25
0.21452734464384365,0.25,0.25,0.25
0.21711606298558866,-0.25,-0.25,-0.25
0.21711606298558866,-0.25,-0.25,0.25
0.21711606298558866,-0.25,0.25,-0.25
0.21711606298558866,-0.25,0.25,0.25
0.21711606298558866,0.25,-0.25,-0.25
0.21711606298558866,0.25,-0.25,0.25
0.21711606298558866,0.25,0.25,-0.25
0.21711606298558866,0.25,0.25,0.25
0.21969553076364723,-0.25,-0.25,-0.25
0.21969553076364723,-0.25,-0.25,0.25
0.21969553076364723,-0.25,0.25,-0.25
0.21969553076364723,-0.25,0.25,0.25
0.21969553076364723,0.25,-0.25,-0.25
0.21969553076364723,0.25,-0.25,0.25
0.21969553076364723,0.25,0.25,-0.25
0.21969553076364723,0.25,0.25,0.25
0.22226596682346597,-0.25,-0.25,-0.25
0.22226596682346597,-0.25,-0.25,0.25
0.22226596682346597,-0.25,0.25,-0.25
0.22226596682346597,-0.25,0.25,0.25
0.22226596682346597,0.25,-0.25,-0.25
0.22226596682346597,0.25,-0.25,0.25
0.22226596682346597,0.25,0.25,-0.25
0.22226596682346597,0.25,0.25,0.25
0.22482758204682254,-0.25,-0.25,-0.25
0.22482758204682254,-0.25,-0.25,0.25
0.22482758204682254,-0.25,0.25,-0.25
0.22482758204682254,-0.25,0.25,0.25
0.22482758204682254,0.25,-0.25,-0.25
0.22482758204682254,0.25,-0.25,0.25
0.22482758204682254,0.25,0.25,-0.25
0.22482758204682254,0.25,0.25,0.25
0.2273805797445809,-0.25,-0.25,-0.25
0.2273805797445809,-0.25,-0.25,0.25
0.2273805797445809,-0.25,0.25,-0.25
0.2273805797445809,-0.25,0.25,0.25
0.2273805797445809,0.25,-0.25,-0.25
0.2273805797445809,0.25,-0.25,0.25
0.2273805797445809,0.25,0.25,-0.25
0.2273805797445809,0.25,0.25,0.25
0.22992515602497163,-0.25,-0.25,-0.25
0.22992515602497163,-0.25,-0.25,0.25
0.22992515602497163,-0.25,0.25,-0.25
0.22992515602497163,-0.25,0.25,0.25
0.22992515602497163,0.25,-0.25,-0.25
0.22992515602497163,0.25,-0.25,0.25
0.22992515602497163,0.25,0.25,-0.25
0.22992515602497163,0.25,0.25,0.25
0.23246150013923766,-0.25,-0.25,-0.25
0.23246150013923766,-0.25,-0.25,0.25
0.23246150013923766,-0.25,0.25,-0.25
0.23246150013923766,-0.25,0.25,0.25
0.23246150013923766,0.25,-0.25,-0.25
0.23246150013923766,0.25,-0.25,0.25
0.23246150013923766,0.25,0.25,-0.25
0.23246150013923766,0.25,0.25,0.25
0.2349897948063263,-0.25,-0.25,-0.25
0.2349897948063263,-0.25,-0.25,0.25
0.2349897948063263,-0.25,0.25,-0.25
0.2349897948063263,-0.25,0.25,0.25
0.2349897948063263,0.25,-0.25,-0.25
0.2349897948063263,0.25,-0.25,0.25
0.2349897948063263,0.25,0.25,-0.25
0.2349897948063263,0.25,0.25,0.25
0.23751021651816365,-0.25,-0.25,-0.25
0.23751021651816365,-0.25,-0.25,0.25
0.23751021651816365,-0.25,0.25,-0.25
0.23751021651816365,-0.25,0.25,0.25
0.23751021651816365,0.25,-0.25,-0.25
0.23751021651816365,0.25,-0.25,0.25
0.23751021651816365,0.25,0.25,-0.25
0.23751021651816365,0.25,0.25,0.25
0.24002293582691353,-0.25,-0.25,-0.25
0.24002293582691353,-0.25,-0.25,0.25
0.24002293582691353,-0.25,0.25,-0.25
0.24002293582691353,-0.25,0.25,0.25
0.24002293582691353,0.25,-0.25,-0.25
0.24002293582691353,0.25,-0.25,0.25
0.24002293582691353,0.25,0.25,-0.25
0.24002293582691353,0.25,0.25,0.25
0.24252809837372835,-0.25,-0.25,-0.25
0.24252809837372835,-0.25,-0.25,0.25
0.24252809837372835,-0.25,0.25,-0.25
0.24252809837372835,-0.25,0.25,0.25
0.24252809837372835,0.25,-0.25,-0.25
0.24252809837372835,0.25,-0.25,0.25
0.24252809837372835,0.25,0.25,-0.25
0.24252809837372835,0.25,0.25,0.25
0.245026000106536,-0.25,-0.25,-0.25
0.245026000106536,-0.25,-0.25,0.25
0.245026000106536,-0.25,0.25,-0.25
0.245026000106536,-0.25,0.25,0.25
0.245026000106536,0.25,-0.25,-0.25
0.245026000106536,0.25,-0.25,0.25
0.245026000106536,0.25,0.25,-0.25
0.245026000106536,0.25,0.25,0.25
0.24751670661144068,-0.25,-0.25,-0.25
0.24751670661144068,-0.25,-0.25,0.25
0.24751670661144068,-0.25,0.25,-0.25
0.24751670661144068,-0.25,0.25,0.25
0.24751670661144068,0.25,-0.25,-0.25
0.24751670661144068,0.25,-0.25,0.25
0.24751670661144068,0.25,0.25,-0.25
0.24751670661144068,0.25,0.25,0.25
0.25,-0.25,-0.25,-0.25
0.25,-0.25,-0.25,0.25
0.25,-0.25,0.25,-0.25
0.25,-0.25,0.25,0.25
0.25,0.25,-0.25,-0.25
0.25,0.25,-0.25,0.25
0.25,0.25,0.25,-0.25
0.25,0.25,0.25,0.25
