dx_1
-3.141592653589793,-1.0
-3.141592653589793,1.0
-3.137176690753111,-1.0
-3.137176690753111,1.0
-3.1283336953628385,-1.0
-3.1283336953628385,1.0
-3.119479560751951,-1.0
-3.119479560751951,1.0
-3.110614216846497,-1.0
-3.110614216846497,1.0
-3.1017375929966535,-1.0
-3.1017375929966535,1.0
-3.0928496179692946,-1.0
-3.0928496179692946,1.0
-3.0839502199410886,-1.0
-3.0839502199410886,1.0
-3.075039326492143,-1.0
-3.075039326492143,1.0
-3.066116864598517,-1.0
-3.066116864598517,1.0
-3.0571827606252326,-1.0
-3.0571827606252326,1.0
-3.0482369403190335,-1.0
-3.0482369403190335,1.0
-3.039279328800479,-1.0
-3.039279328800479,1.0
-3.0303098505571673,-1.0
-3.0303098505571673,1.0
-3.0213284294361893,-1.0
-3.0213284294361893,1.0
-3.0123349886354043,-1.0
-3.0123349886354043,1.0
-3.003329450696029,-1.0
-3.003329450696029,1.0
-2.9943117374948662,-1.0
-2.9943117374948662,1.0
-2.985281770235971,-1.0
-2.985281770235971,1.0
-2.9762394694424437,-1.0
-2.9762394694424437,1.0
-2.9671847549474895,-1.0
-2.9671847549474895,1.0
-2.958117545886125,-1.0
-2.958117545886125,1.0
-2.9490377606874607,-1.0
-2.9490377606874607,1.0
-2.9399453170635526,-1.0
-2.9399453170635526,1.0
-2.9308401320029285,-1.0
-2.9308401320029285,1.0
-2.921722121759345,-1.0
-2.921722121759345,1.0
-2.912591201843717,-1.0
-2.912591201843717,1.0
-2.9034472870135057,-1.0
-2.9034472870135057,1.0
-2.8942902912643547,-1.0
-2.8942902912643547,1.0
-2.8851201278191057,-1.0
-2.8851201278191057,1.0
-2.8759367091185775,-1.0
-2.8759367091185775,1.0
-2.866739946811129,-1.0
-2.866739946811129,1.0
-2.8575297517410934,-1.0
-2.8575297517410934,1.0
-2.848306033940319,-1.0
-2.848306033940319,1.0
-2.8390687026156995,-1.0
-2.8390687026156995,1.0
-2.829817666139132,-1.0
-2.829817666139132,1.0
-2.8205528320360576,-1.0
-2.8205528320360576,1.0
-2.8112741069735603,-1.0
-2.8112741069735603,1.0
-2.801981396749873,-1.0
-2.801981396749873,1.0
-2.792674606281751,-1.0
-2.792674606281751,1.0
-2.7833536395926597,-1.0
-2.7833536395926597,1.0
-2.7740183998004726,-1.0
-2.7740183998004726,1.0
-2.764668789104993,-1.0
-2.764668789104993,1.0
-2.7553047087755713,-1.0
-2.7553047087755713,1.0
-2.745926059137844,-1.0
-2.745926059137844,1.0
-2.736532739560353,-1.0
-2.736532739560353,1.0
-2.7271246484415013,-1.0
-2.7271246484415013,1.0
-2.717701683195388,-1.0
-2.717701683195388,1.0
-2.708263740238244,-1.0
-2.708263740238244,1.0
-2.698810714973964,-1.0
-2.698810714973964,1.0
-2.689342501779458,-1.0
-2.689342501779458,1.0
-2.67985899399007,-1.0
-2.67985899399007,1.0
-2.670360083883995,-1.0
-2.670360083883995,1.0
-2.6608456626674646,-1.0
-2.6608456626674646,1.0
-2.6513156204583788,-1.0
-2.6513156204583788,1.0
-2.641769846270799,-1.0
-2.641769846270799,1.0
-2.632208227998073,-1.0
-2.632208227998073,1.0
-2.622630652396396,-1.0
-2.622630652396396,1.0
-2.613037005067549,-1.0
-2.613037005067549,1.0
-2.6034271704415057,-1.0
-2.6034271704415057,1.0
-2.593801031758916,-1.0
-2.593801031758916,1.0
-2.584158471052379,-1.0
-2.584158471052379,1.0
-2.5744993691282665,-1.0
-2.5744993691282665,1.0
-2.564823605547861,-1.0
-2.564823605547861,1.0
-2.5551310586073748,-1.0
-2.5551310586073748,1.0
-2.545421605319177,-1.0
-2.545421605319177,1.0
-2.5356951213907237,-1.0
-2.5356951213907237,1.0
-2.5259514812040513,-1.0
-2.5259514812040513,1.0
-2.5161905577951122,-1.0
-2.5161905577951122,1.0
-2.506412222831535,-1.0
-2.506412222831535,1.0
-2.4966163465914626,-1.0
-2.4966163465914626,1.0
-2.4868027979400735,-1.0
-2.4868027979400735,1.0
-2.4769714443071194,-1.0
-2.4769714443071194,1.0
-2.4671221516630104,-1.0
-2.4671221516630104,1.0
-2.457254784495172,-1.0
-2.457254784495172,1.0
-2.447369205782791,-1.0
-2.447369205782791,1.0
-2.4374652769721736,-1.0
-2.4374652769721736,1.0
-2.4275428579503897,-1.0
-2.4275428579503897,1.0
-2.417601807019124,-1.0
-2.417601807019124,1.0
-2.407641980867366,-1.0
-2.407641980867366,1.0
-2.3976632345443774,-1.0
-2.3976632345443774,1.0
-2.387665421430587,-1.0
-2.387665421430587,1.0
-2.3776483932088106,-1.0
-2.3776483932088106,1.0
-2.3676119998346543,-1.0
-2.3676119998346543,1.0
-2.3575560895060126,-1.0
-2.3575560895060126,1.0
-2.3474805086315276,-1.0
-2.3474805086315276,1.0
-2.3373851017994527,-1.0
-2.3373851017994527,1.0
-2.3272697117434773,-1.0
-2.3272697117434773,1.0
-2.3171341793107993,-1.0
-2.3171341793107993,1.0
-2.306978343426068,-1.0
-2.306978343426068,1.0
-2.296802041057169,-1.0
-2.296802041057169,1.0
-2.286605107178772,-1.0
-2.286605107178772,1.0
-2.2763873747346532,-1.0
-2.2763873747346532,1.0
-2.266148674600231,-1.0
-2.266148674600231,1.0
-2.2558888355429754,-1.0
-2.2558888355429754,1.0
-2.245607684182604,-1.0
-2.245607684182604,1.0
-2.235305044949635,-1.0
-2.235305044949635,1.0
-2.2249807400430206,-1.0
-2.2249807400430206,1.0
-2.2146345893871064,-1.0
-2.2146345893871064,1.0
-2.204266410586265,-1.0
-2.204266410586265,1.0
-2.193876018879813,-1.0
-2.193876018879813,1.0
-2.1834632270942245,-1.0
-2.1834632270942245,1.0
-2.173027845595195,-1.0
-2.173027845595195,1.0
-2.162569682237656,-1.0
-2.162569682237656,1.0
-2.15208854231462,-1.0
-2.15208854231462,1.0
-2.1415842285044273,-1.0
-2.1415842285044273,1.0
-2.131056540816724,-1.0
-2.131056540816724,1.0
-2.120505276536847,-1.0
-2.120505276536847,1.0
-2.109930230168488,-1.0
-2.109930230168488,1.0
-2.0993311933743777,-1.0
-2.0993311933743777,1.0
-2.0887079549159577,-1.0
-2.0887079549159577,1.0
-2.078060300590697,-1.0
-2.078060300590697,1.0
-2.067388013167621,-1.0
-2.067388013167621,1.0
-2.0566908723209694,-1.0
-2.0566908723209694,1.0
-2.0459686545617273,-1.0
-2.0459686545617273,1.0
-2.0352211331676338,-1.0
-2.0352211331676338,1.0
-2.0244480781098297,-1.0
-2.0244480781098297,1.0
-2.013649255978392,-1.0
-2.013649255978392,1.0
-2.0028244299048326,-1.0
-2.0028244299048326,1.0
-1.9919733594824875,-1.0
-1.9919733594824875,1.0
-1.9810958006842245,-1.0
-1.9810958006842245,1.0
-1.970191505777461,-1.0
-1.970191505777461,1.0
-1.9592602232364953,-1.0
-1.9592602232364953,1.0
-1.9483016976518892,-1.0
-1.9483016976518892,1.0
-1.9373156696369205,-1.0
-1.9373156696369205,1.0
-1.926301875731003,-1.0
-1.926301875731003,1.0
-1.915260048299549,-1.0
-1.915260048299549,1.0
-1.904189915430959,-1.0
-1.904189915430959,1.0
-1.8930912008291443,-1.0
-1.8930912008291443,1.0
-1.881963623703754,-1.0
-1.881963623703754,1.0
-1.8708068986550872,-1.0
-1.8708068986550872,1.0
-1.8596207355559993,-1.0
-1.8596207355559993,1.0
-1.8484048394293882,-1.0
-1.8484048394293882,1.0
-1.8371589103207722,-1.0
-1.8371589103207722,1.0
-1.8258826431669015,-1.0
-1.8258826431669015,1.0
-1.814575727659626,-1.0
-1.814575727659626,1.0
-1.803237848103894,-1.0
-1.803237848103894,1.0
-1.7918686832714825,-1.0
-1.7918686832714825,1.0
-1.7804679062490432,-1.0
-1.7804679062490432,1.0
-1.7690351842794891,-1.0
-1.7690351842794891,1.0
-1.7575701785986995,-1.0
-1.7575701785986995,1.0
-1.7460725442649747,-1.0
-1.7460725442649747,1.0
-1.7345419299822502,-1.0
-1.7345419299822502,1.0
-1.722977977916299,-1.0
-1.722977977916299,1.0
-1.7113803235036344,-1.0
-1.7113803235036344,1.0
-1.699748595252355,-1.0
-1.699748595252355,1.0
-1.688082414536022,-1.0
-1.688082414536022,1.0
-1.6763813953780073,-1.0
-1.6763813953780073,1.0
-1.6646451442272483,-1.0
-1.6646451442272483,1.0
-1.6528732597252178,-1.0
-1.6528732597252178,1.0
-1.6410653324621278,-1.0
-1.6410653324621278,1.0
-1.629220944723801,-1.0
-1.629220944723801,1.0
-1.617339670226707,-1.0
-1.617339670226707,1.0
-1.6054210738423265,-1.0
-1.6054210738423265,1.0
-1.593464711308732,-1.0
-1.593464711308732,1.0
-1.581470128929809,-1.0
-1.581470128929809,1.0
-1.569436863261157,-1.0
-1.569436863261157,1.0
-1.55736444078091,-1.0
-1.55736444078091,1.0
-1.5452523775467475,-1.0
-1.5452523775467475,1.0
-1.5331001788357124,-1.0
-1.5331001788357124,1.0
-1.5209073387684127,-1.0
-1.5209073387684127,1.0
-1.5086733399144716,-1.0
-1.5086733399144716,1.0
-1.4963976528795233,-1.0
-1.4963976528795233,1.0
-1.4840797358723634,-1.0
-1.4840797358723634,1.0
-1.4717190342504645,-1.0
-1.4717190342504645,1.0
-1.459314980043355,-1.0
-1.459314980043355,1.0
-1.4468669914521572,-1.0
-1.4468669914521572,1.0
-1.4343744723230605,-1.0
-1.4343744723230605,1.0
-1.4218368115950473,-1.0
-1.4218368115950473,1.0
-1.4092533827174327,-1.0
-1.4092533827174327,1.0
-1.3966235430379432,-1.0
-1.3966235430379432,1.0
-1.3839466331579007,-1.0
-1.3839466331579007,1.0
-1.3712219762519682,-1.0
-1.3712219762519682,1.0
-1.3584488773520993,-1.0
-1.3584488773520993,1.0
-1.3456266225904543,-1.0
-1.3456266225904543,1.0
-1.3327544784009326,-1.0
-1.3327544784009326,1.0
-1.3198316906750347,-1.0
-1.3198316906750347,1.0
-1.3068574838691485,-1.0
-1.3068574838691485,1.0
-1.29383106005958,-1.0
-1.29383106005958,1.0
-1.2807515979423985,-1.0
-1.2807515979423985,1.0
-1.267618251772688,-1.0
-1.267618251772688,1.0
-1.2544301502396105,-1.0
-1.2544301502396105,1.0
-1.2411863952723354,-1.0
-1.2411863952723354,1.0
-1.2278860607708295,-1.0
-1.2278860607708295,1.0
-1.2145281912567842,-1.0
-1.2145281912567842,1.0
-1.201111800437094,-1.0
-1.201111800437094,1.0
-1.187635869673825,-1.0
-1.187635869673825,1.0
-1.1740993463524039,-1.0
-1.1740993463524039,1.0
-1.1605011421400793,-1.0
-1.1605011421400793,1.0
-1.1468401311250256,-1.0
-1.1468401311250256,1.0
-1.1331151478258448,-1.0
-1.1331151478258448,1.0
-1.1193249850606524,-1.0
-1.1193249850606524,1.0
-1.1054683916627772,-1.0
-1.1054683916627772,1.0
-1.0915440700295465,-1.0
-1.0915440700295465,1.0
-1.077550673488833,-1.0
-1.077550673488833,1.0
-1.0634868034663576,-1.0
-1.0634868034663576,1.0
-1.0493510064347529,-1.0
-1.0493510064347529,1.0
-1.0351417706236776,-1.0
-1.0351417706236776,1.0
-1.0208575224670584,-1.0
-1.0208575224670584,1.0
-1.006496622761192,-1.0
-1.006496622761192,1.0
-0.9920573625043865,-1.0
-0.9920573625043865,1.0
-0.9775379583848701,-1.0
-0.9775379583848701,1.0
-0.9629365478794137,-1.0
-0.9629365478794137,1.0
-0.9482511839207772,-1.0
-0.9482511839207772,1.0
-0.9334798290859164,-1.0
-0.9334798290859164,1.0
-0.9186203492510053,-1.0
-0.9186203492510053,1.0
-0.9036705066515788,-1.0
-0.9036705066515788,1.0
-0.8886279522774022,-1.0
-0.8886279522774022,1.0
-0.8734902175218832,-1.0
-0.8734902175218832,1.0
-0.8582547049937372,-1.0
-0.8582547049937372,1.0
-0.8429186783846383,-1.0
-0.8429186783846383,1.0
-0.8274792512706854,-1.0
-0.8274792512706854,1.0
-0.8119333747055518,-1.0
-0.8119333747055518,1.0
-0.7962778234405091,-1.0
-0.7962778234405091,1.0
-0.7805091805789547,-1.0
-0.7805091805789547,1.0
-0.7646238204399174,-1.0
-0.7646238204399174,1.0
-0.7486178893658562,-1.0
-0.7486178893658562,1.0
-0.7324872841609665,-1.0
-0.7324872841609665,1.0
-0.7162276277893629,-1.0
-0.7162276277893629,1.0
-0.6998342418894086,-1.0
-0.6998342418894086,1.0
-0.6833021155736759,-1.0
-0.6833021155736759,1.0
-0.6666258698744987,-1.0
-0.6666258698744987,1.0
-0.6497997170603153,-1.0
-0.6497997170603153,1.0
-0.632817413876655,-1.0
-0.632817413876655,1.0
-0.6156722075521135,-1.0
-0.6156722075521135,1.0
-0.5983567731347282,-1.0
-0.5983567731347282,1.0
-0.580863140373376,-1.0
-0.580863140373376,1.0
-0.563182607902468,-1.0
-0.563182607902468,1.0
-0.5453056418926536,-1.0
-0.5453056418926536,1.0
-0.5272217555405185,-1.0
-0.5272217555405185,1.0
-0.5089193647169746,-1.0
-0.5089193647169746,1.0
-0.4903856136651934,-1.0
-0.4903856136651934,1.0
-0.4716061626805125,-1.0
-0.4716061626805125,1.0
-0.45256492697742023,-1.0
-0.45256492697742023,1.0
-0.43324375209096505,-1.0
-0.43324375209096505,1.0
-0.41362200560562334,-1.0
-0.41362200560562334,1.0
-0.3936760568495099,-1.0
-0.3936760568495099,1.0
-0.37337860395502986,-1.0
-0.37337860395502986,1.0
-0.35269778886920095,-1.0
-0.35269778886920095,1.0
-0.3315960111471805,-1.0
-0.3315960111471805,1.0
-0.3100283028219981,-1.0
-0.3100283028219981,1.0
-0.28794004450682903,-1.0
-0.28794004450682903,1.0
-0.26526365788551687,-1.0
-0.26526365788551687,1.0
-0.2419136406140753,-1.0
-0.2419136406140753,1.0
-0.21777877913300506,-1.0
-0.21777877913300506,1.0
-0.1927092489163792,-1.0
-0.1927092489163792,1.0
-0.16649368862593916,-1.0
-0.16649368862593916,1.0
-0.1388144323025989,-1.0
-0.1388144323025989,1.0
-0.10914759936454567,-1.0
-0.10914759936454567,1.0
-0.07648870748063792,-1.0
-0.07648870748063792,1.0
-0.0382459265796986,-1.0
-0.0382459265796986,1.0
0.038245926579634805,-1.0
0.038245926579634805,1.0
0.07648870748050998,-1.0
0.07648870748050998,1.0
0.10914759936435404,-1.0
0.10914759936435404,1.0
0.13881443230237167,-1.0
0.13881443230237167,1.0
0.16649368862565694,-1.0
0.16649368862565694,1.0
0.1927092489160522,-1.0
0.1927092489160522,1.0
0.21777877913262947,-1.0
0.21777877913262947,1.0
0.24191364061367493,-1.0
0.24191364061367493,1.0
0.2652636578850684,-1.0
0.2652636578850684,1.0
0.2879400445063427,-1.0
0.2879400445063427,1.0
0.3100283028214547,-1.0
0.3100283028214547,1.0
0.33159601114660403,-1.0
0.33159601114660403,1.0
0.35269778886858766,-1.0
0.35269778886858766,1.0
0.37337860395440114,-1.0
0.37337860395440114,1.0
0.3936760568488518,-1.0
0.3936760568488518,1.0
0.41362200560491635,-1.0
0.41362200560491635,1.0
0.4332437520901986,-1.0
0.4332437520901986,1.0
0.45256492697659845,-1.0
0.45256492697659845,1.0
0.47160616267965944,-1.0
0.47160616267965944,1.0
0.49038561366432315,-1.0
0.49038561366432315,1.0
0.5089193647160895,-1.0
0.5089193647160895,1.0
0.5272217555396176,-1.0
0.5272217555396176,1.0
0.5453056418917155,-1.0
0.5453056418917155,1.0
0.5631826079014876,-1.0
0.5631826079014876,1.0
0.58086314037234,-1.0
0.58086314037234,1.0
0.5983567731336599,-1.0
0.5983567731336599,1.0
0.6156722075510204,-1.0
0.6156722075510204,1.0
0.6328174138755467,-1.0
0.6328174138755467,1.0
0.6497997170591784,-1.0
0.6497997170591784,1.0
0.6666258698733653,-1.0
0.6666258698733653,1.0
0.6833021155725243,-1.0
0.6833021155725243,1.0
0.6998342418882466,-1.0
0.6998342418882466,1.0
0.7162276277881616,-1.0
0.7162276277881616,1.0
0.732487284159713,-1.0
0.732487284159713,1.0
0.7486178893645702,-1.0
0.7486178893645702,1.0
0.7646238204386215,-1.0
0.7646238204386215,1.0
0.7805091805776055,-1.0
0.7805091805776055,1.0
0.7962778234391601,-1.0
0.7962778234391601,1.0
0.8119333747041789,-1.0
0.8119333747041789,1.0
0.8274792512692968,-1.0
0.8274792512692968,1.0
0.8429186783832138,-1.0
0.8429186783832138,1.0
0.8582547049922843,-1.0
0.8582547049922843,1.0
0.8734902175204013,-1.0
0.8734902175204013,1.0
0.8886279522758759,-1.0
0.8886279522758759,1.0
0.9036705066500607,-1.0
0.9036705066500607,1.0
0.9186203492494615,-1.0
0.9186203492494615,1.0
0.9334798290843643,-1.0
0.9334798290843643,1.0
0.9482511839191954,-1.0
0.9482511839191954,1.0
0.9629365478778065,-1.0
0.9629365478778065,1.0
0.9775379583832464,-1.0
0.9775379583832464,1.0
0.992057362502762,-1.0
0.992057362502762,1.0
1.0064966227595198,-1.0
1.0064966227595198,1.0
1.020857522465399,-1.0
1.020857522465399,1.0
1.035141770622017,-1.0
1.035141770622017,1.0
1.049351006433034,-1.0
1.049351006433034,1.0
1.0634868034646336,-1.0
1.0634868034646336,1.0
1.0775506734871132,-1.0
1.0775506734871132,1.0
1.0915440700277792,-1.0
1.0915440700277792,1.0
1.105468391661003,-1.0
1.105468391661003,1.0
1.1193249850588287,-1.0
1.1193249850588287,1.0
1.1331151478240162,-1.0
1.1331151478240162,1.0
1.146840131123177,-1.0
1.146840131123177,1.0
1.1605011421382283,-1.0
1.1605011421382283,1.0
1.1740993463505571,-1.0
1.1740993463505571,1.0
1.1876358696719636,-1.0
1.1876358696719636,1.0
1.2011118004352237,-1.0
1.2011118004352237,1.0
1.2145281912548658,-1.0
1.2145281912548658,1.0
1.2278860607689195,-1.0
1.2278860607689195,1.0
1.2411863952704012,-1.0
1.2411863952704012,1.0
1.2544301502377087,-1.0
1.2544301502377087,1.0
1.2676182517707884,-1.0
1.2676182517707884,1.0
1.2807515979404689,-1.0
1.2807515979404689,1.0
1.2938310600576188,-1.0
1.2938310600576188,1.0
1.3068574838671294,-1.0
1.3068574838671294,1.0
1.319831690673005,-1.0
1.319831690673005,1.0
1.3327544783988623,-1.0
1.3327544783988623,1.0
1.3456266225883493,-1.0
1.3456266225883493,1.0
1.358448877350006,-1.0
1.358448877350006,1.0
1.3712219762498674,-1.0
1.3712219762498674,1.0
1.3839466331557244,-1.0
1.3839466331557244,1.0
1.396623543035813,-1.0
1.396623543035813,1.0
1.4092533827151759,-1.0
1.4092533827151759,1.0
1.4218368115928075,-1.0
1.4218368115928075,1.0
1.4343744723208294,-1.0
1.4343744723208294,1.0
1.4468669914499128,-1.0
1.4468669914499128,1.0
1.4593149800411698,-1.0
1.4593149800411698,1.0
1.4717190342482682,-1.0
1.4717190342482682,1.0
1.4840797358701567,-1.0
1.4840797358701567,1.0
1.4963976528773109,-1.0
1.4963976528773109,1.0
1.5086733399121872,-1.0
1.5086733399121872,1.0
1.5209073387661196,-1.0
1.5209073387661196,1.0
1.5331001788333705,-1.0
1.5331001788333705,1.0
1.5452523775443456,-1.0
1.5452523775443456,1.0
1.5573644407785208,-1.0
1.5573644407785208,1.0
1.5694368632586715,-1.0
1.5694368632586715,1.0
1.5814701289273254,-1.0
1.5814701289273254,1.0
1.5934647113061469,-1.0
1.5934647113061469,1.0
1.6054210738397623,-1.0
1.6054210738397623,1.0
1.6173396702240952,-1.0
1.6173396702240952,1.0
1.6292209447211607,-1.0
1.6292209447211607,1.0
1.6410653324594908,-1.0
1.6410653324594908,1.0
1.6528732597226155,-1.0
1.6528732597226155,1.0
1.6646451442247152,-1.0
1.6646451442247152,1.0
1.6763813953754017,-1.0
1.6763813953754017,1.0
1.6880824145334508,-1.0
1.6880824145334508,1.0
1.6997485952497562,-1.0
1.6997485952497562,1.0
1.7113803235009877,-1.0
1.7113803235009877,1.0
1.7229779779137255,-1.0
1.7229779779137255,1.0
1.7345419299796445,-1.0
1.7345419299796445,1.0
1.7460725442622689,-1.0
1.7460725442622689,1.0
1.7575701785959859,-1.0
1.7575701785959859,1.0
1.7690351842767769,-1.0
1.7690351842767769,1.0
1.780467906246392,-1.0
1.780467906246392,1.0
1.7918686832688508,-1.0
1.7918686832688508,1.0
1.8032378481011455,-1.0
1.8032378481011455,1.0
1.8145757276568697,-1.0
1.8145757276568697,1.0
1.8258826431641257,-1.0
1.8258826431641257,1.0
1.8371589103180208,-1.0
1.8371589103180208,1.0
1.8484048394266857,-1.0
1.8484048394266857,1.0
1.8596207355532555,-1.0
1.8596207355532555,1.0
1.870806898652255,-1.0
1.870806898652255,1.0
1.8819636237009125,-1.0
1.8819636237009125,1.0
1.8930912008263678,-1.0
1.8930912008263678,1.0
1.9041899154281765,-1.0
1.9041899154281765,1.0
1.915260048296803,-1.0
1.915260048296803,1.0
1.9263018757281731,-1.0
1.9263018757281731,1.0
1.9373156696340734,-1.0
1.9373156696340734,1.0
1.9483016976490322,-1.0
1.9483016976490322,1.0
1.9592602232336929,-1.0
1.9592602232336929,1.0
1.9701915057745907,-1.0
1.9701915057745907,1.0
1.981095800681318,-1.0
1.981095800681318,1.0
1.9919733594796043,-1.0
1.9919733594796043,1.0
2.0028244299019176,-1.0
2.0028244299019176,1.0
2.013649255975497,-1.0
2.013649255975497,1.0
2.0244480781068748,-1.0
2.0244480781068748,1.0
2.035221133164664,-1.0
2.035221133164664,1.0
2.0459686545587097,-1.0
2.0459686545587097,1.0
2.0566908723178576,-1.0
2.0566908723178576,1.0
2.0673880131644577,-1.0
2.0673880131644577,1.0
2.0780603005876452,-1.0
2.0780603005876452,1.0
2.088707954912965,-1.0
2.088707954912965,1.0
2.0993311933712815,-1.0
2.0993311933712815,1.0
2.1099302301653298,-1.0
2.1099302301653298,1.0
2.120505276533711,-1.0
2.120505276533711,1.0
2.131056540813499,-1.0
2.131056540813499,1.0
2.1415842285011557,-1.0
2.1415842285011557,1.0
2.1520885423113394,-1.0
2.1520885423113394,1.0
2.1625696822343525,-1.0
2.1625696822343525,1.0
2.173027845591912,-1.0
2.173027845591912,1.0
2.183463227090944,-1.0
2.183463227090944,1.0
2.1938760188765114,-1.0
2.1938760188765114,1.0
2.2042664105830796,-1.0
2.2042664105830796,1.0
2.214634589383835,-1.0
2.214634589383835,1.0
2.2249807400398387,-1.0
2.2249807400398387,1.0
2.235305044946354,-1.0
2.235305044946354,1.0
2.245607684179288,-1.0
2.245607684179288,1.0
2.2558888355396087,-1.0
2.2558888355396087,1.0
2.2661486745968236,-1.0
2.2661486745968236,1.0
2.27638737473131,-1.0
2.27638737473131,1.0
2.286605107175547,-1.0
2.286605107175547,1.0
2.296802041053935,-1.0
2.296802041053935,1.0
2.3069783434228577,-1.0
2.3069783434228577,1.0
2.317134179307525,-1.0
2.317134179307525,1.0
2.327269711740422,-1.0
2.327269711740422,1.0
2.3373851017962357,-1.0
2.3373851017962357,1.0
2.347480508628414,-1.0
2.347480508628414,1.0
2.357556089502783,-1.0
2.357556089502783,1.0
2.3676119998313987,-1.0
2.3676119998313987,1.0
2.377648393205584,-1.0
2.377648393205584,1.0
2.3876654214274113,-1.0
2.3876654214274113,1.0
2.397663234541375,-1.0
2.397663234541375,1.0
2.4076419808643803,-1.0
2.4076419808643803,1.0
2.417601807016028,-1.0
2.417601807016028,1.0
2.4275428579473384,-1.0
2.4275428579473384,1.0
2.4374652769692178,-1.0
2.4374652769692178,1.0
2.4473692057799186,-1.0
2.4473692057799186,1.0
2.457254784492098,-1.0
2.457254784492098,1.0
2.4671221516600554,-1.0
2.4671221516600554,1.0
2.476971444304177,-1.0
2.476971444304177,1.0
2.4868027979371834,-1.0
2.4868027979371834,1.0
2.496616346588636,-1.0
2.496616346588636,1.0
2.506412222828659,-1.0
2.506412222828659,1.0
2.5161905577922337,-1.0
2.5161905577922337,1.0
2.5259514812013624,-1.0
2.5259514812013624,1.0
2.5356951213880445,-1.0
2.5356951213880445,1.0
2.545421605316607,-1.0
2.545421605316607,1.0
2.555131058604734,-1.0
2.555131058604734,1.0
2.5648236055451035,-1.0
2.5648236055451035,1.0
2.574499369125637,-1.0
2.574499369125637,1.0
2.584158471049653,-1.0
2.584158471049653,1.0
2.593801031756234,-1.0
2.593801031756234,1.0
2.6034271704388248,-1.0
2.6034271704388248,1.0
2.6130370050647658,-1.0
2.6130370050647658,1.0
2.62263065239366,-1.0
2.62263065239366,1.0
2.632208227995341,-1.0
2.632208227995341,1.0
2.6417698462679606,-1.0
2.6417698462679606,1.0
2.6513156204555246,-1.0
2.6513156204555246,1.0
2.6608456626647032,-1.0
2.6608456626647032,1.0
2.6703600838813695,-1.0
2.6703600838813695,1.0
2.6798589939874025,-1.0
2.6798589939874025,1.0
2.6893425017769643,-1.0
2.6893425017769643,1.0
2.6988107149714495,-1.0
2.6988107149714495,1.0
2.7082637402358434,-1.0
2.7082637402358434,1.0
2.717701683193023,-1.0
2.717701683193023,1.0
2.727124648439277,-1.0
2.727124648439277,1.0
2.736532739558344,-1.0
2.736532739558344,1.0
2.745926059135862,-1.0
2.745926059135862,1.0
2.7553047087736466,-1.0
2.7553047087736466,1.0
2.7646687891031245,-1.0
2.7646687891031245,1.0
2.7740183997985923,-1.0
2.7740183997985923,1.0
2.7833536395908616,-1.0
2.7833536395908616,1.0
2.792674606280095,-1.0
2.792674606280095,1.0
2.8019813967482032,-1.0
2.8019813967482032,1.0
2.811274106971792,-1.0
2.811274106971792,1.0
2.8205528320340663,-1.0
2.8205528320340663,1.0
2.8298176661372847,-1.0
2.8298176661372847,1.0
2.8390687026136447,-1.0
2.8390687026136447,1.0
2.848306033938204,-1.0
2.848306033938204,1.0
2.8575297517391243,-1.0
2.8575297517391243,1.0
2.8667399468090506,-1.0
2.8667399468090506,1.0
2.875936709116908,-1.0
2.875936709116908,1.0
2.885120127817175,-1.0
2.885120127817175,1.0
2.894290291262253,-1.0
2.894290291262253,1.0
2.9034472870116566,-1.0
2.9034472870116566,1.0
2.9125912018416784,-1.0
2.9125912018416784,1.0
2.921722121757616,-1.0
2.921722121757616,1.0
2.9308401320013844,-1.0
2.9308401320013844,1.0
2.9399453170622976,-1.0
2.9399453170622976,1.0
2.949037760686141,-1.0
2.949037760686141,1.0
2.9581175458850444,-1.0
2.9581175458850444,1.0
2.967184754945974,-1.0
2.967184754945974,1.0
2.976239469441008,-1.0
2.976239469441008,1.0
2.985281770234714,-1.0
2.985281770234714,1.0
2.9943117374934825,-1.0
2.9943117374934825,1.0
3.0033294506948685,-1.0
3.0033294506948685,1.0
3.012334988634418,-1.0
3.012334988634418,1.0
3.0213284294351497,-1.0
3.0213284294351497,1.0
3.0303098505562205,-1.0
3.0303098505562205,1.0
3.0392793287994366,-1.0
3.0392793287994366,1.0
3.048236940318024,-1.0
3.048236940318024,1.0
3.057182760624418,-1.0
3.057182760624418,1.0
3.066116864597631,-1.0
3.066116864597631,1.0
3.075039326491167,-1.0
3.075039326491167,1.0
3.0839502199402506,-1.0
3.0839502199402506,1.0
3.0928496179687275,-1.0
3.0928496179687275,1.0
3.1017375929964013,-1.0
3.1017375929964013,1.0
3.1106142168463164,-1.0
3.1106142168463164,1.0
3.1194795607516004,-1.0
3.1194795607516004,1.0
3.128333695362661,-1.0
3.128333695362661,1.0
3.137176690753116,-1.0
3.137176690753116,1.0
3.141592653589793,-1.0
3.141592653589793,1.0
