dx_1
-1.5707963267948966,-1.5707963267948966
-1.5707963267948966,1.5707963267948966
-1.5695031301913538,-1.5707963267948966
-1.5695031301913538,1.5707963267948966
-1.5669167341006383,-1.5707963267948966
-1.5669167341006383,1.5707963267948966
-1.5643303293591833,-1.5707963267948966
-1.5643303293591833,1.5707963267948966
-1.5617439101993158,-1.5707963267948966
-1.5617439101993158,1.5707963267948966
-1.5591574708530915,-1.5707963267948966
-1.5591574708530915,1.5707963267948966
-1.5565710055521378,-1.5707963267948966
-1.5565710055521378,1.5707963267948966
-1.5539845085270951,-1.5707963267948966
-1.5539845085270951,1.5707963267948966
-1.5513979740078272,-1.5707963267948966
-1.5513979740078272,1.5707963267948966
-1.5488113962228878,-1.5707963267948966
-1.5488113962228878,1.5707963267948966
-1.5462247693998952,-1.5707963267948966
-1.5462247693998952,1.5707963267948966
-1.5436380877648903,-1.5707963267948966
-1.5436380877648903,1.5707963267948966
-1.5410513455423387,-1.5707963267948966
-1.5410513455423387,1.5707963267948966
-1.538464536954888,-1.5707963267948966
-1.538464536954888,1.5707963267948966
-1.5358776562234155,-1.5707963267948966
-1.5358776562234155,1.5707963267948966
-1.5332906975663982,-1.5707963267948966
-1.5332906975663982,1.5707963267948966
-1.5307036552004454,-1.5707963267948966
-1.5307036552004454,1.5707963267948966
-1.5281165233393499,-1.5707963267948966
-1.5281165233393499,1.5707963267948966
-1.5255292961946902,-1.5707963267948966
-1.5255292961946902,1.5707963267948966
-1.5229419679749805,-1.5707963267948966
-1.5229419679749805,1.5707963267948966
-1.520354532885909,-1.5707963267948966
-1.520354532885909,1.5707963267948966
-1.517766985130093,-1.5707963267948966
-1.517766985130093,1.5707963267948966
-1.5151793189067415,-1.5707963267948966
-1.5151793189067415,1.5707963267948966
-1.512591528411709,-1.5707963267948966
-1.512591528411709,1.5707963267948966
-1.5100036078372632,-1.5707963267948966
-1.5100036078372632,1.5707963267948966
-1.5074155513718173,-1.5707963267948966
-1.5074155513718173,1.5707963267948966
-1.5048273531997092,-1.5707963267948966
-1.5048273531997092,1.5707963267948966
-1.5022390075014114,-1.5707963267948966
-1.5022390075014114,1.5707963267948966
-1.4996505084529232,-1.5707963267948966
-1.4996505084529232,1.5707963267948966
-1.4970618502258137,-1.5707963267948966
-1.4970618502258137,1.5707963267948966
-1.4944730269870705,-1.5707963267948966
-1.4944730269870705,1.5707963267948966
-1.4918840328987268,-1.5707963267948966
-1.4918840328987268,1.5707963267948966
-1.4892948621177131,-1.5707963267948966
-1.4892948621177131,1.5707963267948966
-1.4867055087961472,-1.5707963267948966
-1.4867055087961472,1.5707963267948966
-1.4841159670805448,-1.5707963267948966
-1.4841159670805448,1.5707963267948966
-1.4815262311118462,-1.5707963267948966
-1.4815262311118462,1.5707963267948966
-1.4789362950255287,-1.5707963267948966
-1.4789362950255287,1.5707963267948966
-1.4763461529511388,-1.5707963267948966
-1.4763461529511388,1.5707963267948966
-1.473755799011986,-1.5707963267948966
-1.473755799011986,1.5707963267948966
-1.4711652273253313,-1.5707963267948966
-1.4711652273253313,1.5707963267948966
-1.468574432002019,-1.5707963267948966
-1.468574432002019,1.5707963267948966
-1.4659834071463715,-1.5707963267948966
-1.4659834071463715,1.5707963267948966
-1.4633921468557956,-1.5707963267948966
-1.4633921468557956,1.5707963267948966
-1.4608006452207898,-1.5707963267948966
-1.4608006452207898,1.5707963267948966
-1.4582088963248367,-1.5707963267948966
-1.4582088963248367,1.5707963267948966
-1.4556168942440273,-1.5707963267948966
-1.4556168942440273,1.5707963267948966
-1.4530246330471337,-1.5707963267948966
-1.4530246330471337,1.5707963267948966
-1.450432106795013,-1.5707963267948966
-1.450432106795013,1.5707963267948966
-1.447839309540834,-1.5707963267948966
-1.447839309540834,1.5707963267948966
-1.4452462353297804,-1.5707963267948966
-1.4452462353297804,1.5707963267948966
-1.4426528781986654,-1.5707963267948966
-1.4426528781986654,1.5707963267948966
-1.4400592321759647,-1.5707963267948966
-1.4400592321759647,1.5707963267948966
-1.43746529128183,-1.5707963267948966
-1.43746529128183,1.5707963267948966
-1.4348710495272614,-1.5707963267948966
-1.4348710495272614,1.5707963267948966
-1.4322765009144487,-1.5707963267948966
-1.4322765009144487,1.5707963267948966
-1.429681639436552,-1.5707963267948966
-1.429681639436552,1.5707963267948966
-1.4270864590772514,-1.5707963267948966
-1.4270864590772514,1.5707963267948966
-1.4244909538107666,-1.5707963267948966
-1.4244909538107666,1.5707963267948966
-1.4218951176015433,-1.5707963267948966
-1.4218951176015433,1.5707963267948966
-1.4192989444041622,-1.5707963267948966
-1.4192989444041622,1.5707963267948966
-1.4167024281631102,-1.5707963267948966
-1.4167024281631102,1.5707963267948966
-1.4141055628126624,-1.5707963267948966
-1.4141055628126624,1.5707963267948966
-1.4115083422765589,-1.5707963267948966
-1.4115083422765589,1.5707963267948966
-1.4089107604679199,-1.5707963267948966
-1.4089107604679199,1.5707963267948966
-1.4063128112887038,-1.5707963267948966
-1.4063128112887038,1.5707963267948966
-1.4037144886301314,-1.5707963267948966
-1.4037144886301314,1.5707963267948966
-1.4011157863718682,-1.5707963267948966
-1.4011157863718682,1.5707963267948966
-1.3985166983825,-1.5707963267948966
-1.3985166983825,1.5707963267948966
-1.3959172185185542,-1.5707963267948966
-1.3959172185185542,1.5707963267948966
-1.3933173406248045,-1.5707963267948966
-1.3933173406248045,1.5707963267948966
-1.3907170585341104,-1.5707963267948966
-1.3907170585341104,1.5707963267948966
-1.3881163660668678,-1.5707963267948966
-1.3881163660668678,1.5707963267948966
-1.385515257030976,-1.5707963267948966
-1.385515257030976,1.5707963267948966
-1.3829137252216095,-1.5707963267948966
-1.3829137252216095,1.5707963267948966
-1.3803117644213632,-1.5707963267948966
-1.3803117644213632,1.5707963267948966
-1.3777093683992363,-1.5707963267948966
-1.3777093683992363,1.5707963267948966
-1.3751065309114423,-1.5707963267948966
-1.3751065309114423,1.5707963267948966
-1.3725032457001431,-1.5707963267948966
-1.3725032457001431,1.5707963267948966
-1.3698995064941608,-1.5707963267948966
-1.3698995064941608,1.5707963267948966
-1.3672953070080938,-1.5707963267948966
-1.3672953070080938,1.5707963267948966
-1.3646906409425104,-1.5707963267948966
-1.3646906409425104,1.5707963267948966
-1.3620855019835898,-1.5707963267948966
-1.3620855019835898,1.5707963267948966
-1.359479883802919,-1.5707963267948966
-1.359479883802919,1.5707963267948966
-1.356873780057244,-1.5707963267948966
-1.356873780057244,1.5707963267948966
-1.3542671843881355,-1.5707963267948966
-1.3542671843881355,1.5707963267948966
-1.351660090422069,-1.5707963267948966
-1.351660090422069,1.5707963267948966
-1.3490524917698534,-1.5707963267948966
-1.3490524917698534,1.5707963267948966
-1.346444382026583,-1.5707963267948966
-1.346444382026583,1.5707963267948966
-1.3438357547716666,-1.5707963267948966
-1.3438357547716666,1.5707963267948966
-1.34122660356832,-1.5707963267948966
-1.34122660356832,1.5707963267948966
-1.338616921962933,-1.5707963267948966
-1.338616921962933,1.5707963267948966
-1.33600670348572,-1.5707963267948966
-1.33600670348572,1.5707963267948966
-1.3333959416496421,-1.5707963267948966
-1.3333959416496421,1.5707963267948966
-1.3307846299509323,-1.5707963267948966
-1.3307846299509323,1.5707963267948966
-1.3281727618683847,-1.5707963267948966
-1.3281727618683847,1.5707963267948966
-1.3255603308628907,-1.5707963267948966
-1.3255603308628907,1.5707963267948966
-1.3229473303779726,-1.5707963267948966
-1.3229473303779726,1.5707963267948966
-1.320333753838642,-1.5707963267948966
-1.320333753838642,1.5707963267948966
-1.3177195946520421,-1.5707963267948966
-1.3177195946520421,1.5707963267948966
-1.3151048462064505,-1.5707963267948966
-1.3151048462064505,1.5707963267948966
-1.3124895018713767,-1.5707963267948966
-1.3124895018713767,1.5707963267948966
-1.309873554997597,-1.5707963267948966
-1.309873554997597,1.5707963267948966
-1.3072569989161744,-1.5707963267948966
-1.3072569989161744,1.5707963267948966
-1.3046398269387542,-1.5707963267948966
-1.3046398269387542,1.5707963267948966
-1.3020220323573588,-1.5707963267948966
-1.3020220323573588,1.5707963267948966
-1.2994036084437106,-1.5707963267948966
-1.2994036084437106,1.5707963267948966
-1.2967845484491662,-1.5707963267948966
-1.2967845484491662,1.5707963267948966
-1.2941648456047152,-1.5707963267948966
-1.2941648456047152,1.5707963267948966
-1.2915444931203561,-1.5707963267948966
-1.2915444931203561,1.5707963267948966
-1.2889234841849122,-1.5707963267948966
-1.2889234841849122,1.5707963267948966
-1.2863018119661236,-1.5707963267948966
-1.2863018119661236,1.5707963267948966
-1.2836794696096347,-1.5707963267948966
-1.2836794696096347,1.5707963267948966
-1.2810564502394093,-1.5707963267948966
-1.2810564502394093,1.5707963267948966
-1.2784327469570709,-1.5707963267948966
-1.2784327469570709,1.5707963267948966
-1.2758083528418522,-1.5707963267948966
-1.2758083528418522,1.5707963267948966
-1.2731832609502796,-1.5707963267948966
-1.2731832609502796,1.5707963267948966
-1.270557464315623,-1.5707963267948966
-1.270557464315623,1.5707963267948966
-1.2679309559480298,-1.5707963267948966
-1.2679309559480298,1.5707963267948966
-1.2653037288340272,-1.5707963267948966
-1.2653037288340272,1.5707963267948966
-1.2626757759360134,-1.5707963267948966
-1.2626757759360134,1.5707963267948966
-1.2600470901923635,-1.5707963267948966
-1.2600470901923635,1.5707963267948966
-1.2574176645168502,-1.5707963267948966
-1.2574176645168502,1.5707963267948966
-1.2547874917984463,-1.5707963267948966
-1.2547874917984463,1.5707963267948966
-1.2521565649011577,-1.5707963267948966
-1.2521565649011577,1.5707963267948966
-1.2495248766634208,-1.5707963267948966
-1.2495248766634208,1.5707963267948966
-1.2468924198980762,-1.5707963267948966
-1.2468924198980762,1.5707963267948966
-1.244259187391778,-1.5707963267948966
-1.244259187391778,1.5707963267948966
-1.2416251719051101,-1.5707963267948966
-1.2416251719051101,1.5707963267948966
-1.2389903661718908,-1.5707963267948966
-1.2389903661718908,1.5707963267948966
-1.2363547628987346,-1.5707963267948966
-1.2363547628987346,1.5707963267948966
-1.2337183547654327,-1.5707963267948966
-1.2337183547654327,1.5707963267948966
-1.231081134423974,-1.5707963267948966
-1.231081134423974,1.5707963267948966
-1.2284430944980638,-1.5707963267948966
-1.2284430944980638,1.5707963267948966
-1.2258042275836005,-1.5707963267948966
-1.2258042275836005,1.5707963267948966
-1.2231645262477253,-1.5707963267948966
-1.2231645262477253,1.5707963267948966
-1.2205239830285093,-1.5707963267948966
-1.2205239830285093,1.5707963267948966
-1.217882590434918,-1.5707963267948966
-1.217882590434918,1.5707963267948966
-1.2152403409461823,-1.5707963267948966
-1.2152403409461823,1.5707963267948966
-1.2125972270116951,-1.5707963267948966
-1.2125972270116951,1.5707963267948966
-1.20995324105022,-1.5707963267948966
-1.20995324105022,1.5707963267948966
-1.2073083754501732,-1.5707963267948966
-1.2073083754501732,1.5707963267948966
-1.2046626225689645,-1.5707963267948966
-1.2046626225689645,1.5707963267948966
-1.2020159747323795,-1.5707963267948966
-1.2020159747323795,1.5707963267948966
-1.1993684242344178,-1.5707963267948966
-1.1993684242344178,1.5707963267948966
-1.196719963337085,-1.5707963267948966
-1.196719963337085,1.5707963267948966
-1.1940705842699906,-1.5707963267948966
-1.1940705842699906,1.5707963267948966
-1.1914202792295467,-1.5707963267948966
-1.1914202792295467,1.5707963267948966
-1.1887690403790434,-1.5707963267948966
-1.1887690403790434,1.5707963267948966
-1.1861168598482574,-1.5707963267948966
-1.1861168598482574,1.5707963267948966
-1.1834637297328585,-1.5707963267948966
-1.1834637297328585,1.5707963267948966
-1.180809642093903,-1.5707963267948966
-1.180809642093903,1.5707963267948966
-1.1781545889578966,-1.5707963267948966
-1.1781545889578966,1.5707963267948966
-1.1754985623159606,-1.5707963267948966
-1.1754985623159606,1.5707963267948966
-1.1728415541236235,-1.5707963267948966
-1.1728415541236235,1.5707963267948966
-1.170183556300258,-1.5707963267948966
-1.170183556300258,1.5707963267948966
-1.1675245607289133,-1.5707963267948966
-1.1675245607289133,1.5707963267948966
-1.16486455925569,-1.5707963267948966
-1.16486455925569,1.5707963267948966
-1.162203543689434,-1.5707963267948966
-1.162203543689434,1.5707963267948966
-1.1595415058010732,-1.5707963267948966
-1.1595415058010732,1.5707963267948966
-1.1568784373237413,-1.5707963267948966
-1.1568784373237413,1.5707963267948966
-1.154214329951499,-1.5707963267948966
-1.154214329951499,1.5707963267948966
-1.1515491753396385,-1.5707963267948966
-1.1515491753396385,1.5707963267948966
-1.1488829651041468,-1.5707963267948966
-1.1488829651041468,1.5707963267948966
-1.1462156908206762,-1.5707963267948966
-1.1462156908206762,1.5707963267948966
-1.1435473440244945,-1.5707963267948966
-1.1435473440244945,1.5707963267948966
-1.1408779162101736,-1.5707963267948966
-1.1408779162101736,1.5707963267948966
-1.138207398830766,-1.5707963267948966
-1.138207398830766,1.5707963267948966
-1.1355357832978366,-1.5707963267948966
-1.1355357832978366,1.5707963267948966
-1.1328630609801187,-1.5707963267948966
-1.1328630609801187,1.5707963267948966
-1.1301892232039068,-1.5707963267948966
-1.1301892232039068,1.5707963267948966
-1.1275142612522675,-1.5707963267948966
-1.1275142612522675,1.5707963267948966
-1.1248381663642906,-1.5707963267948966
-1.1248381663642906,1.5707963267948966
-1.1221609297350166,-1.5707963267948966
-1.1221609297350166,1.5707963267948966
-1.119482542514307,-1.5707963267948966
-1.119482542514307,1.5707963267948966
-1.1168029958069539,-1.5707963267948966
-1.1168029958069539,1.5707963267948966
-1.114122280671873,-1.5707963267948966
-1.114122280671873,1.5707963267948966
-1.1114403881217487,-1.5707963267948966
-1.1114403881217487,1.5707963267948966
-1.1087573091222367,-1.5707963267948966
-1.1087573091222367,1.5707963267948966
-1.106073034591588,-1.5707963267948966
-1.106073034591588,1.5707963267948966
-1.1033875553998571,-1.5707963267948966
-1.1033875553998571,1.5707963267948966
-1.100700862369004,-1.5707963267948966
-1.100700862369004,1.5707963267948966
-1.0980129462714427,-1.5707963267948966
-1.0980129462714427,1.5707963267948966
-1.095323797830346,-1.5707963267948966
-1.095323797830346,1.5707963267948966
-1.0926334077180604,-1.5707963267948966
-1.0926334077180604,1.5707963267948966
-1.0899417665564786,-1.5707963267948966
-1.0899417665564786,1.5707963267948966
-1.087248864916208,-1.5707963267948966
-1.087248864916208,1.5707963267948966
-1.0845546933154595,-1.5707963267948966
-1.0845546933154595,1.5707963267948966
-1.081859242220021,-1.5707963267948966
-1.081859242220021,1.5707963267948966
-1.0791625020423126,-1.5707963267948966
-1.0791625020423126,1.5707963267948966
-1.0764644631410527,-1.5707963267948966
-1.0764644631410527,1.5707963267948966
-1.0737651158203954,-1.5707963267948966
-1.0737651158203954,1.5707963267948966
-1.0710644503293203,-1.5707963267948966
-1.0710644503293203,1.5707963267948966
-1.0683624568611552,-1.5707963267948966
-1.0683624568611552,1.5707963267948966
-1.0656591255526326,-1.5707963267948966
-1.0656591255526326,1.5707963267948966
-1.0629544464833862,-1.5707963267948966
-1.0629544464833862,1.5707963267948966
-1.0602484096753595,-1.5707963267948966
-1.0602484096753595,1.5707963267948966
-1.0575410050920893,-1.5707963267948966
-1.0575410050920893,1.5707963267948966
-1.0548322226377322,-1.5707963267948966
-1.0548322226377322,1.5707963267948966
-1.052122052156802,-1.5707963267948966
-1.052122052156802,1.5707963267948966
-1.049410483433424,-1.5707963267948966
-1.049410483433424,1.5707963267948966
-1.0466975061901387,-1.5707963267948966
-1.0466975061901387,1.5707963267948966
-1.0439831100877013,-1.5707963267948966
-1.0439831100877013,1.5707963267948966
-1.0412672847240425,-1.5707963267948966
-1.0412672847240425,1.5707963267948966
-1.038550019633463,-1.5707963267948966
-1.038550019633463,1.5707963267948966
-1.0358313042863503,-1.5707963267948966
-1.0358313042863503,1.5707963267948966
-1.033111128087893,-1.5707963267948966
-1.033111128087893,1.5707963267948966
-1.0303894803775597,-1.5707963267948966
-1.0303894803775597,1.5707963267948966
-1.0276663504280754,-1.5707963267948966
-1.0276663504280754,1.5707963267948966
-1.0249417274450863,-1.5707963267948966
-1.0249417274450863,1.5707963267948966
-1.0222156005659098,-1.5707963267948966
-1.0222156005659098,1.5707963267948966
-1.0194879588584769,-1.5707963267948966
-1.0194879588584769,1.5707963267948966
-1.0167587913216187,-1.5707963267948966
-1.0167587913216187,1.5707963267948966
-1.014028086882867,-1.5707963267948966
-1.014028086882867,1.5707963267948966
-1.0112958343981733,-1.5707963267948966
-1.0112958343981733,1.5707963267948966
-1.008562022651832,-1.5707963267948966
-1.008562022651832,1.5707963267948966
-1.0058266403539589,-1.5707963267948966
-1.0058266403539589,1.5707963267948966
-1.0030896761407873,-1.5707963267948966
-1.0030896761407873,1.5707963267948966
-1.0003511185732719,-1.5707963267948966
-1.0003511185732719,1.5707963267948966
-0.9976109561368305,-1.5707963267948966
-0.9976109561368305,1.5707963267948966
-0.9948691772393463,-1.5707963267948966
-0.9948691772393463,1.5707963267948966
-0.992125770210869,-1.5707963267948966
-0.992125770210869,1.5707963267948966
-0.9893807233030371,-1.5707963267948966
-0.9893807233030371,1.5707963267948966
-0.9866340246869817,-1.5707963267948966
-0.9866340246869817,1.5707963267948966
-0.98388566245353,-1.5707963267948966
-0.98388566245353,1.5707963267948966
-0.9811356246110858,-1.5707963267948966
-0.9811356246110858,1.5707963267948966
-0.9783838990855627,-1.5707963267948966
-0.9783838990855627,1.5707963267948966
-0.9756304737187661,-1.5707963267948966
-0.9756304737187661,1.5707963267948966
-0.972875336267535,-1.5707963267948966
-0.972875336267535,1.5707963267948966
-0.9701184744028976,-1.5707963267948966
-0.9701184744028976,1.5707963267948966
-0.9673598757084175,-1.5707963267948966
-0.9673598757084175,1.5707963267948966
-0.9645995276794938,-1.5707963267948966
-0.9645995276794938,1.5707963267948966
-0.9618374177223203,-1.5707963267948966
-0.9618374177223203,1.5707963267948966
-0.959073533152608,-1.5707963267948966
-0.959073533152608,1.5707963267948966
-0.9563078611941238,-1.5707963267948966
-0.9563078611941238,1.5707963267948966
-0.9535403889780731,-1.5707963267948966
-0.9535403889780731,1.5707963267948966
-0.950771103541501,-1.5707963267948966
-0.950771103541501,1.5707963267948966
-0.9479999918260419,-1.5707963267948966
-0.9479999918260419,1.5707963267948966
-0.945227040677408,-1.5707963267948966
-0.945227040677408,1.5707963267948966
-0.9424522368436062,-1.5707963267948966
-0.9424522368436062,1.5707963267948966
-0.9396755669730966,-1.5707963267948966
-0.9396755669730966,1.5707963267948966
-0.9368970176141729,-1.5707963267948966
-0.9368970176141729,1.5707963267948966
-0.9341165752139965,-1.5707963267948966
-0.9341165752139965,1.5707963267948966
-0.93133422611681,-1.5707963267948966
-0.93133422611681,1.5707963267948966
-0.9285499565620741,-1.5707963267948966
-0.9285499565620741,1.5707963267948966
-0.9257637526841062,-1.5707963267948966
-0.9257637526841062,1.5707963267948966
-0.9229756005101083,-1.5707963267948966
-0.9229756005101083,1.5707963267948966
-0.9201854859590147,-1.5707963267948966
-0.9201854859590147,1.5707963267948966
-0.917393394839651,-1.5707963267948966
-0.917393394839651,1.5707963267948966
-0.9145993128492702,-1.5707963267948966
-0.9145993128492702,1.5707963267948966
-0.9118032255729047,-1.5707963267948966
-0.9118032255729047,1.5707963267948966
-0.909005118480974,-1.5707963267948966
-0.909005118480974,1.5707963267948966
-0.9062049769279931,-1.5707963267948966
-0.9062049769279931,1.5707963267948966
-0.9034027861510417,-1.5707963267948966
-0.9034027861510417,1.5707963267948966
-0.9005985312682072,-1.5707963267948966
-0.9005985312682072,1.5707963267948966
-0.8977921972767692,-1.5707963267948966
-0.8977921972767692,1.5707963267948966
-0.8949837690516974,-1.5707963267948966
-0.8949837690516974,1.5707963267948966
-0.8921732313443481,-1.5707963267948966
-0.8921732313443481,1.5707963267948966
-0.889360568780216,-1.5707963267948966
-0.889360568780216,1.5707963267948966
-0.8865457658572026,-1.5707963267948966
-0.8865457658572026,1.5707963267948966
-0.8837288069443043,-1.5707963267948966
-0.8837288069443043,1.5707963267948966
-0.88090967627955,-1.5707963267948966
-0.88090967627955,1.5707963267948966
-0.8780883579679875,-1.5707963267948966
-0.8780883579679875,1.5707963267948966
-0.8752648359801131,-1.5707963267948966
-0.8752648359801131,1.5707963267948966
-0.8724390941499923,-1.5707963267948966
-0.8724390941499923,1.5707963267948966
-0.8696111161731729,-1.5707963267948966
-0.8696111161731729,1.5707963267948966
-0.8667808856048409,-1.5707963267948966
-0.8667808856048409,1.5707963267948966
-0.8639483858575333,-1.5707963267948966
-0.8639483858575333,1.5707963267948966
-0.8611136001998513,-1.5707963267948966
-0.8611136001998513,1.5707963267948966
-0.858276511753598,-1.5707963267948966
-0.858276511753598,1.5707963267948966
-0.8554371034917716,-1.5707963267948966
-0.8554371034917716,1.5707963267948966
-0.8525953582372572,-1.5707963267948966
-0.8525953582372572,1.5707963267948966
-0.8497512586592929,-1.5707963267948966
-0.8497512586592929,1.5707963267948966
-0.8469047872727749,-1.5707963267948966
-0.8469047872727749,1.5707963267948966
-0.84405592643486,-1.5707963267948966
-0.84405592643486,1.5707963267948966
-0.8412046583427105,-1.5707963267948966
-0.8412046583427105,1.5707963267948966
-0.8383509650319346,-1.5707963267948966
-0.8383509650319346,1.5707963267948966
-0.8354948283736539,-1.5707963267948966
-0.8354948283736539,1.5707963267948966
-0.8326362300720274,-1.5707963267948966
-0.8326362300720274,1.5707963267948966
-0.829775151661784,-1.5707963267948966
-0.829775151661784,1.5707963267948966
-0.8269115745062993,-1.5707963267948966
-0.8269115745062993,1.5707963267948966
-0.8240454797941252,-1.5707963267948966
-0.8240454797941252,1.5707963267948966
-0.8211768485367231,-1.5707963267948966
-0.8211768485367231,1.5707963267948966
-0.8183056615663876,-1.5707963267948966
-0.8183056615663876,1.5707963267948966
-0.8154318995322923,-1.5707963267948966
-0.8154318995322923,1.5707963267948966
-0.8125555428988753,-1.5707963267948966
-0.8125555428988753,1.5707963267948966
-0.8096765719422377,-1.5707963267948966
-0.8096765719422377,1.5707963267948966
-0.8067949667477189,-1.5707963267948966
-0.8067949667477189,1.5707963267948966
-0.8039107072070701,-1.5707963267948966
-0.8039107072070701,1.5707963267948966
-0.8010237730146149,-1.5707963267948966
-0.8010237730146149,1.5707963267948966
-0.7981341436652534,-1.5707963267948966
-0.7981341436652534,1.5707963267948966
-0.7952417984507375,-1.5707963267948966
-0.7952417984507375,1.5707963267948966
-0.7923467164564252,-1.5707963267948966
-0.7923467164564252,1.5707963267948966
-0.7894488765583425,-1.5707963267948966
-0.7894488765583425,1.5707963267948966
-0.7865482574194846,-1.5707963267948966
-0.7865482574194846,1.5707963267948966
-0.7836448374870879,-1.5707963267948966
-0.7836448374870879,1.5707963267948966
-0.7807385949884215,-1.5707963267948966
-0.7807385949884215,1.5707963267948966
-0.7778295079277193,-1.5707963267948966
-0.7778295079277193,1.5707963267948966
-0.7749175540826173,-1.5707963267948966
-0.7749175540826173,1.5707963267948966
-0.7720027110001303,-1.5707963267948966
-0.7720027110001303,1.5707963267948966
-0.7690849559935272,-1.5707963267948966
-0.7690849559935272,1.5707963267948966
-0.7661642661377014,-1.5707963267948966
-0.7661642661377014,1.5707963267948966
-0.7632406182656933,-1.5707963267948966
-0.7632406182656933,1.5707963267948966
-0.760313988964962,-1.5707963267948966
-0.760313988964962,1.5707963267948966
-0.7573843545730152,-1.5707963267948966
-0.7573843545730152,1.5707963267948966
-0.75445169117265,-1.5707963267948966
-0.75445169117265,1.5707963267948966
-0.7515159745890673,-1.5707963267948966
-0.7515159745890673,1.5707963267948966
-0.7485771803845759,-1.5707963267948966
-0.7485771803845759,1.5707963267948966
-0.745635283854465,-1.5707963267948966
-0.745635283854465,1.5707963267948966
-0.7426902600216647,-1.5707963267948966
-0.7426902600216647,1.5707963267948966
-0.7397420836337977,-1.5707963267948966
-0.7397420836337977,1.5707963267948966
-0.7367907291571795,-1.5707963267948966
-0.7367907291571795,1.5707963267948966
-0.7338361707717271,-1.5707963267948966
-0.7338361707717271,1.5707963267948966
-0.7308783823674555,-1.5707963267948966
-0.7308783823674555,1.5707963267948966
-0.7279173375377314,-1.5707963267948966
-0.7279173375377314,1.5707963267948966
-0.7249530095752581,-1.5707963267948966
-0.7249530095752581,1.5707963267948966
-0.7219853714664887,-1.5707963267948966
-0.7219853714664887,1.5707963267948966
-0.7190143958861663,-1.5707963267948966
-0.7190143958861663,1.5707963267948966
-0.7160400551912613,-1.5707963267948966
-0.7160400551912613,1.5707963267948966
-0.7130623214165176,-1.5707963267948966
-0.7130623214165176,1.5707963267948966
-0.7100811662676879,-1.5707963267948966
-0.7100811662676879,1.5707963267948966
-0.7070965611154477,-1.5707963267948966
-0.7070965611154477,1.5707963267948966
-0.7041084769905311,-1.5707963267948966
-0.7041084769905311,1.5707963267948966
-0.7011168845761834,-1.5707963267948966
-0.7011168845761834,1.5707963267948966
-0.698121754202617,-1.5707963267948966
-0.698121754202617,1.5707963267948966
-0.6951230558399217,-1.5707963267948966
-0.6951230558399217,1.5707963267948966
-0.6921207590923245,-1.5707963267948966
-0.6921207590923245,1.5707963267948966
-0.6891148331902256,-1.5707963267948966
-0.6891148331902256,1.5707963267948966
-0.6861052469840021,-1.5707963267948966
-0.6861052469840021,1.5707963267948966
-0.6830919689363979,-1.5707963267948966
-0.6830919689363979,1.5707963267948966
-0.680074967115642,-1.5707963267948966
-0.680074967115642,1.5707963267948966
-0.677054209187308,-1.5707963267948966
-0.677054209187308,1.5707963267948966
-0.6740296624072584,-1.5707963267948966
-0.6740296624072584,1.5707963267948966
-0.6710012936134058,-1.5707963267948966
-0.6710012936134058,1.5707963267948966
-0.6679690692172934,-1.5707963267948966
-0.6679690692172934,1.5707963267948966
-0.664932955196325,-1.5707963267948966
-0.664932955196325,1.5707963267948966
-0.6618929170855192,-1.5707963267948966
-0.6618929170855192,1.5707963267948966
-0.6588489199678408,-1.5707963267948966
-0.6588489199678408,1.5707963267948966
-0.6558009284659158,-1.5707963267948966
-0.6558009284659158,1.5707963267948966
-0.652748906732484,-1.5707963267948966
-0.652748906732484,1.5707963267948966
-0.6496928184411102,-1.5707963267948966
-0.6496928184411102,1.5707963267948966
-0.6466326267765665,-1.5707963267948966
-0.6466326267765665,1.5707963267948966
-0.6435682944250768,-1.5707963267948966
-0.6435682944250768,1.5707963267948966
-0.6404997835636478,-1.5707963267948966
-0.6404997835636478,1.5707963267948966
-0.6374270558500554,-1.5707963267948966
-0.6374270558500554,1.5707963267948966
-0.6343500724117002,-1.5707963267948966
-0.6343500724117002,1.5707963267948966
-0.6312687938348701,-1.5707963267948966
-0.6312687938348701,1.5707963267948966
-0.6281831801530094,-1.5707963267948966
-0.6281831801530094,1.5707963267948966
-0.6250931908360758,-1.5707963267948966
-0.6250931908360758,1.5707963267948966
-0.6219987847768369,-1.5707963267948966
-0.6219987847768369,1.5707963267948966
-0.6188999202799634,-1.5707963267948966
-0.6188999202799634,1.5707963267948966
-0.6157965550490464,-1.5707963267948966
-0.6157965550490464,1.5707963267948966
-0.6126886461730701,-1.5707963267948966
-0.6126886461730701,1.5707963267948966
-0.6095761501137932,-1.5707963267948966
-0.6095761501137932,1.5707963267948966
-0.6064590226918362,-1.5707963267948966
-0.6064590226918362,1.5707963267948966
-0.6033372190719247,-1.5707963267948966
-0.6033372190719247,1.5707963267948966
-0.60021069374859,-1.5707963267948966
-0.60021069374859,1.5707963267948966
-0.5970794005316419,-1.5707963267948966
-0.5970794005316419,1.5707963267948966
-0.5939432925300232,-1.5707963267948966
-0.5939432925300232,1.5707963267948966
-0.5908023221361995,-1.5707963267948966
-0.5908023221361995,1.5707963267948966
-0.5876564410104231,-1.5707963267948966
-0.5876564410104231,1.5707963267948966
-0.5845056000630748,-1.5707963267948966
-0.5845056000630748,1.5707963267948966
-0.5813497494371707,-1.5707963267948966
-0.5813497494371707,1.5707963267948966
-0.5781888384911644,-1.5707963267948966
-0.5781888384911644,1.5707963267948966
-0.5750228157800068,-1.5707963267948966
-0.5750228157800068,1.5707963267948966
-0.571851629036287,-1.5707963267948966
-0.571851629036287,1.5707963267948966
-0.5686752251510515,-1.5707963267948966
-0.5686752251510515,1.5707963267948966
-0.5654935501523811,-1.5707963267948966
-0.5654935501523811,1.5707963267948966
-0.5623065491860286,-1.5707963267948966
-0.5623065491860286,1.5707963267948966
-0.559114166492847,-1.5707963267948966
-0.559114166492847,1.5707963267948966
-0.5559163453871218,-1.5707963267948966
-0.5559163453871218,1.5707963267948966
-0.5527130282331488,-1.5707963267948966
-0.5527130282331488,1.5707963267948966
-0.5495041564222278,-1.5707963267948966
-0.5495041564222278,1.5707963267948966
-0.5462896703476114,-1.5707963267948966
-0.5462896703476114,1.5707963267948966
-0.5430695093797112,-1.5707963267948966
-0.5430695093797112,1.5707963267948966
-0.5398436118396874,-1.5707963267948966
-0.5398436118396874,1.5707963267948966
-0.5366119149725759,-1.5707963267948966
-0.5366119149725759,1.5707963267948966
-0.5333743549194055,-1.5707963267948966
-0.5333743549194055,1.5707963267948966
-0.5301308666883101,-1.5707963267948966
-0.5301308666883101,1.5707963267948966
-0.5268813841249077,-1.5707963267948966
-0.5268813841249077,1.5707963267948966
-0.5236258398814604,-1.5707963267948966
-0.5236258398814604,1.5707963267948966
-0.5203641653844847,-1.5707963267948966
-0.5203641653844847,1.5707963267948966
-0.517096290802019,-1.5707963267948966
-0.517096290802019,1.5707963267948966
-0.5138221450094571,-1.5707963267948966
-0.5138221450094571,1.5707963267948966
-0.5105416555540191,-1.5707963267948966
-0.5105416555540191,1.5707963267948966
-0.5072547486180322,-1.5707963267948966
-0.5072547486180322,1.5707963267948966
-0.50396134898085,-1.5707963267948966
-0.50396134898085,1.5707963267948966
-0.5006613799791811,-1.5707963267948966
-0.5006613799791811,1.5707963267948966
-0.49735476346634844,-1.5707963267948966
-0.49735476346634844,1.5707963267948966
-0.49404141976970145,-1.5707963267948966
-0.49404141976970145,1.5707963267948966
-0.49072126764677193,-1.5707963267948966
-0.49072126764677193,1.5707963267948966
-0.4873942242391842,-1.5707963267948966
-0.4873942242391842,1.5707963267948966
-0.4840602050253874,-1.5707963267948966
-0.4840602050253874,1.5707963267948966
-0.4807191237712551,-1.5707963267948966
-0.4807191237712551,1.5707963267948966
-0.47737089247840664,-1.5707963267948966
-0.47737089247840664,1.5707963267948966
-0.47401542133164454,-1.5707963267948966
-0.47401542133164454,1.5707963267948966
-0.4706526186431196,-1.5707963267948966
-0.4706526186431196,1.5707963267948966
-0.467282390794414,-1.5707963267948966
-0.467282390794414,1.5707963267948966
-0.46390464217670513,-1.5707963267948966
-0.46390464217670513,1.5707963267948966
-0.46051927512867064,-1.5707963267948966
-0.46051927512867064,1.5707963267948966
-0.45712618987087167,-1.5707963267948966
-0.45712618987087167,1.5707963267948966
-0.45372528443811017,-1.5707963267948966
-0.45372528443811017,1.5707963267948966
-0.45031645460898084,-1.5707963267948966
-0.45031645460898084,1.5707963267948966
-0.4468995938321728,-1.5707963267948966
-0.4468995938321728,1.5707963267948966
-0.44347459314932286,-1.5707963267948966
-0.44347459314932286,1.5707963267948966
-0.44004134111499366,-1.5707963267948966
-0.44004134111499366,1.5707963267948966
-0.43659972371337435,-1.5707963267948966
-0.43659972371337435,1.5707963267948966
-0.43314962427006537,-1.5707963267948966
-0.43314962427006537,1.5707963267948966
-0.42969092336146497,-1.5707963267948966
-0.42969092336146497,1.5707963267948966
-0.4262234987183379,-1.5707963267948966
-0.4262234987183379,1.5707963267948966
-0.42274722512711976,-1.5707963267948966
-0.42274722512711976,1.5707963267948966
-0.41926197432415585,-1.5707963267948966
-0.41926197432415585,1.5707963267948966
-0.41576761488713254,-1.5707963267948966
-0.41576761488713254,1.5707963267948966
-0.412264012120077,-1.5707963267948966
-0.412264012120077,1.5707963267948966
-0.40875102793296353,-1.5707963267948966
-0.40875102793296353,1.5707963267948966
-0.40522852071628673,-1.5707963267948966
-0.40522852071628673,1.5707963267948966
-0.40169634520862085,-1.5707963267948966
-0.40169634520862085,1.5707963267948966
-0.3981543523577441,-1.5707963267948966
-0.3981543523577441,1.5707963267948966
-0.39460238917524443,-1.5707963267948966
-0.39460238917524443,1.5707963267948966
-0.39104029858311473,-1.5707963267948966
-0.39104029858311473,1.5707963267948966
-0.3874679192529732,-1.5707963267948966
-0.3874679192529732,1.5707963267948966
-0.38388508543664646,-1.5707963267948966
-0.38388508543664646,1.5707963267948966
-0.3802916267877035,-1.5707963267948966
-0.3802916267877035,1.5707963267948966
-0.37668736817377807,-1.5707963267948966
-0.37668736817377807,1.5707963267948966
-0.3730721294786699,-1.5707963267948966
-0.3730721294786699,1.5707963267948966
-0.3694457253929389,-1.5707963267948966
-0.3694457253929389,1.5707963267948966
-0.3658079651940915,-1.5707963267948966
-0.3658079651940915,1.5707963267948966
-0.36215865251321316,-1.5707963267948966
-0.36215865251321316,1.5707963267948966
-0.3584975850891598,-1.5707963267948966
-0.3584975850891598,1.5707963267948966
-0.35482455450831746,-1.5707963267948966
-0.35482455450831746,1.5707963267948966
-0.35113934592838725,-1.5707963267948966
-0.35113934592838725,1.5707963267948966
-0.3474417377868377,-1.5707963267948966
-0.3474417377868377,1.5707963267948966
-0.34373150149139636,-1.5707963267948966
-0.34373150149139636,1.5707963267948966
-0.34000840109114316,-1.5707963267948966
-0.34000840109114316,1.5707963267948966
-0.33627219292800953,-1.5707963267948966
-0.33627219292800953,1.5707963267948966
-0.33252262526592813,-1.5707963267948966
-0.33252262526592813,1.5707963267948966
-0.32875943789578077,-1.5707963267948966
-0.32875943789578077,1.5707963267948966
-0.3249823617161423,-1.5707963267948966
-0.3249823617161423,1.5707963267948966
-0.321191118284935,-1.5707963267948966
-0.321191118284935,1.5707963267948966
-0.31738541934162806,-1.5707963267948966
-0.31738541934162806,1.5707963267948966
-0.3135649662974646,-1.5707963267948966
-0.3135649662974646,1.5707963267948966
-0.30972944968946226,-1.5707963267948966
-0.30972944968946226,1.5707963267948966
-0.30587854859741387,-1.5707963267948966
-0.30587854859741387,1.5707963267948966
-0.3020119300178276,-1.5707963267948966
-0.3020119300178276,1.5707963267948966
-0.29812924819350073,-1.5707963267948966
-0.29812924819350073,1.5707963267948966
-0.2942301438924859,-1.5707963267948966
-0.2942301438924859,1.5707963267948966
-0.29031424363428737,-1.5707963267948966
-0.29031424363428737,1.5707963267948966
-0.28638115885589327,-1.5707963267948966
-0.28638115885589327,1.5707963267948966
-0.2824304850126192,-1.5707963267948966
-0.2824304850126192,1.5707963267948966
-0.278461800607785,-1.5707963267948966
-0.278461800607785,1.5707963267948966
-0.27447466614438226,-1.5707963267948966
-0.27447466614438226,1.5707963267948966
-0.2704686229895901,-1.5707963267948966
-0.2704686229895901,1.5707963267948966
-0.266443192144393,-1.5707963267948966
-0.266443192144393,1.5707963267948966
-0.2623978729067244,-1.5707963267948966
-0.2623978729067244,1.5707963267948966
-0.2583321414183509,-1.5707963267948966
-0.2583321414183509,1.5707963267948966
-0.25424544908136576,-1.5707963267948966
-0.25424544908136576,1.5707963267948966
-0.2501372208297829,-1.5707963267948966
-0.2501372208297829,1.5707963267948966
-0.24600685324066912,-1.5707963267948966
-0.24600685324066912,1.5707963267948966
-0.24185371246394455,-1.5707963267948966
-0.24185371246394455,1.5707963267948966
-0.23767713195053414,-1.5707963267948966
-0.23767713195053414,1.5707963267948966
-0.2334764099529197,-1.5707963267948966
-0.2334764099529197,1.5707963267948966
-0.22925080677073217,-1.5707963267948966
-0.22925080677073217,1.5707963267948966
-0.22499954170632677,-1.5707963267948966
-0.22499954170632677,1.5707963267948966
-0.22072178969367723,-1.5707963267948966
-0.22072178969367723,1.5707963267948966
-0.21641667755483732,-1.5707963267948966
-0.21641667755483732,1.5707963267948966
-0.21208327983219222,-1.5707963267948966
-0.21208327983219222,1.5707963267948966
-0.2077206141360005,-1.5707963267948966
-0.2077206141360005,1.5707963267948966
-0.20332763593511183,-1.5707963267948966
-0.20332763593511183,1.5707963267948966
-0.19890323270539773,-1.5707963267948966
-0.19890323270539773,1.5707963267948966
-0.19444621733685388,-1.5707963267948966
-0.19444621733685388,1.5707963267948966
-0.18995532067827256,-1.5707963267948966
-0.18995532067827256,1.5707963267948966
-0.18542918307654788,-1.5707963267948966
-0.18542918307654788,1.5707963267948966
-0.18086634473733504,-1.5707963267948966
-0.18086634473733504,1.5707963267948966
-0.17626523469702068,-1.5707963267948966
-0.17626523469702068,1.5707963267948966
-0.17162415815088813,-1.5707963267948966
-0.17162415815088813,1.5707963267948966
-0.16694128182291962,-1.5707963267948966
-0.16694128182291962,1.5707963267948966
-0.1622146169898049,-1.5707963267948966
-0.1622146169898049,1.5707963267948966
-0.15744199967631897,-1.5707963267948966
-0.15744199967631897,1.5707963267948966
-0.1526210674155132,-1.5707963267948966
-0.1526210674155132,1.5707963267948966
-0.14774923180619381,-1.5707963267948966
-0.14774923180619381,1.5707963267948966
-0.14282364588772364,-1.5707963267948966
-0.14282364588772364,1.5707963267948966
-0.13784116506560878,-1.5707963267948966
-0.13784116506560878,1.5707963267948966
-0.1327982999369637,-1.5707963267948966
-0.1327982999369637,1.5707963267948966
-0.12769115883400187,-1.5707963267948966
-0.12769115883400187,1.5707963267948966
-0.12251537716630642,-1.5707963267948966
-0.12251537716630642,1.5707963267948966
-0.11726602960319829,-1.5707963267948966
-0.11726602960319829,1.5707963267948966
-0.11193751962932197,-1.5707963267948966
-0.11193751962932197,1.5707963267948966
-0.10652343881086235,-1.5707963267948966
-0.10652343881086235,1.5707963267948966
-0.10101638479430151,-1.5707963267948966
-0.10101638479430151,1.5707963267948966
-0.0954077219793925,-1.5707963267948966
-0.0954077219793925,1.5707963267948966
-0.08968726076465276,-1.5707963267948966
-0.08968726076465276,1.5707963267948966
-0.08384281814516273,-1.5707963267948966
-0.08384281814516273,1.5707963267948966
-0.07785960024593741,-1.5707963267948966
-0.07785960024593741,1.5707963267948966
-0.07171930818703624,-1.5707963267948966
-0.07171930818703624,1.5707963267948966
-0.06539879594576734,-1.5707963267948966
-0.06539879594576734,1.5707963267948966
-0.05886796551859891,-1.5707963267948966
-0.05886796551859891,1.5707963267948966
-0.05208628041527678,-1.5707963267948966
-0.05208628041527678,1.5707963267948966
-0.04499656971822239,-1.5707963267948966
-0.04499656971822239,1.5707963267948966
-0.03751292983406924,-1.5707963267948966
-0.03751292983406924,1.5707963267948966
-0.029493725827689485,-1.5707963267948966
-0.029493725827689485,1.5707963267948966
-0.02066744747629305,-1.5707963267948966
-0.02066744747629305,1.5707963267948966
-0.010333661666413368,-1.5707963267948966
-0.010333661666413368,1.5707963267948966
0.010333661666391906,-1.5707963267948966
0.010333661666391906,1.5707963267948966
0.02066744747625172,-1.5707963267948966
0.02066744747625172,1.5707963267948966
0.029493725827592167,-1.5707963267948966
0.029493725827592167,1.5707963267948966
0.037512929833942936,-1.5707963267948966
0.037512929833942936,1.5707963267948966
0.04499656971806001,-1.5707963267948966
0.04499656971806001,1.5707963267948966
0.05208628041513501,-1.5707963267948966
0.05208628041513501,1.5707963267948966
0.058867965518493756,-1.5707963267948966
0.058867965518493756,1.5707963267948966
0.06539879594566116,-1.5707963267948966
0.06539879594566116,1.5707963267948966
0.07171930818690321,-1.5707963267948966
0.07171930818690321,1.5707963267948966
0.0778596002459255,-1.5707963267948966
0.0778596002459255,1.5707963267948966
0.08384281814512008,-1.5707963267948966
0.08384281814512008,1.5707963267948966
0.08968726076460287,-1.5707963267948966
0.08968726076460287,1.5707963267948966
0.09540772197931686,-1.5707963267948966
0.09540772197931686,1.5707963267948966
0.10101638479427057,-1.5707963267948966
0.10101638479427057,1.5707963267948966
0.10652343881082206,-1.5707963267948966
0.10652343881082206,1.5707963267948966
0.11193751962927212,-1.5707963267948966
0.11193751962927212,1.5707963267948966
0.11726602960308957,-1.5707963267948966
0.11726602960308957,1.5707963267948966
0.12251537716617933,-1.5707963267948966
0.12251537716617933,1.5707963267948966
0.12769115883378437,-1.5707963267948966
0.12769115883378437,1.5707963267948966
0.1327982999369301,-1.5707963267948966
0.1327982999369301,1.5707963267948966
0.13784116506538638,-1.5707963267948966
0.13784116506538638,1.5707963267948966
0.14282364588752627,-1.5707963267948966
0.14282364588752627,1.5707963267948966
0.14774923180601018,-1.5707963267948966
0.14774923180601018,1.5707963267948966
0.152621067415304,-1.5707963267948966
0.152621067415304,1.5707963267948966
0.15744199967607214,-1.5707963267948966
0.15744199967607214,1.5707963267948966
0.16221461698945933,-1.5707963267948966
0.16221461698945933,1.5707963267948966
0.16694128182261186,-1.5707963267948966
0.16694128182261186,1.5707963267948966
0.17162415815059223,-1.5707963267948966
0.17162415815059223,1.5707963267948966
0.17626523469669128,-1.5707963267948966
0.17626523469669128,1.5707963267948966
0.18086634473690957,-1.5707963267948966
0.18086634473690957,1.5707963267948966
0.1854291830760256,-1.5707963267948966
0.1854291830760256,1.5707963267948966
0.18995532067784585,-1.5707963267948966
0.18995532067784585,1.5707963267948966
0.19444621733645298,-1.5707963267948966
0.19444621733645298,1.5707963267948966
0.19890323270509921,-1.5707963267948966
0.19890323270509921,1.5707963267948966
0.20332763593481304,-1.5707963267948966
0.20332763593481304,1.5707963267948966
0.20772061413557855,-1.5707963267948966
0.20772061413557855,1.5707963267948966
0.21208327983169042,-1.5707963267948966
0.21208327983169042,1.5707963267948966
0.21641667755443106,-1.5707963267948966
0.21641667755443106,1.5707963267948966
0.22072178969333842,-1.5707963267948966
0.22072178969333842,1.5707963267948966
0.22499954170598901,-1.5707963267948966
0.22499954170598901,1.5707963267948966
0.22925080677036688,-1.5707963267948966
0.22925080677036688,1.5707963267948966
0.23347640995255495,-1.5707963267948966
0.23347640995255495,1.5707963267948966
0.23767713195013168,-1.5707963267948966
0.23767713195013168,1.5707963267948966
0.2418537124635679,-1.5707963267948966
0.2418537124635679,1.5707963267948966
0.24600685324025703,-1.5707963267948966
0.24600685324025703,1.5707963267948966
0.2501372208293259,-1.5707963267948966
0.2501372208293259,1.5707963267948966
0.2542454490808394,-1.5707963267948966
0.2542454490808394,1.5707963267948966
0.2583321414178923,-1.5707963267948966
0.2583321414178923,1.5707963267948966
0.26239787290610617,-1.5707963267948966
0.26239787290610617,1.5707963267948966
0.26644319214371387,-1.5707963267948966
0.26644319214371387,1.5707963267948966
0.27046862298894614,-1.5707963267948966
0.27046862298894614,1.5707963267948966
0.27447466614375676,-1.5707963267948966
0.27447466614375676,1.5707963267948966
0.27846180060734005,-1.5707963267948966
0.27846180060734005,1.5707963267948966
0.2824304850121758,-1.5707963267948966
0.2824304850121758,1.5707963267948966
0.286381158855565,-1.5707963267948966
0.286381158855565,1.5707963267948966
0.29031424363391933,-1.5707963267948966
0.29031424363391933,1.5707963267948966
0.29423014389193675,-1.5707963267948966
0.29423014389193675,1.5707963267948966
0.2981292481930544,-1.5707963267948966
0.2981292481930544,1.5707963267948966
0.30201193001753385,-1.5707963267948966
0.30201193001753385,1.5707963267948966
0.30587854859710933,-1.5707963267948966
0.30587854859710933,1.5707963267948966
0.30972944968903,-1.5707963267948966
0.30972944968903,1.5707963267948966
0.3135649662967728,-1.5707963267948966
0.3135649662967728,1.5707963267948966
0.31738541934094366,-1.5707963267948966
0.31738541934094366,1.5707963267948966
0.32119111828427444,-1.5707963267948966
0.32119111828427444,1.5707963267948966
0.32498236171534417,-1.5707963267948966
0.32498236171534417,1.5707963267948966
0.3287594378948762,-1.5707963267948966
0.3287594378948762,1.5707963267948966
0.3325226252648433,-1.5707963267948966
0.3325226252648433,1.5707963267948966
0.33627219292691063,-1.5707963267948966
0.33627219292691063,1.5707963267948966
0.34000840109001323,-1.5707963267948966
0.34000840109001323,1.5707963267948966
0.3437315014902342,-1.5707963267948966
0.3437315014902342,1.5707963267948966
0.3474417377855885,-1.5707963267948966
0.3474417377855885,1.5707963267948966
0.3511393459272512,-1.5707963267948966
0.3511393459272512,1.5707963267948966
0.35482455450723355,-1.5707963267948966
0.35482455450723355,1.5707963267948966
0.35849758508803115,-1.5707963267948966
0.35849758508803115,1.5707963267948966
0.3621586525119321,-1.5707963267948966
0.3621586525119321,1.5707963267948966
0.365807965192878,-1.5707963267948966
0.365807965192878,1.5707963267948966
0.36944572539166287,-1.5707963267948966
0.36944572539166287,1.5707963267948966
0.37307212947749674,-1.5707963267948966
0.37307212947749674,1.5707963267948966
0.3766873681726547,-1.5707963267948966
0.3766873681726547,1.5707963267948966
0.38029162678653544,-1.5707963267948966
0.38029162678653544,1.5707963267948966
0.38388508543533983,-1.5707963267948966
0.38388508543533983,1.5707963267948966
0.38746791925166735,-1.5707963267948966
0.38746791925166735,1.5707963267948966
0.39104029858178163,-1.5707963267948966
0.39104029858178163,1.5707963267948966
0.39460238917397217,-1.5707963267948966
0.39460238917397217,1.5707963267948966
0.3981543523566084,-1.5707963267948966
0.3981543523566084,1.5707963267948966
0.4016963452075038,-1.5707963267948966
0.4016963452075038,1.5707963267948966
0.40522852071521376,-1.5707963267948966
0.40522852071521376,1.5707963267948966
0.40875102793183404,-1.5707963267948966
0.40875102793183404,1.5707963267948966
0.41226401211889224,-1.5707963267948966
0.41226401211889224,1.5707963267948966
0.41576761488611996,-1.5707963267948966
0.41576761488611996,1.5707963267948966
0.41926197432322015,-1.5707963267948966
0.41926197432322015,1.5707963267948966
0.4227472251260602,-1.5707963267948966
0.4227472251260602,1.5707963267948966
0.4262234987172981,-1.5707963267948966
0.4262234987172981,1.5707963267948966
0.4296909233602864,-1.5707963267948966
0.4296909233602864,1.5707963267948966
0.43314962426902126,-1.5707963267948966
0.43314962426902126,1.5707963267948966
0.43659972371228484,-1.5707963267948966
0.43659972371228484,1.5707963267948966
0.4400413411140042,-1.5707963267948966
0.4400413411140042,1.5707963267948966
0.4434745931482683,-1.5707963267948966
0.4434745931482683,1.5707963267948966
0.44689959383127303,-1.5707963267948966
0.44689959383127303,1.5707963267948966
0.45031645460827713,-1.5707963267948966
0.45031645460827713,1.5707963267948966
0.45372528443744803,-1.5707963267948966
0.45372528443744803,1.5707963267948966
0.4571261898702759,-1.5707963267948966
0.4571261898702759,1.5707963267948966
0.4605192751280794,-1.5707963267948966
0.4605192751280794,1.5707963267948966
0.46390464217616645,-1.5707963267948966
0.46390464217616645,1.5707963267948966
0.46728239079390166,-1.5707963267948966
0.46728239079390166,1.5707963267948966
0.4706526186426594,-1.5707963267948966
0.4706526186426594,1.5707963267948966
0.474015421331145,-1.5707963267948966
0.474015421331145,1.5707963267948966
0.47737089247776726,-1.5707963267948966
0.47737089247776726,1.5707963267948966
0.4807191237705471,-1.5707963267948966
0.4807191237705471,1.5707963267948966
0.48406020502477,-1.5707963267948966
0.48406020502477,1.5707963267948966
0.48739422423848683,-1.5707963267948966
0.48739422423848683,1.5707963267948966
0.49072126764609253,-1.5707963267948966
0.49072126764609253,1.5707963267948966
0.4940414197689856,-1.5707963267948966
0.4940414197689856,1.5707963267948966
0.4973547634656743,-1.5707963267948966
0.4973547634656743,1.5707963267948966
0.5006613799785188,-1.5707963267948966
0.5006613799785188,1.5707963267948966
0.5039613489802285,-1.5707963267948966
0.5039613489802285,1.5707963267948966
0.5072547486172727,-1.5707963267948966
0.5072547486172727,1.5707963267948966
0.510541655553187,-1.5707963267948966
0.510541655553187,1.5707963267948966
0.5138221450084819,-1.5707963267948966
0.5138221450084819,1.5707963267948966
0.5170962908010736,-1.5707963267948966
0.5170962908010736,1.5707963267948966
0.5203641653835742,-1.5707963267948966
0.5203641653835742,1.5707963267948966
0.5236258398807436,-1.5707963267948966
0.5236258398807436,1.5707963267948966
0.5268813841243141,-1.5707963267948966
0.5268813841243141,1.5707963267948966
0.5301308666876697,-1.5707963267948966
0.5301308666876697,1.5707963267948966
0.5333743549185758,-1.5707963267948966
0.5333743549185758,1.5707963267948966
0.5366119149717031,-1.5707963267948966
0.5366119149717031,1.5707963267948966
0.539843611838827,-1.5707963267948966
0.539843611838827,1.5707963267948966
0.54306950937873,-1.5707963267948966
0.54306950937873,1.5707963267948966
0.5462896703465974,-1.5707963267948966
0.5462896703465974,1.5707963267948966
0.5495041564212229,-1.5707963267948966
0.5495041564212229,1.5707963267948966
0.5527130282320547,-1.5707963267948966
0.5527130282320547,1.5707963267948966
0.5559163453858803,-1.5707963267948966
0.5559163453858803,1.5707963267948966
0.5591141664915916,-1.5707963267948966
0.5591141664915916,1.5707963267948966
0.5623065491847581,-1.5707963267948966
0.5623065491847581,1.5707963267948966
0.5654935501510007,-1.5707963267948966
0.5654935501510007,1.5707963267948966
0.5686752251496205,-1.5707963267948966
0.5686752251496205,1.5707963267948966
0.5718516290350251,-1.5707963267948966
0.5718516290350251,1.5707963267948966
0.575022815778757,-1.5707963267948966
0.575022815778757,1.5707963267948966
0.5781888384900381,-1.5707963267948966
0.5781888384900381,1.5707963267948966
0.5813497494360178,-1.5707963267948966
0.5813497494360178,1.5707963267948966
0.5845056000619211,-1.5707963267948966
0.5845056000619211,1.5707963267948966
0.5876564410094302,-1.5707963267948966
0.5876564410094302,1.5707963267948966
0.590802322135039,-1.5707963267948966
0.590802322135039,1.5707963267948966
0.5939432925287271,-1.5707963267948966
0.5939432925287271,1.5707963267948966
0.5970794005304774,-1.5707963267948966
0.5970794005304774,1.5707963267948966
0.6002106937475251,-1.5707963267948966
0.6002106937475251,1.5707963267948966
0.603337219070905,-1.5707963267948966
0.603337219070905,1.5707963267948966
0.6064590226909131,-1.5707963267948966
0.6064590226909131,1.5707963267948966
0.6095761501129348,-1.5707963267948966
0.6095761501129348,1.5707963267948966
0.6126886461720541,-1.5707963267948966
0.6126886461720541,1.5707963267948966
0.6157965550480796,-1.5707963267948966
0.6157965550480796,1.5707963267948966
0.6188999202790493,-1.5707963267948966
0.6188999202790493,1.5707963267948966
0.6219987847761164,-1.5707963267948966
0.6219987847761164,1.5707963267948966
0.6250931908352063,-1.5707963267948966
0.6250931908352063,1.5707963267948966
0.6281831801522305,-1.5707963267948966
0.6281831801522305,1.5707963267948966
0.6312687938339712,-1.5707963267948966
0.6312687938339712,1.5707963267948966
0.634350072410658,-1.5707963267948966
0.634350072410658,1.5707963267948966
0.6374270558490484,-1.5707963267948966
0.6374270558490484,1.5707963267948966
0.6404997835625785,-1.5707963267948966
0.6404997835625785,1.5707963267948966
0.6435682944241292,-1.5707963267948966
0.6435682944241292,1.5707963267948966
0.646632626775423,-1.5707963267948966
0.646632626775423,1.5707963267948966
0.6496928184397829,-1.5707963267948966
0.6496928184397829,1.5707963267948966
0.6527489067312496,-1.5707963267948966
0.6527489067312496,1.5707963267948966
0.6558009284648323,-1.5707963267948966
0.6558009284648323,1.5707963267948966
0.6588489199668978,-1.5707963267948966
0.6588489199668978,1.5707963267948966
0.6618929170845047,-1.5707963267948966
0.6618929170845047,1.5707963267948966
0.6649329551952644,-1.5707963267948966
0.6649329551952644,1.5707963267948966
0.6679690692159331,-1.5707963267948966
0.6679690692159331,1.5707963267948966
0.6710012936122433,-1.5707963267948966
0.6710012936122433,1.5707963267948966
0.6740296624063649,-1.5707963267948966
0.6740296624063649,1.5707963267948966
0.6770542091863226,-1.5707963267948966
0.6770542091863226,1.5707963267948966
0.6800749671146243,-1.5707963267948966
0.6800749671146243,1.5707963267948966
0.6830919689354713,-1.5707963267948966
0.6830919689354713,1.5707963267948966
0.6861052469829193,-1.5707963267948966
0.6861052469829193,1.5707963267948966
0.6891148331891062,-1.5707963267948966
0.6891148331891062,1.5707963267948966
0.6921207590912702,-1.5707963267948966
0.6921207590912702,1.5707963267948966
0.6951230558389357,-1.5707963267948966
0.6951230558389357,1.5707963267948966
0.6981217542014702,-1.5707963267948966
0.6981217542014702,1.5707963267948966
0.701116884575116,-1.5707963267948966
0.701116884575116,1.5707963267948966
0.7041084769893972,-1.5707963267948966
0.7041084769893972,1.5707963267948966
0.7070965611142103,-1.5707963267948966
0.7070965611142103,1.5707963267948966
0.7100811662662814,-1.5707963267948966
0.7100811662662814,1.5707963267948966
0.7130623214152173,-1.5707963267948966
0.7130623214152173,1.5707963267948966
0.7160400551901253,-1.5707963267948966
0.7160400551901253,1.5707963267948966
0.7190143958850118,-1.5707963267948966
0.7190143958850118,1.5707963267948966
0.7219853714655585,-1.5707963267948966
0.7219853714655585,1.5707963267948966
0.7249530095742416,-1.5707963267948966
0.7249530095742416,1.5707963267948966
0.7279173375367644,-1.5707963267948966
0.7279173375367644,1.5707963267948966
0.7308783823665086,-1.5707963267948966
0.7308783823665086,1.5707963267948966
0.7338361707710379,-1.5707963267948966
0.7338361707710379,1.5707963267948966
0.7367907291564674,-1.5707963267948966
0.7367907291564674,1.5707963267948966
0.7397420836331703,-1.5707963267948966
0.7397420836331703,1.5707963267948966
0.7426902600211128,-1.5707963267948966
0.7426902600211128,1.5707963267948966
0.7456352838537067,-1.5707963267948966
0.7456352838537067,1.5707963267948966
0.7485771803840516,-1.5707963267948966
0.7485771803840516,1.5707963267948966
0.7515159745885246,-1.5707963267948966
0.7515159745885246,1.5707963267948966
0.754451691172124,-1.5707963267948966
0.754451691172124,1.5707963267948966
0.7573843545722986,-1.5707963267948966
0.7573843545722986,1.5707963267948966
0.7603139889643412,-1.5707963267948966
0.7603139889643412,1.5707963267948966
0.7632406182650201,-1.5707963267948966
0.7632406182650201,1.5707963267948966
0.7661642661368889,-1.5707963267948966
0.7661642661368889,1.5707963267948966
0.7690849559926602,-1.5707963267948966
0.7690849559926602,1.5707963267948966
0.7720027109993524,-1.5707963267948966
0.7720027109993524,1.5707963267948966
0.7749175540815856,-1.5707963267948966
0.7749175540815856,1.5707963267948966
0.7778295079265026,-1.5707963267948966
0.7778295079265026,1.5707963267948966
0.7807385949870838,-1.5707963267948966
0.7807385949870838,1.5707963267948966
0.7836448374858799,-1.5707963267948966
0.7836448374858799,1.5707963267948966
0.7865482574183685,-1.5707963267948966
0.7865482574183685,1.5707963267948966
0.7894488765572549,-1.5707963267948966
0.7894488765572549,1.5707963267948966
0.7923467164554916,-1.5707963267948966
0.7923467164554916,1.5707963267948966
0.7952417984498853,-1.5707963267948966
0.7952417984498853,1.5707963267948966
0.798134143664509,-1.5707963267948966
0.798134143664509,1.5707963267948966
0.8010237730139093,-1.5707963267948966
0.8010237730139093,1.5707963267948966
0.8039107072061757,-1.5707963267948966
0.8039107072061757,1.5707963267948966
0.8067949667468618,-1.5707963267948966
0.8067949667468618,1.5707963267948966
0.809676571941343,-1.5707963267948966
0.809676571941343,1.5707963267948966
0.8125555428980488,-1.5707963267948966
0.8125555428980488,1.5707963267948966
0.8154318995316739,-1.5707963267948966
0.8154318995316739,1.5707963267948966
0.8183056615658192,-1.5707963267948966
0.8183056615658192,1.5707963267948966
0.8211768485363778,-1.5707963267948966
0.8211768485363778,1.5707963267948966
0.8240454797937514,-1.5707963267948966
0.8240454797937514,1.5707963267948966
0.8269115745059148,-1.5707963267948966
0.8269115745059148,1.5707963267948966
0.8297751516613654,-1.5707963267948966
0.8297751516613654,1.5707963267948966
0.832636230071343,-1.5707963267948966
0.832636230071343,1.5707963267948966
0.8354948283729847,-1.5707963267948966
0.8354948283729847,1.5707963267948966
0.8383509650313159,-1.5707963267948966
0.8383509650313159,1.5707963267948966
0.8412046583420904,-1.5707963267948966
0.8412046583420904,1.5707963267948966
0.844055926434171,-1.5707963267948966
0.844055926434171,1.5707963267948966
0.846904787272271,-1.5707963267948966
0.846904787272271,1.5707963267948966
0.8497512586586,-1.5707963267948966
0.8497512586586,1.5707963267948966
0.8525953582364553,-1.5707963267948966
0.8525953582364553,1.5707963267948966
0.8554371034912008,-1.5707963267948966
0.8554371034912008,1.5707963267948966
0.8582765117530561,-1.5707963267948966
0.8582765117530561,1.5707963267948966
0.8611136001995487,-1.5707963267948966
0.8611136001995487,1.5707963267948966
0.8639483858573181,-1.5707963267948966
0.8639483858573181,1.5707963267948966
0.8667808856045489,-1.5707963267948966
0.8667808856045489,1.5707963267948966
0.8696111161731648,-1.5707963267948966
0.8696111161731648,1.5707963267948966
0.872439094150003,-1.5707963267948966
0.872439094150003,1.5707963267948966
0.8752648359800466,-1.5707963267948966
0.8752648359800466,1.5707963267948966
0.8780883579680009,-1.5707963267948966
0.8780883579680009,1.5707963267948966
0.8809096762794492,-1.5707963267948966
0.8809096762794492,1.5707963267948966
0.8837288069442593,-1.5707963267948966
0.8837288069442593,1.5707963267948966
0.886545765857069,-1.5707963267948966
0.886545765857069,1.5707963267948966
0.8893605687799294,-1.5707963267948966
0.8893605687799294,1.5707963267948966
0.8921732313440434,-1.5707963267948966
0.8921732313440434,1.5707963267948966
0.8949837690512423,-1.5707963267948966
0.8949837690512423,1.5707963267948966
0.8977921972761788,-1.5707963267948966
0.8977921972761788,1.5707963267948966
0.9005985312677278,-1.5707963267948966
0.9005985312677278,1.5707963267948966
0.9034027861506598,-1.5707963267948966
0.9034027861506598,1.5707963267948966
0.9062049769276967,-1.5707963267948966
0.9062049769276967,1.5707963267948966
0.9090051184807407,-1.5707963267948966
0.9090051184807407,1.5707963267948966
0.9118032255726151,-1.5707963267948966
0.9118032255726151,1.5707963267948966
0.9145993128487502,-1.5707963267948966
0.9145993128487502,1.5707963267948966
0.9173933948390625,-1.5707963267948966
0.9173933948390625,1.5707963267948966
0.9201854859584379,-1.5707963267948966
0.9201854859584379,1.5707963267948966
0.9229756005095483,-1.5707963267948966
0.9229756005095483,1.5707963267948966
0.9257637526834324,-1.5707963267948966
0.9257637526834324,1.5707963267948966
0.9285499565613681,-1.5707963267948966
0.9285499565613681,1.5707963267948966
0.9313342261160479,-1.5707963267948966
0.9313342261160479,1.5707963267948966
0.9341165752133205,-1.5707963267948966
0.9341165752133205,1.5707963267948966
0.9368970176134885,-1.5707963267948966
0.9368970176134885,1.5707963267948966
0.9396755669723061,-1.5707963267948966
0.9396755669723061,1.5707963267948966
0.9424522368429851,-1.5707963267948966
0.9424522368429851,1.5707963267948966
0.9452270406769024,-1.5707963267948966
0.9452270406769024,1.5707963267948966
0.9479999918254116,-1.5707963267948966
0.9479999918254116,1.5707963267948966
0.9507711035407244,-1.5707963267948966
0.9507711035407244,1.5707963267948966
0.9535403889775007,-1.5707963267948966
0.9535403889775007,1.5707963267948966
0.9563078611935958,-1.5707963267948966
0.9563078611935958,1.5707963267948966
0.9590735331521444,-1.5707963267948966
0.9590735331521444,1.5707963267948966
0.9618374177219507,-1.5707963267948966
0.9618374177219507,1.5707963267948966
0.9645995276790327,-1.5707963267948966
0.9645995276790327,1.5707963267948966
0.9673598757078643,-1.5707963267948966
0.9673598757078643,1.5707963267948966
0.9701184744023128,-1.5707963267948966
0.9701184744023128,1.5707963267948966
0.9728753362669568,-1.5707963267948966
0.9728753362669568,1.5707963267948966
0.9756304737180077,-1.5707963267948966
0.9756304737180077,1.5707963267948966
0.9783838990847473,-1.5707963267948966
0.9783838990847473,1.5707963267948966
0.9811356246103511,-1.5707963267948966
0.9811356246103511,1.5707963267948966
0.9838856624528972,-1.5707963267948966
0.9838856624528972,1.5707963267948966
0.9866340246865983,-1.5707963267948966
0.9866340246865983,1.5707963267948966
0.989380723302576,-1.5707963267948966
0.989380723302576,1.5707963267948966
0.9921257702104382,-1.5707963267948966
0.9921257702104382,1.5707963267948966
0.9948691772387518,-1.5707963267948966
0.9948691772387518,1.5707963267948966
0.997610956136144,-1.5707963267948966
0.997610956136144,1.5707963267948966
1.000351118572757,-1.5707963267948966
1.000351118572757,1.5707963267948966
1.0030896761402373,-1.5707963267948966
1.0030896761402373,1.5707963267948966
1.0058266403534097,-1.5707963267948966
1.0058266403534097,1.5707963267948966
1.0085620226513157,-1.5707963267948966
1.0085620226513157,1.5707963267948966
1.0112958343978384,-1.5707963267948966
1.0112958343978384,1.5707963267948966
1.0140280868823306,-1.5707963267948966
1.0140280868823306,1.5707963267948966
1.0167587913212528,-1.5707963267948966
1.0167587913212528,1.5707963267948966
1.0194879588582948,-1.5707963267948966
1.0194879588582948,1.5707963267948966
1.0222156005656453,-1.5707963267948966
1.0222156005656453,1.5707963267948966
1.0249417274449997,-1.5707963267948966
1.0249417274449997,1.5707963267948966
1.0276663504280514,-1.5707963267948966
1.0276663504280514,1.5707963267948966
1.0303894803775147,-1.5707963267948966
1.0303894803775147,1.5707963267948966
1.0331111280878031,-1.5707963267948966
1.0331111280878031,1.5707963267948966
1.0358313042861877,-1.5707963267948966
1.0358313042861877,1.5707963267948966
1.038550019633303,-1.5707963267948966
1.038550019633303,1.5707963267948966
1.0412672847237519,-1.5707963267948966
1.0412672847237519,1.5707963267948966
1.0439831100875439,-1.5707963267948966
1.0439831100875439,1.5707963267948966
1.0466975061899464,-1.5707963267948966
1.0466975061899464,1.5707963267948966
1.0494104834332738,-1.5707963267948966
1.0494104834332738,1.5707963267948966
1.0521220521565866,-1.5707963267948966
1.0521220521565866,1.5707963267948966
1.0548322226374403,-1.5707963267948966
1.0548322226374403,1.5707963267948966
1.0575410050918808,-1.5707963267948966
1.0575410050918808,1.5707963267948966
1.0602484096752978,-1.5707963267948966
1.0602484096752978,1.5707963267948966
1.0629544464834015,-1.5707963267948966
1.0629544464834015,1.5707963267948966
1.0656591255527899,-1.5707963267948966
1.0656591255527899,1.5707963267948966
1.0683624568615726,-1.5707963267948966
1.0683624568615726,1.5707963267948966
1.0710644503298696,-1.5707963267948966
1.0710644503298696,1.5707963267948966
1.0737651158208534,-1.5707963267948966
1.0737651158208534,1.5707963267948966
1.0764644631414488,-1.5707963267948966
1.0764644631414488,1.5707963267948966
1.0791625020425901,-1.5707963267948966
1.0791625020425901,1.5707963267948966
1.0818592422203068,-1.5707963267948966
1.0818592422203068,1.5707963267948966
1.0845546933157373,-1.5707963267948966
1.0845546933157373,1.5707963267948966
1.0872488649164793,-1.5707963267948966
1.0872488649164793,1.5707963267948966
1.089941766556851,-1.5707963267948966
1.089941766556851,1.5707963267948966
1.0926334077183542,-1.5707963267948966
1.0926334077183542,1.5707963267948966
1.095323797830699,-1.5707963267948966
1.095323797830699,1.5707963267948966
1.0980129462717796,-1.5707963267948966
1.0980129462717796,1.5707963267948966
1.1007008623691819,-1.5707963267948966
1.1007008623691819,1.5707963267948966
1.1033875554000805,-1.5707963267948966
1.1033875554000805,1.5707963267948966
1.106073034591654,-1.5707963267948966
1.106073034591654,1.5707963267948966
1.1087573091223557,-1.5707963267948966
1.1087573091223557,1.5707963267948966
1.111440388121878,-1.5707963267948966
1.111440388121878,1.5707963267948966
1.1141222806720794,-1.5707963267948966
1.1141222806720794,1.5707963267948966
1.1168029958069972,-1.5707963267948966
1.1168029958069972,1.5707963267948966
1.1194825425142463,-1.5707963267948966
1.1194825425142463,1.5707963267948966
1.122160929734988,-1.5707963267948966
1.122160929734988,1.5707963267948966
1.1248381663643503,-1.5707963267948966
1.1248381663643503,1.5707963267948966
1.1275142612522928,-1.5707963267948966
1.1275142612522928,1.5707963267948966
1.1301892232039925,-1.5707963267948966
1.1301892232039925,1.5707963267948966
1.1328630609801094,-1.5707963267948966
1.1328630609801094,1.5707963267948966
1.1355357832977693,-1.5707963267948966
1.1355357832977693,1.5707963267948966
1.13820739883082,-1.5707963267948966
1.13820739883082,1.5707963267948966
1.1408779162102278,-1.5707963267948966
1.1408779162102278,1.5707963267948966
1.143547344024623,-1.5707963267948966
1.143547344024623,1.5707963267948966
1.146215690820909,-1.5707963267948966
1.146215690820909,1.5707963267948966
1.1488829651045527,-1.5707963267948966
1.1488829651045527,1.5707963267948966
1.1515491753401412,-1.5707963267948966
1.1515491753401412,1.5707963267948966
1.1542143299519563,-1.5707963267948966
1.1542143299519563,1.5707963267948966
1.1568784373239918,-1.5707963267948966
1.1568784373239918,1.5707963267948966
1.159541505801412,-1.5707963267948966
1.159541505801412,1.5707963267948966
1.1622035436897191,-1.5707963267948966
1.1622035436897191,1.5707963267948966
1.1648645592559677,-1.5707963267948966
1.1648645592559677,1.5707963267948966
1.1675245607291498,-1.5707963267948966
1.1675245607291498,1.5707963267948966
1.170183556300515,-1.5707963267948966
1.170183556300515,1.5707963267948966
1.172841554123939,-1.5707963267948966
1.172841554123939,1.5707963267948966
1.175498562316258,-1.5707963267948966
1.175498562316258,1.5707963267948966
1.178154588958241,-1.5707963267948966
1.178154588958241,1.5707963267948966
1.1808096420941585,-1.5707963267948966
1.1808096420941585,1.5707963267948966
1.1834637297330217,-1.5707963267948966
1.1834637297330217,1.5707963267948966
1.1861168598482987,-1.5707963267948966
1.1861168598482987,1.5707963267948966
1.1887690403789954,-1.5707963267948966
1.1887690403789954,1.5707963267948966
1.1914202792294506,-1.5707963267948966
1.1914202792294506,1.5707963267948966
1.1940705842699662,-1.5707963267948966
1.1940705842699662,1.5707963267948966
1.1967199633370844,-1.5707963267948966
1.1967199633370844,1.5707963267948966
1.1993684242343658,-1.5707963267948966
1.1993684242343658,1.5707963267948966
1.2020159747323491,-1.5707963267948966
1.2020159747323491,1.5707963267948966
1.2046626225689538,-1.5707963267948966
1.2046626225689538,1.5707963267948966
1.2073083754502327,-1.5707963267948966
1.2073083754502327,1.5707963267948966
1.2099532410500882,-1.5707963267948966
1.2099532410500882,1.5707963267948966
1.212597227011435,-1.5707963267948966
1.212597227011435,1.5707963267948966
1.2152403409460437,-1.5707963267948966
1.2152403409460437,1.5707963267948966
1.2178825904348822,-1.5707963267948966
1.2178825904348822,1.5707963267948966
1.2205239830284267,-1.5707963267948966
1.2205239830284267,1.5707963267948966
1.223164526247588,-1.5707963267948966
1.223164526247588,1.5707963267948966
1.225804227583595,-1.5707963267948966
1.225804227583595,1.5707963267948966
1.2284430944979634,-1.5707963267948966
1.2284430944979634,1.5707963267948966
1.2310811344238206,-1.5707963267948966
1.2310811344238206,1.5707963267948966
1.2337183547654527,-1.5707963267948966
1.2337183547654527,1.5707963267948966
1.2363547628987912,-1.5707963267948966
1.2363547628987912,1.5707963267948966
1.23899036617188,-1.5707963267948966
1.23899036617188,1.5707963267948966
1.241625171905026,-1.5707963267948966
1.241625171905026,1.5707963267948966
1.2442591873917133,-1.5707963267948966
1.2442591873917133,1.5707963267948966
1.246892419897922,-1.5707963267948966
1.246892419897922,1.5707963267948966
1.2495248766633436,-1.5707963267948966
1.2495248766633436,1.5707963267948966
1.2521565649011932,-1.5707963267948966
1.2521565649011932,1.5707963267948966
1.2547874917984834,-1.5707963267948966
1.2547874917984834,1.5707963267948966
1.2574176645169164,-1.5707963267948966
1.2574176645169164,1.5707963267948966
1.2600470901924339,-1.5707963267948966
1.2600470901924339,1.5707963267948966
1.2626757759362053,-1.5707963267948966
1.2626757759362053,1.5707963267948966
1.2653037288341673,-1.5707963267948966
1.2653037288341673,1.5707963267948966
1.2679309559481775,-1.5707963267948966
1.2679309559481775,1.5707963267948966
1.2705574643157411,-1.5707963267948966
1.2705574643157411,1.5707963267948966
1.2731832609503408,-1.5707963267948966
1.2731832609503408,1.5707963267948966
1.2758083528419302,-1.5707963267948966
1.2758083528419302,1.5707963267948966
1.2784327469571453,-1.5707963267948966
1.2784327469571453,1.5707963267948966
1.281056450239535,-1.5707963267948966
1.281056450239535,1.5707963267948966
1.2836794696098173,-1.5707963267948966
1.2836794696098173,1.5707963267948966
1.2863018119663454,-1.5707963267948966
1.2863018119663454,1.5707963267948966
1.2889234841852235,-1.5707963267948966
1.2889234841852235,1.5707963267948966
1.2915444931205693,-1.5707963267948966
1.2915444931205693,1.5707963267948966
1.294164845604882,-1.5707963267948966
1.294164845604882,1.5707963267948966
1.2967845484493312,-1.5707963267948966
1.2967845484493312,1.5707963267948966
1.299403608443899,-1.5707963267948966
1.299403608443899,1.5707963267948966
1.3020220323577039,-1.5707963267948966
1.3020220323577039,1.5707963267948966
1.3046398269390636,-1.5707963267948966
1.3046398269390636,1.5707963267948966
1.3072569989164258,-1.5707963267948966
1.3072569989164258,1.5707963267948966
1.3098735549978313,-1.5707963267948966
1.3098735549978313,1.5707963267948966
1.3124895018717093,-1.5707963267948966
1.3124895018717093,1.5707963267948966
1.3151048462067072,-1.5707963267948966
1.3151048462067072,1.5707963267948966
1.3177195946523326,-1.5707963267948966
1.3177195946523326,1.5707963267948966
1.32033375383888,-1.5707963267948966
1.32033375383888,1.5707963267948966
1.3229473303782842,-1.5707963267948966
1.3229473303782842,1.5707963267948966
1.3255603308632928,-1.5707963267948966
1.3255603308632928,1.5707963267948966
1.328172761868714,-1.5707963267948966
1.328172761868714,1.5707963267948966
1.3307846299512593,-1.5707963267948966
1.3307846299512593,1.5707963267948966
1.333395941649849,-1.5707963267948966
1.333395941649849,1.5707963267948966
1.3360067034857595,-1.5707963267948966
1.3360067034857595,1.5707963267948966
1.3386169219629611,-1.5707963267948966
1.3386169219629611,1.5707963267948966
1.3412266035683482,-1.5707963267948966
1.3412266035683482,1.5707963267948966
1.3438357547717483,-1.5707963267948966
1.3438357547717483,1.5707963267948966
1.3464443820266272,-1.5707963267948966
1.3464443820266272,1.5707963267948966
1.3490524917698803,-1.5707963267948966
1.3490524917698803,1.5707963267948966
1.3516600904221174,-1.5707963267948966
1.3516600904221174,1.5707963267948966
1.3542671843883447,-1.5707963267948966
1.3542671843883447,1.5707963267948966
1.356873780057509,-1.5707963267948966
1.356873780057509,1.5707963267948966
1.3594798838032396,-1.5707963267948966
1.3594798838032396,1.5707963267948966
1.3620855019839255,-1.5707963267948966
1.3620855019839255,1.5707963267948966
1.3646906409427766,-1.5707963267948966
1.3646906409427766,1.5707963267948966
1.3672953070083729,-1.5707963267948966
1.3672953070083729,1.5707963267948966
1.3698995064943655,-1.5707963267948966
1.3698995064943655,1.5707963267948966
1.3725032457004565,-1.5707963267948966
1.3725032457004565,1.5707963267948966
1.3751065309116925,-1.5707963267948966
1.3751065309116925,1.5707963267948966
1.3777093683995565,-1.5707963267948966
1.3777093683995565,1.5707963267948966
1.3803117644215905,-1.5707963267948966
1.3803117644215905,1.5707963267948966
1.3829137252219281,-1.5707963267948966
1.3829137252219281,1.5707963267948966
1.3855152570312377,-1.5707963267948966
1.3855152570312377,1.5707963267948966
1.388116366067221,-1.5707963267948966
1.388116366067221,1.5707963267948966
1.3907170585344586,-1.5707963267948966
1.3907170585344586,1.5707963267948966
1.393317340625102,-1.5707963267948966
1.393317340625102,1.5707963267948966
1.3959172185187414,-1.5707963267948966
1.3959172185187414,1.5707963267948966
1.3985166983826678,-1.5707963267948966
1.3985166983826678,1.5707963267948966
1.4011157863720347,-1.5707963267948966
1.4011157863720347,1.5707963267948966
1.4037144886301827,-1.5707963267948966
1.4037144886301827,1.5707963267948966
1.4063128112886993,-1.5707963267948966
1.4063128112886993,1.5707963267948966
1.408910760467842,-1.5707963267948966
1.408910760467842,1.5707963267948966
1.411508342276533,-1.5707963267948966
1.411508342276533,1.5707963267948966
1.4141055628126071,-1.5707963267948966
1.4141055628126071,1.5707963267948966
1.4167024281629519,-1.5707963267948966
1.4167024281629519,1.5707963267948966
1.4192989444038666,-1.5707963267948966
1.4192989444038666,1.5707963267948966
1.42189511760115,-1.5707963267948966
1.42189511760115,1.5707963267948966
1.4244909538103945,-1.5707963267948966
1.4244909538103945,1.5707963267948966
1.4270864590768952,-1.5707963267948966
1.4270864590768952,1.5707963267948966
1.4296816394362493,-1.5707963267948966
1.4296816394362493,1.5707963267948966
1.4322765009142864,-1.5707963267948966
1.4322765009142864,1.5707963267948966
1.4348710495271197,-1.5707963267948966
1.4348710495271197,1.5707963267948966
1.437465291281698,-1.5707963267948966
1.437465291281698,1.5707963267948966
1.44005923217586,-1.5707963267948966
1.44005923217586,1.5707963267948966
1.4426528781984111,-1.5707963267948966
1.4426528781984111,1.5707963267948966
1.4452462353294997,-1.5707963267948966
1.4452462353294997,1.5707963267948966
1.4478393095405409,-1.5707963267948966
1.4478393095405409,1.5707963267948966
1.4504321067947155,-1.5707963267948966
1.4504321067947155,1.5707963267948966
1.453024633046921,-1.5707963267948966
1.453024633046921,1.5707963267948966
1.455616894243941,-1.5707963267948966
1.455616894243941,1.5707963267948966
1.4582088963246955,-1.5707963267948966
1.4582088963246955,1.5707963267948966
1.4608006452206739,-1.5707963267948966
1.4608006452206739,1.5707963267948966
1.463392146855759,-1.5707963267948966
1.463392146855759,1.5707963267948966
1.465983407146321,-1.5707963267948966
1.465983407146321,1.5707963267948966
1.4685744320019256,-1.5707963267948966
1.4685744320019256,1.5707963267948966
1.4711652273251603,-1.5707963267948966
1.4711652273251603,1.5707963267948966
1.4737557990118002,-1.5707963267948966
1.4737557990118002,1.5707963267948966
1.4763461529509483,-1.5707963267948966
1.4763461529509483,1.5707963267948966
1.4789362950254294,-1.5707963267948966
1.4789362950254294,1.5707963267948966
1.4815262311117843,-1.5707963267948966
1.4815262311117843,1.5707963267948966
1.4841159670803497,-1.5707963267948966
1.4841159670803497,1.5707963267948966
1.4867055087960426,-1.5707963267948966
1.4867055087960426,1.5707963267948966
1.4892948621177158,-1.5707963267948966
1.4892948621177158,1.5707963267948966
1.4918840328986316,-1.5707963267948966
1.4918840328986316,1.5707963267948966
1.4944730269870194,-1.5707963267948966
1.4944730269870194,1.5707963267948966
1.4970618502258173,-1.5707963267948966
1.4970618502258173,1.5707963267948966
1.499650508452958,-1.5707963267948966
1.499650508452958,1.5707963267948966
1.502239007501466,-1.5707963267948966
1.502239007501466,1.5707963267948966
1.5048273531996978,-1.5707963267948966
1.5048273531996978,1.5707963267948966
1.5074155513717884,-1.5707963267948966
1.5074155513717884,1.5707963267948966
1.5100036078372086,-1.5707963267948966
1.5100036078372086,1.5707963267948966
1.512591528411679,-1.5707963267948966
1.512591528411679,1.5707963267948966
1.5151793189067144,-1.5707963267948966
1.5151793189067144,1.5707963267948966
1.5177669851300122,-1.5707963267948966
1.5177669851300122,1.5707963267948966
1.5203545328858474,-1.5707963267948966
1.5203545328858474,1.5707963267948966
1.5229419679748797,-1.5707963267948966
1.5229419679748797,1.5707963267948966
1.5255292961946036,-1.5707963267948966
1.5255292961946036,1.5707963267948966
1.528116523339203,-1.5707963267948966
1.528116523339203,1.5707963267948966
1.5307036552002815,-1.5707963267948966
1.5307036552002815,1.5707963267948966
1.5332906975663454,-1.5707963267948966
1.5332906975663454,1.5707963267948966
1.5358776562232515,-1.5707963267948966
1.5358776562232515,1.5707963267948966
1.5384645369548844,-1.5707963267948966
1.5384645369548844,1.5707963267948966
1.5410513455423305,-1.5707963267948966
1.5410513455423305,1.5707963267948966
1.5436380877648341,-1.5707963267948966
1.5436380877648341,1.5707963267948966
1.5462247693998536,-1.5707963267948966
1.5462247693998536,1.5707963267948966
1.5488113962228034,-1.5707963267948966
1.5488113962228034,1.5707963267948966
1.5513979740077044,-1.5707963267948966
1.5513979740077044,1.5707963267948966
1.553984508527113,-1.5707963267948966
1.553984508527113,1.5707963267948966
1.5565710055521198,-1.5707963267948966
1.5565710055521198,1.5707963267948966
1.5591574708531073,-1.5707963267948966
1.5591574708531073,1.5707963267948966
1.5617439101993102,-1.5707963267948966
1.5617439101993102,1.5707963267948966
1.5643303293592714,-1.5707963267948966
1.5643303293592714,1.5707963267948966
1.566916734100758,-1.5707963267948966
1.566916734100758,1.5707963267948966
1.5695031301913536,-1.5707963267948966
1.5695031301913536,1.5707963267948966
1.5707963267948966,-1.5707963267948966
1.5707963267948966,1.5707963267948966
