dx_1
-1.5707963267948966,-1.5707963267948966
-1.5707963267948966,1.5707963267948966
-1.568210649432407,-1.5707963267948966
-1.568210649432407,1.5707963267948966
-1.5630392716576837,-1.5707963267948966
-1.5630392716576837,1.5707963267948966
-1.5578678247311253,-1.5707963267948966
-1.5578678247311253,1.5707963267948966
-1.552696262542585,-1.5707963267948966
-1.552696262542585,1.5707963267948966
-1.5475245389685583,-1.5707963267948966
-1.5475245389685583,1.5707963267948966
-1.5423526078667635,-1.5707963267948966
-1.5423526078667635,1.5707963267948966
-1.5371804230710144,-1.5707963267948966
-1.5371804230710144,1.5707963267948966
-1.5320079383855298,-1.5707963267948966
-1.5320079383855298,1.5707963267948966
-1.5268351075798312,-1.5707963267948966
-1.5268351075798312,1.5707963267948966
-1.5216618843831504,-1.5707963267948966
-1.5216618843831504,1.5707963267948966
-1.516488222479155,-1.5707963267948966
-1.516488222479155,1.5707963267948966
-1.5113140755005345,-1.5707963267948966
-1.5113140755005345,1.5707963267948966
-1.5061393970233303,-1.5707963267948966
-1.5061393970233303,1.5707963267948966
-1.5009641405619467,-1.5707963267948966
-1.5009641405619467,1.5707963267948966
-1.4957882595631007,-1.5707963267948966
-1.4957882595631007,1.5707963267948966
-1.4906117074008447,-1.5707963267948966
-1.4906117074008447,1.5707963267948966
-1.485434437370662,-1.5707963267948966
-1.485434437370662,1.5707963267948966
-1.4802564026839882,-1.5707963267948966
-1.4802564026839882,1.5707963267948966
-1.4750775564628171,-1.5707963267948966
-1.4750775564628171,1.5707963267948966
-1.4698978517339052,-1.5707963267948966
-1.4698978517339052,1.5707963267948966
-1.4647172414231535,-1.5707963267948966
-1.4647172414231535,1.5707963267948966
-1.4595356783497972,-1.5707963267948966
-1.4595356783497972,1.5707963267948966
-1.4543531152208586,-1.5707963267948966
-1.4543531152208586,1.5707963267948966
-1.4491695046254405,-1.5707963267948966
-1.4491695046254405,1.5707963267948966
-1.44398479902852,-1.5707963267948966
-1.44398479902852,1.5707963267948966
-1.4387989507655576,-1.5707963267948966
-1.4387989507655576,1.5707963267948966
-1.4336119120363795,-1.5707963267948966
-1.4336119120363795,1.5707963267948966
-1.4284236348990187,-1.5707963267948966
-1.4284236348990187,1.5707963267948966
-1.4232340712641292,-1.5707963267948966
-1.4232340712641292,1.5707963267948966
-1.4180431728885357,-1.5707963267948966
-1.4180431728885357,1.5707963267948966
-1.4128508913693902,-1.5707963267948966
-1.4128508913693902,1.5707963267948966
-1.4076571781378033,-1.5707963267948966
-1.4076571781378033,1.5707963267948966
-1.402461984452718,-1.5707963267948966
-1.402461984452718,1.5707963267948966
-1.3972652613945038,-1.5707963267948966
-1.3972652613945038,1.5707963267948966
-1.3920669598587356,-1.5707963267948966
-1.3920669598587356,1.5707963267948966
-1.3868670305495792,-1.5707963267948966
-1.3868670305495792,1.5707963267948966
-1.3816654239733968,-1.5707963267948966
-1.3816654239733968,1.5707963267948966
-1.3764620904319371,-1.5707963267948966
-1.3764620904319371,1.5707963267948966
-1.3712569800160692,-1.5707963267948966
-1.3712569800160692,1.5707963267948966
-1.3660500425985855,-1.5707963267948966
-1.3660500425985855,1.5707963267948966
-1.3608412278277535,-1.5707963267948966
-1.3608412278277535,1.5707963267948966
-1.3556304851201084,-1.5707963267948966
-1.3556304851201084,1.5707963267948966
-1.3504177636534889,-1.5707963267948966
-1.3504177636534889,1.5707963267948966
-1.3452030123601386,-1.5707963267948966
-1.3452030123601386,1.5707963267948966
-1.3399861799192172,-1.5707963267948966
-1.3399861799192172,1.5707963267948966
-1.334767214749667,-1.5707963267948966
-1.334767214749667,1.5707963267948966
-1.3295460650028308,-1.5707963267948966
-1.3295460650028308,1.5707963267948966
-1.3243226785546784,-1.5707963267948966
-1.3243226785546784,1.5707963267948966
-1.319097002998543,-1.5707963267948966
-1.319097002998543,1.5707963267948966
-1.3138689856371573,-1.5707963267948966
-1.3138689856371573,1.5707963267948966
-1.3086385734748998,-1.5707963267948966
-1.3086385734748998,1.5707963267948966
-1.3034057132097538,-1.5707963267948966
-1.3034057132097538,1.5707963267948966
-1.2981703512250973,-1.5707963267948966
-1.2981703512250973,1.5707963267948966
-1.2929324335816823,-1.5707963267948966
-1.2929324335816823,1.5707963267948966
-1.2876919060091694,-1.5707963267948966
-1.2876919060091694,1.5707963267948966
-1.2824487138975902,-1.5707963267948966
-1.2824487138975902,1.5707963267948966
-1.277202802288684,-1.5707963267948966
-1.277202802288684,1.5707963267948966
-1.2719541158671988,-1.5707963267948966
-1.2719541158671988,1.5707963267948966
-1.266702598951845,-1.5707963267948966
-1.266702598951845,1.5707963267948966
-1.2614481954862342,-1.5707963267948966
-1.2614481954862342,1.5707963267948966
-1.2561908490295515,-1.5707963267948966
-1.2561908490295515,1.5707963267948966
-1.250930502747207,-1.5707963267948966
-1.250930502747207,1.5707963267948966
-1.2456670994010808,-1.5707963267948966
-1.2456670994010808,1.5707963267948966
-1.240400581339813,-1.5707963267948966
-1.240400581339813,1.5707963267948966
-1.235130890488979,-1.5707963267948966
-1.235130890488979,1.5707963267948966
-1.229857968340651,-1.5707963267948966
-1.229857968340651,1.5707963267948966
-1.2245817559430934,-1.5707963267948966
-1.2245817559430934,1.5707963267948966
-1.219302193890445,-1.5707963267948966
-1.219302193890445,1.5707963267948966
-1.2140192223117552,-1.5707963267948966
-1.2140192223117552,1.5707963267948966
-1.2087327808598523,-1.5707963267948966
-1.2087327808598523,1.5707963267948966
-1.2034428087005307,-1.5707963267948966
-1.2034428087005307,1.5707963267948966
-1.1981492445005397,-1.5707963267948966
-1.1981492445005397,1.5707963267948966
-1.1928520264166182,-1.5707963267948966
-1.1928520264166182,1.5707963267948966
-1.1875510920829737,-1.5707963267948966
-1.1875510920829737,1.5707963267948966
-1.1822463785994435,-1.5707963267948966
-1.1822463785994435,1.5707963267948966
-1.1769378225188698,-1.5707963267948966
-1.1769378225188698,1.5707963267948966
-1.1716253598345672,-1.5707963267948966
-1.1716253598345672,1.5707963267948966
-1.1663089259671782,-1.5707963267948966
-1.1663089259671782,1.5707963267948966
-1.1609884557517172,-1.5707963267948966
-1.1609884557517172,1.5707963267948966
-1.155663883423593,-1.5707963267948966
-1.155663883423593,1.5707963267948966
-1.1503351426049424,-1.5707963267948966
-1.1503351426049424,1.5707963267948966
-1.1450021662906953,-1.5707963267948966
-1.1450021662906953,1.5707963267948966
-1.1396648868336845,-1.5707963267948966
-1.1396648868336845,1.5707963267948966
-1.1343232359299362,-1.5707963267948966
-1.1343232359299362,1.5707963267948966
-1.12897714460366,-1.5707963267948966
-1.12897714460366,1.5707963267948966
-1.1236265431915413,-1.5707963267948966
-1.1236265431915413,1.5707963267948966
-1.1182713613267337,-1.5707963267948966
-1.1182713613267337,1.5707963267948966
-1.1129115279228072,-1.5707963267948966
-1.1129115279228072,1.5707963267948966
-1.1075469711568917,-1.5707963267948966
-1.1075469711568917,1.5707963267948966
-1.102177618452696,-1.5707963267948966
-1.102177618452696,1.5707963267948966
-1.096803396462892,-1.5707963267948966
-1.096803396462892,1.5707963267948966
-1.0914242310512092,-1.5707963267948966
-1.0914242310512092,1.5707963267948966
-1.0860400472739584,-1.5707963267948966
-1.0860400472739584,1.5707963267948966
-1.0806507693612872,-1.5707963267948966
-1.0806507693612872,1.5707963267948966
-1.0752563206977575,-1.5707963267948966
-1.0752563206977575,1.5707963267948966
-1.0698566238023492,-1.5707963267948966
-1.0698566238023492,1.5707963267948966
-1.0644516003082574,-1.5707963267948966
-1.0644516003082574,1.5707963267948966
-1.0590411709420797,-1.5707963267948966
-1.0590411709420797,1.5707963267948966
-1.053625255502041,-1.5707963267948966
-1.053625255502041,1.5707963267948966
-1.0482037728361961,-1.5707963267948966
-1.0482037728361961,1.5707963267948966
-1.0427766408198607,-1.5707963267948966
-1.0427766408198607,1.5707963267948966
-1.0373437763319564,-1.5707963267948966
-1.0373437763319564,1.5707963267948966
-1.0319050952316957,-1.5707963267948966
-1.0319050952316957,1.5707963267948966
-1.0264605123335246,-1.5707963267948966
-1.0264605123335246,1.5707963267948966
-1.0210099413823026,-1.5707963267948966
-1.0210099413823026,1.5707963267948966
-1.0155532950270811,-1.5707963267948966
-1.0155532950270811,1.5707963267948966
-1.0100904847945742,-1.5707963267948966
-1.0100904847945742,1.5707963267948966
-1.004621421061652,-1.5707963267948966
-1.004621421061652,1.5707963267948966
-0.9991460130272064,-1.5707963267948966
-0.9991460130272064,1.5707963267948966
-0.9936641686829455,-1.5707963267948966
-0.9936641686829455,1.5707963267948966
-0.9881757947837838,-1.5707963267948966
-0.9881757947837838,1.5707963267948966
-0.9826807968166953,-1.5707963267948966
-0.9826807968166953,1.5707963267948966
-0.9771790789692044,-1.5707963267948966
-0.9771790789692044,1.5707963267948966
-0.9716705440968102,-1.5707963267948966
-0.9716705440968102,1.5707963267948966
-0.9661550936891324,-1.5707963267948966
-0.9661550936891324,1.5707963267948966
-0.9606326278354237,-1.5707963267948966
-0.9606326278354237,1.5707963267948966
-0.9551030451887251,-1.5707963267948966
-0.9551030451887251,1.5707963267948966
-0.9495662429290288,-1.5707963267948966
-0.9495662429290288,1.5707963267948966
-0.9440221167252613,-1.5707963267948966
-0.9440221167252613,1.5707963267948966
-0.9384705606961917,-1.5707963267948966
-0.9384705606961917,1.5707963267948966
-0.9329114673696454,-1.5707963267948966
-0.9329114673696454,1.5707963267948966
-0.9273447276412639,-1.5707963267948966
-0.9273447276412639,1.5707963267948966
-0.9217702307307575,-1.5707963267948966
-0.9217702307307575,1.5707963267948966
-0.9161878641378537,-1.5707963267948966
-0.9161878641378537,1.5707963267948966
-0.9105975135960056,-1.5707963267948966
-0.9105975135960056,1.5707963267948966
-0.9049990630250239,-1.5707963267948966
-0.9049990630250239,1.5707963267948966
-0.8993923944818139,-1.5707963267948966
-0.8993923944818139,1.5707963267948966
-0.8937773881097887,-1.5707963267948966
-0.8937773881097887,1.5707963267948966
-0.8881539220861105,-1.5707963267948966
-0.8881539220861105,1.5707963267948966
-0.882521872567391,-1.5707963267948966
-0.882521872567391,1.5707963267948966
-0.8768811136332816,-1.5707963267948966
-0.8768811136332816,1.5707963267948966
-0.8712315172288466,-1.5707963267948966
-0.8712315172288466,1.5707963267948966
-0.8655729531035624,-1.5707963267948966
-0.8655729531035624,1.5707963267948966
-0.859905288749446,-1.5707963267948966
-0.859905288749446,1.5707963267948966
-0.854228389335876,-1.5707963267948966
-0.854228389335876,1.5707963267948966
-0.8485421176429866,-1.5707963267948966
-0.8485421176429866,1.5707963267948966
-0.842846333991816,-1.5707963267948966
-0.842846333991816,1.5707963267948966
-0.8371408961725815,-1.5707963267948966
-0.8371408961725815,1.5707963267948966
-0.8314256593695558,-1.5707963267948966
-0.8314256593695558,1.5707963267948966
-0.825700476083834,-1.5707963267948966
-0.825700476083834,1.5707963267948966
-0.8199651960523894,-1.5707963267948966
-0.8199651960523894,1.5707963267948966
-0.8142196661645892,-1.5707963267948966
-0.8142196661645892,1.5707963267948966
-0.8084637303754162,-1.5707963267948966
-0.8084637303754162,1.5707963267948966
-0.8026972296147987,-1.5707963267948966
-0.8026972296147987,1.5707963267948966
-0.7969200016941588,-1.5707963267948966
-0.7969200016941588,1.5707963267948966
-0.7911318812084472,-1.5707963267948966
-0.7911318812084472,1.5707963267948966
-0.7853326994344999,-1.5707963267948966
-0.7853326994344999,1.5707963267948966
-0.7795222842255725,-1.5707963267948966
-0.7795222842255725,1.5707963267948966
-0.7737004599009706,-1.5707963267948966
-0.7737004599009706,1.5707963267948966
-0.7678670471316386,-1.5707963267948966
-0.7678670471316386,1.5707963267948966
-0.7620218628203506,-1.5707963267948966
-0.7620218628203506,1.5707963267948966
-0.756164719977325,-1.5707963267948966
-0.756164719977325,1.5707963267948966
-0.7502954275903481,-1.5707963267948966
-0.7502954275903481,1.5707963267948966
-0.7444137904888026,-1.5707963267948966
-0.7444137904888026,1.5707963267948966
-0.738519609202881,-1.5707963267948966
-0.738519609202881,1.5707963267948966
-0.732612679815046,-1.5707963267948966
-0.732612679815046,1.5707963267948966
-0.726692793806247,-1.5707963267948966
-0.726692793806247,1.5707963267948966
-0.720759737894131,-1.5707963267948966
-0.720759737894131,1.5707963267948966
-0.714813293864537,-1.5707963267948966
-0.714813293864537,1.5707963267948966
-0.708853238394718,-1.5707963267948966
-0.708853238394718,1.5707963267948966
-0.7028793428686927,-1.5707963267948966
-0.7028793428686927,1.5707963267948966
-0.696891373183594,-1.5707963267948966
-0.696891373183594,1.5707963267948966
-0.690889089546852,-1.5707963267948966
-0.690889089546852,1.5707963267948966
-0.6848722462636911,-1.5707963267948966
-0.6848722462636911,1.5707963267948966
-0.6788405915135132,-1.5707963267948966
-0.6788405915135132,1.5707963267948966
-0.6727938671166012,-1.5707963267948966
-0.6727938671166012,1.5707963267948966
-0.6667318082874543,-1.5707963267948966
-0.6667318082874543,1.5707963267948966
-0.6606541433768278,-1.5707963267948966
-0.6606541433768278,1.5707963267948966
-0.6545605936003022,-1.5707963267948966
-0.6545605936003022,1.5707963267948966
-0.64845087275222,-1.5707963267948966
-0.64845087275222,1.5707963267948966
-0.6423246869050094,-1.5707963267948966
-0.6423246869050094,1.5707963267948966
-0.6361817340924443,-1.5707963267948966
-0.6361817340924443,1.5707963267948966
-0.630021703975443,-1.5707963267948966
-0.630021703975443,1.5707963267948966
-0.623844277490342,-1.5707963267948966
-0.623844277490342,1.5707963267948966
-0.617649126476384,-1.5707963267948966
-0.617649126476384,1.5707963267948966
-0.6114359132841006,-1.5707963267948966
-0.6114359132841006,1.5707963267948966
-0.6052042903593671,-1.5707963267948966
-0.6052042903593671,1.5707963267948966
-0.5989538998052106,-1.5707963267948966
-0.5989538998052106,1.5707963267948966
-0.5926843729168605,-1.5707963267948966
-0.5926843729168605,1.5707963267948966
-0.5863953296896879,-1.5707963267948966
-0.5863953296896879,1.5707963267948966
-0.5800863782974042,-1.5707963267948966
-0.5800863782974042,1.5707963267948966
-0.5737571145386008,-1.5707963267948966
-0.5737571145386008,1.5707963267948966
-0.5674071212484874,-1.5707963267948966
-0.5674071212484874,1.5707963267948966
-0.5610359676741302,-1.5707963267948966
-0.5610359676741302,1.5707963267948966
-0.5546432088099199,-1.5707963267948966
-0.5546432088099199,1.5707963267948966
-0.5482283846897122,-1.5707963267948966
-0.5482283846897122,1.5707963267948966
-0.5417910196321436,-1.5707963267948966
-0.5417910196321436,1.5707963267948966
-0.5353306214361563,-1.5707963267948966
-0.5353306214361563,1.5707963267948966
-0.5288466805212821,-1.5707963267948966
-0.5288466805212821,1.5707963267948966
-0.5223386690090357,-1.5707963267948966
-0.5223386690090357,1.5707963267948966
-0.5158060397395178,-1.5707963267948966
-0.5158060397395178,1.5707963267948966
-0.509248225218261,-1.5707963267948966
-0.509248225218261,1.5707963267948966
-0.5026646364861281,-1.5707963267948966
-0.5026646364861281,1.5707963267948966
-0.4960546619063709,-1.5707963267948966
-0.4960546619063709,1.5707963267948966
-0.48941766585999674,-1.5707963267948966
-0.48941766585999674,1.5707963267948966
-0.4827529873417643,-1.5707963267948966
-0.4827529873417643,1.5707963267948966
-0.4760599384464606,-1.5707963267948966
-0.4760599384464606,1.5707963267948966
-0.46933780273547776,-1.5707963267948966
-0.46933780273547776,1.5707963267948966
-0.46258583347081833,-1.5707963267948966
-0.46258583347081833,1.5707963267948966
-0.45580325170387825,-1.5707963267948966
-0.45580325170387825,1.5707963267948966
-0.4489892442031015,-1.5707963267948966
-0.4489892442031015,1.5707963267948966
-0.4421429612047077,-1.5707963267948966
-0.4421429612047077,1.5707963267948966
-0.4352635139653677,-1.5707963267948966
-0.4352635139653677,1.5707963267948966
-0.42834997209689135,-1.5707963267948966
-0.42834997209689135,1.5707963267948966
-0.4214013606572735,-1.5707963267948966
-0.4214013606572735,1.5707963267948966
-0.4144166569703042,-1.5707963267948966
-0.4144166569703042,1.5707963267948966
-0.40739478714155025,-1.5707963267948966
-0.40739478714155025,1.5707963267948966
-0.4003346222343892,-1.5707963267948966
-0.4003346222343892,1.5707963267948966
-0.39323497406349184,-1.5707963267948966
-0.39323497406349184,1.5707963267948966
-0.3860945905584128,-1.5707963267948966
-0.3860945905584128,1.5707963267948966
-0.37891215064064354,-1.5707963267948966
-0.37891215064064354,1.5707963267948966
-0.37168625855000975,-1.5707963267948966
-0.37168625855000975,1.5707963267948966
-0.3644154375446815,-1.5707963267948966
-0.3644154375446815,1.5707963267948966
-0.3570981228883738,-1.5707963267948966
-0.3570981228883738,1.5707963267948966
-0.34973265402096365,-1.5707963267948966
-0.34973265402096365,1.5707963267948966
-0.3423172657921977,-1.5707963267948966
-0.3423172657921977,1.5707963267948966
-0.3348500786167263,-1.5707963267948966
-0.3348500786167263,1.5707963267948966
-0.3273290873804924,-1.5707963267948966
-0.3273290873804924,1.5707963267948966
-0.31975214889676395,-1.5707963267948966
-0.31975214889676395,1.5707963267948966
-0.3121169676711376,-1.5707963267948966
-0.3121169676711376,1.5707963267948966
-0.30442107968357424,-1.5707963267948966
-0.30442107968357424,1.5707963267948966
-0.2966618338355128,-1.5707963267948966
-0.2966618338355128,1.5707963267948966
-0.28883637063057177,-1.5707963267948966
-0.28883637063057177,1.5707963267948966
-0.280941597562503,-1.5707963267948966
-0.280941597562503,1.5707963267948966
-0.2729741605573807,-1.5707963267948966
-0.2729741605573807,1.5707963267948966
-0.2649304106571579,-1.5707963267948966
-0.2649304106571579,1.5707963267948966
-0.2568063649263918,-1.5707963267948966
-0.2568063649263918,1.5707963267948966
-0.24859766029072503,-1.5707963267948966
-0.24859766029072503,1.5707963267948966
-0.24029949865738331,-1.5707963267948966
-0.24029949865738331,1.5707963267948966
-0.23190658119078075,-1.5707963267948966
-0.23190658119078075,1.5707963267948966
-0.22341302896348728,-1.5707963267948966
-0.22341302896348728,1.5707963267948966
-0.2148122863156155,-1.5707963267948966
-0.2148122863156155,1.5707963267948966
-0.20609700201402853,-1.5707963267948966
-0.20609700201402853,1.5707963267948966
-0.19725888154969715,-1.5707963267948966
-0.19725888154969715,1.5707963267948966
-0.18828850138668007,-1.5707963267948966
-0.18828850138668007,1.5707963267948966
-0.17917507227016727,-1.5707963267948966
-0.17917507227016727,1.5707963267948966
-0.169906133137784,-1.5707963267948966
-0.169906133137784,1.5707963267948966
-0.16046714862744355,-1.5707963267948966
-0.16046714862744355,1.5707963267948966
-0.15084096965324445,-1.5707963267948966
-0.15084096965324445,1.5707963267948966
-0.14100709446158632,-1.5707963267948966
-0.14100709446158632,1.5707963267948966
-0.1309406302537022,-1.5707963267948966
-0.1309406302537022,1.5707963267948966
-0.12061078956755221,-1.5707963267948966
-0.12061078956755221,1.5707963267948966
-0.10997863331562205,-1.5707963267948966
-0.10997863331562205,1.5707963267948966
-0.09899353130566016,-1.5707963267948966
-0.09899353130566016,1.5707963267948966
-0.08758729944736586,-1.5707963267948966
-0.08758729944736586,1.5707963267948966
-0.07566378100724348,-1.5707963267948966
-0.07566378100724348,1.5707963267948966
-0.06307850314233615,-1.5707963267948966
-0.06307850314233615,1.5707963267948966
-0.049593278610527904,-1.5707963267948966
-0.049593278610527904,1.5707963267948966
-0.03475153404198066,-1.5707963267948966
-0.03475153404198066,1.5707963267948966
-0.017375471928997153,-1.5707963267948966
-0.017375471928997153,1.5707963267948966
0.017375471929024246,-1.5707963267948966
0.017375471929024246,1.5707963267948966
0.034751534042048816,-1.5707963267948966
0.034751534042048816,1.5707963267948966
0.04959327861057157,-1.5707963267948966
0.04959327861057157,1.5707963267948966
0.06307850314237906,-1.5707963267948966
0.06307850314237906,1.5707963267948966
0.075663781007315,-1.5707963267948966
0.075663781007315,1.5707963267948966
0.0875872994474579,-1.5707963267948966
0.0875872994474579,1.5707963267948966
0.09899353130577708,-1.5707963267948966
0.09899353130577708,1.5707963267948966
0.10997863331572713,-1.5707963267948966
0.10997863331572713,1.5707963267948966
0.12061078956764244,-1.5707963267948966
0.12061078956764244,1.5707963267948966
0.13094063025375752,-1.5707963267948966
0.13094063025375752,1.5707963267948966
0.14100709446165602,-1.5707963267948966
0.14100709446165602,1.5707963267948966
0.1508409696533884,-1.5707963267948966
0.1508409696533884,1.5707963267948966
0.16046714862765374,-1.5707963267948966
0.16046714862765374,1.5707963267948966
0.16990613313796105,-1.5707963267948966
0.16990613313796105,1.5707963267948966
0.17917507227034865,-1.5707963267948966
0.17917507227034865,1.5707963267948966
0.18828850138686873,-1.5707963267948966
0.18828850138686873,1.5707963267948966
0.19725888154990096,-1.5707963267948966
0.19725888154990096,1.5707963267948966
0.2060970020142421,-1.5707963267948966
0.2060970020142421,1.5707963267948966
0.21481228631586752,-1.5707963267948966
0.21481228631586752,1.5707963267948966
0.22341302896375,-1.5707963267948966
0.22341302896375,1.5707963267948966
0.23190658119109894,-1.5707963267948966
0.23190658119109894,1.5707963267948966
0.24029949865771483,-1.5707963267948966
0.24029949865771483,1.5707963267948966
0.24859766029104938,-1.5707963267948966
0.24859766029104938,1.5707963267948966
0.2568063649267582,-1.5707963267948966
0.2568063649267582,1.5707963267948966
0.2649304106574397,-1.5707963267948966
0.2649304106574397,1.5707963267948966
0.27297416055770907,-1.5707963267948966
0.27297416055770907,1.5707963267948966
0.280941597562822,-1.5707963267948966
0.280941597562822,1.5707963267948966
0.2888363706309098,-1.5707963267948966
0.2888363706309098,1.5707963267948966
0.29666183383590083,-1.5707963267948966
0.29666183383590083,1.5707963267948966
0.30442107968400495,-1.5707963267948966
0.30442107968400495,1.5707963267948966
0.31211696767148756,-1.5707963267948966
0.31211696767148756,1.5707963267948966
0.3197521488971643,-1.5707963267948966
0.3197521488971643,1.5707963267948966
0.3273290873808704,-1.5707963267948966
0.3273290873808704,1.5707963267948966
0.334850078617118,-1.5707963267948966
0.334850078617118,1.5707963267948966
0.3423172657925115,-1.5707963267948966
0.3423172657925115,1.5707963267948966
0.3497326540213057,-1.5707963267948966
0.3497326540213057,1.5707963267948966
0.3570981228887929,-1.5707963267948966
0.3570981228887929,1.5707963267948966
0.3644154375450428,-1.5707963267948966
0.3644154375450428,1.5707963267948966
0.3716862585503483,-1.5707963267948966
0.3716862585503483,1.5707963267948966
0.37891215064096284,-1.5707963267948966
0.37891215064096284,1.5707963267948966
0.38609459055866413,-1.5707963267948966
0.38609459055866413,1.5707963267948966
0.3932349740637582,-1.5707963267948966
0.3932349740637582,1.5707963267948966
0.400334622234643,-1.5707963267948966
0.400334622234643,1.5707963267948966
0.4073947871418605,-1.5707963267948966
0.4073947871418605,1.5707963267948966
0.4144166569706201,-1.5707963267948966
0.4144166569706201,1.5707963267948966
0.4214013606575345,-1.5707963267948966
0.4214013606575345,1.5707963267948966
0.4283499720971591,-1.5707963267948966
0.4283499720971591,1.5707963267948966
0.4352635139657005,-1.5707963267948966
0.4352635139657005,1.5707963267948966
0.4421429612050628,-1.5707963267948966
0.4421429612050628,1.5707963267948966
0.448989244203475,-1.5707963267948966
0.448989244203475,1.5707963267948966
0.45580325170422836,-1.5707963267948966
0.45580325170422836,1.5707963267948966
0.4625858334711867,-1.5707963267948966
0.4625858334711867,1.5707963267948966
0.4693378027358065,-1.5707963267948966
0.4693378027358065,1.5707963267948966
0.47605993844681455,-1.5707963267948966
0.47605993844681455,1.5707963267948966
0.4827529873420649,-1.5707963267948966
0.4827529873420649,1.5707963267948966
0.48941766586035,-1.5707963267948966
0.48941766586035,1.5707963267948966
0.49605466190673114,-1.5707963267948966
0.49605466190673114,1.5707963267948966
0.5026646364864753,-1.5707963267948966
0.5026646364864753,1.5707963267948966
0.5092482252186271,-1.5707963267948966
0.5092482252186271,1.5707963267948966
0.5158060397399287,-1.5707963267948966
0.5158060397399287,1.5707963267948966
0.5223386690094397,-1.5707963267948966
0.5223386690094397,1.5707963267948966
0.5288466805218005,-1.5707963267948966
0.5288466805218005,1.5707963267948966
0.5353306214366139,-1.5707963267948966
0.5353306214366139,1.5707963267948966
0.5417910196325226,-1.5707963267948966
0.5417910196325226,1.5707963267948966
0.5482283846900918,-1.5707963267948966
0.5482283846900918,1.5707963267948966
0.5546432088102966,-1.5707963267948966
0.5546432088102966,1.5707963267948966
0.5610359676744595,-1.5707963267948966
0.5610359676744595,1.5707963267948966
0.5674071212488004,-1.5707963267948966
0.5674071212488004,1.5707963267948966
0.573757114538978,-1.5707963267948966
0.573757114538978,1.5707963267948966
0.5800863782978395,-1.5707963267948966
0.5800863782978395,1.5707963267948966
0.5863953296900648,-1.5707963267948966
0.5863953296900648,1.5707963267948966
0.5926843729172327,-1.5707963267948966
0.5926843729172327,1.5707963267948966
0.5989538998055925,-1.5707963267948966
0.5989538998055925,1.5707963267948966
0.6052042903597609,-1.5707963267948966
0.6052042903597609,1.5707963267948966
0.6114359132844723,-1.5707963267948966
0.6114359132844723,1.5707963267948966
0.6176491264768471,-1.5707963267948966
0.6176491264768471,1.5707963267948966
0.6238442774907467,-1.5707963267948966
0.6238442774907467,1.5707963267948966
0.6300217039759987,-1.5707963267948966
0.6300217039759987,1.5707963267948966
0.6361817340928907,-1.5707963267948966
0.6361817340928907,1.5707963267948966
0.6423246869053967,-1.5707963267948966
0.6423246869053967,1.5707963267948966
0.6484508727524757,-1.5707963267948966
0.6484508727524757,1.5707963267948966
0.6545605936004627,-1.5707963267948966
0.6545605936004627,1.5707963267948966
0.6606541433769393,-1.5707963267948966
0.6606541433769393,1.5707963267948966
0.6667318082875718,-1.5707963267948966
0.6667318082875718,1.5707963267948966
0.672793867116748,-1.5707963267948966
0.672793867116748,1.5707963267948966
0.6788405915136543,-1.5707963267948966
0.6788405915136543,1.5707963267948966
0.6848722462637641,-1.5707963267948966
0.6848722462637641,1.5707963267948966
0.6908890895468993,-1.5707963267948966
0.6908890895468993,1.5707963267948966
0.6968913731835045,-1.5707963267948966
0.6968913731835045,1.5707963267948966
0.7028793428685676,-1.5707963267948966
0.7028793428685676,1.5707963267948966
0.7088532383945644,-1.5707963267948966
0.7088532383945644,1.5707963267948966
0.7148132938644612,-1.5707963267948966
0.7148132938644612,1.5707963267948966
0.72075973789408,-1.5707963267948966
0.72075973789408,1.5707963267948966
0.7266927938061156,-1.5707963267948966
0.7266927938061156,1.5707963267948966
0.732612679814926,-1.5707963267948966
0.732612679814926,1.5707963267948966
0.7385196092027476,-1.5707963267948966
0.7385196092027476,1.5707963267948966
0.7444137904886566,-1.5707963267948966
0.7444137904886566,1.5707963267948966
0.7502954275901763,-1.5707963267948966
0.7502954275901763,1.5707963267948966
0.7561647199772079,-1.5707963267948966
0.7561647199772079,1.5707963267948966
0.7620218628202658,-1.5707963267948966
0.7620218628202658,1.5707963267948966
0.7678670471316178,-1.5707963267948966
0.7678670471316178,1.5707963267948966
0.7737004599009686,-1.5707963267948966
0.7737004599009686,1.5707963267948966
0.7795222842255407,-1.5707963267948966
0.7795222842255407,1.5707963267948966
0.785332699434525,-1.5707963267948966
0.785332699434525,1.5707963267948966
0.7911318812085811,-1.5707963267948966
0.7911318812085811,1.5707963267948966
0.79692000169438,-1.5707963267948966
0.79692000169438,1.5707963267948966
0.8026972296150227,-1.5707963267948966
0.8026972296150227,1.5707963267948966
0.8084637303755766,-1.5707963267948966
0.8084637303755766,1.5707963267948966
0.81421966616473,-1.5707963267948966
0.81421966616473,1.5707963267948966
0.8199651960525838,-1.5707963267948966
0.8199651960525838,1.5707963267948966
0.8257004760840368,-1.5707963267948966
0.8257004760840368,1.5707963267948966
0.8314256593697451,-1.5707963267948966
0.8314256593697451,1.5707963267948966
0.8371408961727427,-1.5707963267948966
0.8371408961727427,1.5707963267948966
0.8428463339919634,-1.5707963267948966
0.8428463339919634,1.5707963267948966
0.8485421176431862,-1.5707963267948966
0.8485421176431862,1.5707963267948966
0.8542283893361263,-1.5707963267948966
0.8542283893361263,1.5707963267948966
0.8599052887497509,-1.5707963267948966
0.8599052887497509,1.5707963267948966
0.8655729531038716,-1.5707963267948966
0.8655729531038716,1.5707963267948966
0.8712315172291655,-1.5707963267948966
0.8712315172291655,1.5707963267948966
0.8768811136336206,-1.5707963267948966
0.8768811136336206,1.5707963267948966
0.8825218725677163,-1.5707963267948966
0.8825218725677163,1.5707963267948966
0.8881539220865456,-1.5707963267948966
0.8881539220865456,1.5707963267948966
0.8937773881102787,-1.5707963267948966
0.8937773881102787,1.5707963267948966
0.8993923944822321,-1.5707963267948966
0.8993923944822321,1.5707963267948966
0.9049990630254255,-1.5707963267948966
0.9049990630254255,1.5707963267948966
0.9105975135964105,-1.5707963267948966
0.9105975135964105,1.5707963267948966
0.9161878641382522,-1.5707963267948966
0.9161878641382522,1.5707963267948966
0.921770230731142,-1.5707963267948966
0.921770230731142,1.5707963267948966
0.9273447276416362,-1.5707963267948966
0.9273447276416362,1.5707963267948966
0.9329114673700332,-1.5707963267948966
0.9329114673700332,1.5707963267948966
0.9384705606965272,-1.5707963267948966
0.9384705606965272,1.5707963267948966
0.9440221167255041,-1.5707963267948966
0.9440221167255041,1.5707963267948966
0.9495662429291982,-1.5707963267948966
0.9495662429291982,1.5707963267948966
0.9551030451889169,-1.5707963267948966
0.9551030451889169,1.5707963267948966
0.9606326278356755,-1.5707963267948966
0.9606326278356755,1.5707963267948966
0.9661550936894022,-1.5707963267948966
0.9661550936894022,1.5707963267948966
0.9716705440970849,-1.5707963267948966
0.9716705440970849,1.5707963267948966
0.9771790789695192,-1.5707963267948966
0.9771790789695192,1.5707963267948966
0.982680796816997,-1.5707963267948966
0.982680796816997,1.5707963267948966
0.9881757947840424,-1.5707963267948966
0.9881757947840424,1.5707963267948966
0.9936641686832159,-1.5707963267948966
0.9936641686832159,1.5707963267948966
0.9991460130274075,-1.5707963267948966
0.9991460130274075,1.5707963267948966
1.0046214210619144,-1.5707963267948966
1.0046214210619144,1.5707963267948966
1.0100904847947472,-1.5707963267948966
1.0100904847947472,1.5707963267948966
1.0155532950272226,-1.5707963267948966
1.0155532950272226,1.5707963267948966
1.0210099413824714,-1.5707963267948966
1.0210099413824714,1.5707963267948966
1.0264605123337363,-1.5707963267948966
1.0264605123337363,1.5707963267948966
1.0319050952319342,-1.5707963267948966
1.0319050952319342,1.5707963267948966
1.0373437763322009,-1.5707963267948966
1.0373437763322009,1.5707963267948966
1.0427766408200934,-1.5707963267948966
1.0427766408200934,1.5707963267948966
1.0482037728365432,-1.5707963267948966
1.0482037728365432,1.5707963267948966
1.05362525550236,-1.5707963267948966
1.05362525550236,1.5707963267948966
1.0590411709423873,-1.5707963267948966
1.0590411709423873,1.5707963267948966
1.0644516003085505,-1.5707963267948966
1.0644516003085505,1.5707963267948966
1.0698566238026244,-1.5707963267948966
1.0698566238026244,1.5707963267948966
1.0752563206980605,-1.5707963267948966
1.0752563206980605,1.5707963267948966
1.0806507693616585,-1.5707963267948966
1.0806507693616585,1.5707963267948966
1.0860400472743081,-1.5707963267948966
1.0860400472743081,1.5707963267948966
1.0914242310515239,-1.5707963267948966
1.0914242310515239,1.5707963267948966
1.0968033964632165,-1.5707963267948966
1.0968033964632165,1.5707963267948966
1.1021776184530174,-1.5707963267948966
1.1021776184530174,1.5707963267948966
1.1075469711572088,-1.5707963267948966
1.1075469711572088,1.5707963267948966
1.1129115279230626,-1.5707963267948966
1.1129115279230626,1.5707963267948966
1.118271361327044,-1.5707963267948966
1.118271361327044,1.5707963267948966
1.1236265431919217,-1.5707963267948966
1.1236265431919217,1.5707963267948966
1.1289771446041397,-1.5707963267948966
1.1289771446041397,1.5707963267948966
1.1343232359304651,-1.5707963267948966
1.1343232359304651,1.5707963267948966
1.1396648868341597,-1.5707963267948966
1.1396648868341597,1.5707963267948966
1.1450021662911525,-1.5707963267948966
1.1450021662911525,1.5707963267948966
1.1503351426053643,-1.5707963267948966
1.1503351426053643,1.5707963267948966
1.155663883424004,-1.5707963267948966
1.155663883424004,1.5707963267948966
1.1609884557521966,-1.5707963267948966
1.1609884557521966,1.5707963267948966
1.166308925967715,-1.5707963267948966
1.166308925967715,1.5707963267948966
1.171625359835062,-1.5707963267948966
1.171625359835062,1.5707963267948966
1.1769378225193747,-1.5707963267948966
1.1769378225193747,1.5707963267948966
1.182246378599993,-1.5707963267948966
1.182246378599993,1.5707963267948966
1.1875510920835164,-1.5707963267948966
1.1875510920835164,1.5707963267948966
1.1928520264171598,-1.5707963267948966
1.1928520264171598,1.5707963267948966
1.1981492445010777,-1.5707963267948966
1.1981492445010777,1.5707963267948966
1.203442808700954,-1.5707963267948966
1.203442808700954,1.5707963267948966
1.208732780860282,-1.5707963267948966
1.208732780860282,1.5707963267948966
1.214019222312102,-1.5707963267948966
1.214019222312102,1.5707963267948966
1.2193021938907547,-1.5707963267948966
1.2193021938907547,1.5707963267948966
1.2245817559433991,-1.5707963267948966
1.2245817559433991,1.5707963267948966
1.2298579683408917,-1.5707963267948966
1.2298579683408917,1.5707963267948966
1.2351308904892548,-1.5707963267948966
1.2351308904892548,1.5707963267948966
1.2404005813401304,-1.5707963267948966
1.2404005813401304,1.5707963267948966
1.2456670994013501,-1.5707963267948966
1.2456670994013501,1.5707963267948966
1.250930502747435,-1.5707963267948966
1.250930502747435,1.5707963267948966
1.2561908490297378,-1.5707963267948966
1.2561908490297378,1.5707963267948966
1.2614481954863808,-1.5707963267948966
1.2614481954863808,1.5707963267948966
1.2667025989519358,-1.5707963267948966
1.2667025989519358,1.5707963267948966
1.271954115867279,-1.5707963267948966
1.271954115867279,1.5707963267948966
1.2772028022887791,-1.5707963267948966
1.2772028022887791,1.5707963267948966
1.2824487138977045,-1.5707963267948966
1.2824487138977045,1.5707963267948966
1.287691906009309,-1.5707963267948966
1.287691906009309,1.5707963267948966
1.2929324335818242,-1.5707963267948966
1.2929324335818242,1.5707963267948966
1.2981703512252483,-1.5707963267948966
1.2981703512252483,1.5707963267948966
1.3034057132098986,-1.5707963267948966
1.3034057132098986,1.5707963267948966
1.3086385734750754,-1.5707963267948966
1.3086385734750754,1.5707963267948966
1.3138689856372543,-1.5707963267948966
1.3138689856372543,1.5707963267948966
1.319097002998537,-1.5707963267948966
1.319097002998537,1.5707963267948966
1.3243226785545945,-1.5707963267948966
1.3243226785545945,1.5707963267948966
1.3295460650027193,-1.5707963267948966
1.3295460650027193,1.5707963267948966
1.3347672147495853,-1.5707963267948966
1.3347672147495853,1.5707963267948966
1.3399861799190773,-1.5707963267948966
1.3399861799190773,1.5707963267948966
1.345203012359976,-1.5707963267948966
1.345203012359976,1.5707963267948966
1.35041776365336,-1.5707963267948966
1.35041776365336,1.5707963267948966
1.3556304851198915,-1.5707963267948966
1.3556304851198915,1.5707963267948966
1.3608412278274993,-1.5707963267948966
1.3608412278274993,1.5707963267948966
1.3660500425983644,-1.5707963267948966
1.3660500425983644,1.5707963267948966
1.371256980015831,-1.5707963267948966
1.371256980015831,1.5707963267948966
1.3764620904317293,-1.5707963267948966
1.3764620904317293,1.5707963267948966
1.3816654239731416,-1.5707963267948966
1.3816654239731416,1.5707963267948966
1.3868670305493953,-1.5707963267948966
1.3868670305493953,1.5707963267948966
1.392066959858598,-1.5707963267948966
1.392066959858598,1.5707963267948966
1.3972652613943428,-1.5707963267948966
1.3972652613943428,1.5707963267948966
1.4024619844525383,-1.5707963267948966
1.4024619844525383,1.5707963267948966
1.4076571781375953,-1.5707963267948966
1.4076571781375953,1.5707963267948966
1.4128508913691684,-1.5707963267948966
1.4128508913691684,1.5707963267948966
1.418043172888321,-1.5707963267948966
1.418043172888321,1.5707963267948966
1.4232340712639056,-1.5707963267948966
1.4232340712639056,1.5707963267948966
1.4284236348988615,-1.5707963267948966
1.4284236348988615,1.5707963267948966
1.4336119120362265,-1.5707963267948966
1.4336119120362265,1.5707963267948966
1.4387989507654726,-1.5707963267948966
1.4387989507654726,1.5707963267948966
1.4439847990284196,-1.5707963267948966
1.4439847990284196,1.5707963267948966
1.4491695046253084,-1.5707963267948966
1.4491695046253084,1.5707963267948966
1.4543531152207825,-1.5707963267948966
1.4543531152207825,1.5707963267948966
1.4595356783497235,-1.5707963267948966
1.4595356783497235,1.5707963267948966
1.4647172414230565,-1.5707963267948966
1.4647172414230565,1.5707963267948966
1.4698978517338956,-1.5707963267948966
1.4698978517338956,1.5707963267948966
1.475077556462776,-1.5707963267948966
1.475077556462776,1.5707963267948966
1.4802564026839327,-1.5707963267948966
1.4802564026839327,1.5707963267948966
1.4854344373706168,-1.5707963267948966
1.4854344373706168,1.5707963267948966
1.4906117074007994,-1.5707963267948966
1.4906117074007994,1.5707963267948966
1.4957882595630643,-1.5707963267948966
1.4957882595630643,1.5707963267948966
1.5009641405619063,-1.5707963267948966
1.5009641405619063,1.5707963267948966
1.5061393970233616,-1.5707963267948966
1.5061393970233616,1.5707963267948966
1.5113140755005356,-1.5707963267948966
1.5113140755005356,1.5707963267948966
1.5164882224792118,-1.5707963267948966
1.5164882224792118,1.5707963267948966
1.5216618843831742,-1.5707963267948966
1.5216618843831742,1.5707963267948966
1.5268351075798818,-1.5707963267948966
1.5268351075798818,1.5707963267948966
1.5320079383855376,-1.5707963267948966
1.5320079383855376,1.5707963267948966
1.5371804230709745,-1.5707963267948966
1.5371804230709745,1.5707963267948966
1.542352607866715,-1.5707963267948966
1.542352607866715,1.5707963267948966
1.547524538968465,-1.5707963267948966
1.547524538968465,1.5707963267948966
1.5526962625425282,-1.5707963267948966
1.5526962625425282,1.5707963267948966
1.5578678247310864,-1.5707963267948966
1.5578678247310864,1.5707963267948966
1.563039271657689,-1.5707963267948966
1.563039271657689,1.5707963267948966
1.5682106494324048,-1.5707963267948966
1.5682106494324048,1.5707963267948966
1.5707963267948966,-1.5707963267948966
1.5707963267948966,1.5707963267948966
