dx_1
-1.5707963267948966,-1.5707963267948966
-1.5707963267948966,1.5707963267948966
-1.5643374944888426,-1.5707963267948966
-1.5643374944888426,1.5707963267948966
-1.5514194706024544,-1.5707963267948966
-1.5514194706024544,1.5707963267948966
-1.5385003686334195,-1.5707963267948966
-1.5385003686334195,1.5707963267948966
-1.525579468993149,-1.5707963267948966
-1.525579468993149,1.5707963267948966
-1.5126560507908287,-1.5707963267948966
-1.5126560507908287,1.5707963267948966
-1.4997293913085998,-1.5707963267948966
-1.4997293913085998,1.5707963267948966
-1.4867987654723844,-1.5707963267948966
-1.4867987654723844,1.5707963267948966
-1.4738634453177877,-1.5707963267948966
-1.4738634453177877,1.5707963267948966
-1.4609226994493119,-1.5707963267948966
-1.4609226994493119,1.5707963267948966
-1.4479757924919747,-1.5707963267948966
-1.4479757924919747,1.5707963267948966
-1.4350219845338061,-1.5707963267948966
-1.4350219845338061,1.5707963267948966
-1.4220605305581575,-1.5707963267948966
-1.4220605305581575,1.5707963267948966
-1.4090906798641805,-1.5707963267948966
-1.4090906798641805,1.5707963267948966
-1.3961116754743021,-1.5707963267948966
-1.3961116754743021,1.5707963267948966
-1.3831227535270532,-1.5707963267948966
-1.3831227535270532,1.5707963267948966
-1.3701231426536362,-1.5707963267948966
-1.3701231426536362,1.5707963267948966
-1.3571120633367684,-1.5707963267948966
-1.3571120633367684,1.5707963267948966
-1.3440887272501008,-1.5707963267948966
-1.3440887272501008,1.5707963267948966
-1.3310523365759286,-1.5707963267948966
-1.3310523365759286,1.5707963267948966
-1.3180020833000086,-1.5707963267948966
-1.3180020833000086,1.5707963267948966
-1.30493714848071,-1.5707963267948966
-1.30493714848071,1.5707963267948966
-1.2918567014908762,-1.5707963267948966
-1.2918567014908762,1.5707963267948966
-1.278759899229573,-1.5707963267948966
-1.278759899229573,1.5707963267948966
-1.2656458853016768,-1.5707963267948966
-1.2656458853016768,1.5707963267948966
-1.2525137891622207,-1.5707963267948966
-1.2525137891622207,1.5707963267948966
-1.2393627252230315,-1.5707963267948966
-1.2393627252230315,1.5707963267948966
-1.2261917919182321,-1.5707963267948966
-1.2261917919182321,1.5707963267948966
-1.2130000707253514,-1.5707963267948966
-1.2130000707253514,1.5707963267948966
-1.1997866251385905,-1.5707963267948966
-1.1997866251385905,1.5707963267948966
-1.18655049959022,-1.5707963267948966
-1.18655049959022,1.5707963267948966
-1.1732907183159182,-1.5707963267948966
-1.1732907183159182,1.5707963267948966
-1.160006284159369,-1.5707963267948966
-1.160006284159369,1.5707963267948966
-1.1466961773113513,-1.5707963267948966
-1.1466961773113513,1.5707963267948966
-1.1333593539777191,-1.5707963267948966
-1.1333593539777191,1.5707963267948966
-1.119994744970422,-1.5707963267948966
-1.119994744970422,1.5707963267948966
-1.1066012542149744,-1.5707963267948966
-1.1066012542149744,1.5707963267948966
-1.0931777571676145,-1.5707963267948966
-1.0931777571676145,1.5707963267948966
-1.079723099133889,-1.5707963267948966
-1.079723099133889,1.5707963267948966
-1.0662360934805761,-1.5707963267948966
-1.0662360934805761,1.5707963267948966
-1.0527155197313847,-1.5707963267948966
-1.0527155197313847,1.5707963267948966
-1.0391601215361301,-1.5707963267948966
-1.0391601215361301,1.5707963267948966
-1.025568604501883,-1.5707963267948966
-1.025568604501883,1.5707963267948966
-1.0119396338735143,-1.5707963267948966
-1.0119396338735143,1.5707963267948966
-0.9982718320499459,-1.5707963267948966
-0.9982718320499459,1.5707963267948966
-0.9845637759200521,-1.5707963267948966
-0.9845637759200521,1.5707963267948966
-0.9708139940015946,-1.5707963267948966
-0.9708139940015946,1.5707963267948966
-0.9570209633633191,-1.5707963267948966
-0.9570209633633191,1.5707963267948966
-0.9431831063095316,-1.5707963267948966
-0.9431831063095316,1.5707963267948966
-0.9292987868024599,-1.5707963267948966
-0.9292987868024599,1.5707963267948966
-0.9153663065960292,-1.5707963267948966
-0.9153663065960292,1.5707963267948966
-0.9013839010505962,-1.5707963267948966
-0.9013839010505962,1.5707963267948966
-0.8873497345948623,-1.5707963267948966
-0.8873497345948623,1.5707963267948966
-0.873261895796485,-1.5707963267948966
-0.873261895796485,1.5707963267948966
-0.8591183919977624,-1.5707963267948966
-0.8591183919977624,1.5707963267948966
-0.8449171434679292,-1.5707963267948966
-0.8449171434679292,1.5707963267948966
-0.8306559770152778,-1.5707963267948966
-0.8306559770152778,1.5707963267948966
-0.8163326189957041,-1.5707963267948966
-0.8163326189957041,1.5707963267948966
-0.8019446876449235,-1.5707963267948966
-0.8019446876449235,1.5707963267948966
-0.7874896846500943,-1.5707963267948966
-0.7874896846500943,1.5707963267948966
-0.7729649858653911,-1.5707963267948966
-0.7729649858653911,1.5707963267948966
-0.758367831059985,-1.5707963267948966
-0.758367831059985,1.5707963267948966
-0.7436953125695304,-1.5707963267948966
-0.7436953125695304,1.5707963267948966
-0.7289443627025423,-1.5707963267948966
-0.7289443627025423,1.5707963267948966
-0.7141117397264333,-1.5707963267948966
-0.7141117397264333,1.5707963267948966
-0.6991940122293707,-1.5707963267948966
-0.6991940122293707,1.5707963267948966
-0.6841875416178768,-1.5707963267948966
-0.6841875416178768,1.5707963267948966
-0.6690884624665572,-1.5707963267948966
-0.6690884624665572,1.5707963267948966
-0.6538926603830327,-1.5707963267948966
-0.6538926603830327,1.5707963267948966
-0.6385957469876627,-1.5707963267948966
-0.6385957469876627,1.5707963267948966
-0.6231930315266577,-1.5707963267948966
-0.6231930315266577,1.5707963267948966
-0.6076794885398928,-1.5707963267948966
-0.6076794885398928,1.5707963267948966
-0.5920497208814199,-1.5707963267948966
-0.5920497208814199,1.5707963267948966
-0.5762979172369413,-1.5707963267948966
-0.5762979172369413,1.5707963267948966
-0.5604178030885484,-1.5707963267948966
-0.5604178030885484,1.5707963267948966
-0.5444025838285236,-1.5707963267948966
-0.5444025838285236,1.5707963267948966
-0.5282448784072896,-1.5707963267948966
-0.5282448784072896,1.5707963267948966
-0.5119366414877472,-1.5707963267948966
-0.5119366414877472,1.5707963267948966
-0.4954690715388305,-1.5707963267948966
-0.4954690715388305,1.5707963267948966
-0.47883250158917856,-1.5707963267948966
-0.47883250158917856,1.5707963267948966
-0.46201626840787785,-1.5707963267948966
-0.46201626840787785,1.5707963267948966
-0.4450085545886683,-1.5707963267948966
-0.4450085545886683,1.5707963267948966
-0.4277961962437328,-1.5707963267948966
-0.4277961962437328,1.5707963267948966
-0.41036444654889276,-1.5707963267948966
-0.41036444654889276,1.5707963267948966
-0.3926966818952687,-1.5707963267948966
-0.3926966818952687,1.5707963267948966
-0.3747740323845353,-1.5707963267948966
-0.3747740323845353,1.5707963267948966
-0.35657491103633465,-1.5707963267948966
-0.35657491103633465,1.5707963267948966
-0.3380744050215787,-1.5707963267948966
-0.3380744050215787,1.5707963267948966
-0.31924347523546653,-1.5707963267948966
-0.31924347523546653,1.5707963267948966
-0.30004788365213364,-1.5707963267948966
-0.30004788365213364,1.5707963267948966
-0.2804467240577247,-1.5707963267948966
-0.2804467240577247,1.5707963267948966
-0.26039035757610446,-1.5707963267948966
-0.26039035757610446,1.5707963267948966
-0.23981742344651494,-1.5707963267948966
-0.23981742344651494,1.5707963267948966
-0.2186503524685091,-1.5707963267948966
-0.2186503524685091,1.5707963267948966
-0.19678833146023436,-1.5707963267948966
-0.19678833146023436,1.5707963267948966
-0.17409565036330318,-1.5707963267948966
-0.17409565036330318,1.5707963267948966
-0.1503809952360894,-1.5707963267948966
-0.1503809952360894,1.5707963267948966
-0.1253570184913534,-1.5707963267948966
-0.1253570184913534,1.5707963267948966
-0.09855012119358768,-1.5707963267948966
-0.09855012119358768,1.5707963267948966
-0.06905271194878418,-1.5707963267948966
-0.06905271194878418,1.5707963267948966
-0.03452404078186481,-1.5707963267948966
-0.03452404078186481,1.5707963267948966
0.034524040781870505,-1.5707963267948966
0.034524040781870505,1.5707963267948966
0.06905271194879417,-1.5707963267948966
0.06905271194879417,1.5707963267948966
0.09855012119358872,-1.5707963267948966
0.09855012119358872,1.5707963267948966
0.12535701849135159,-1.5707963267948966
0.12535701849135159,1.5707963267948966
0.15038099523607254,-1.5707963267948966
0.15038099523607254,1.5707963267948966
0.17409565036329916,-1.5707963267948966
0.17409565036329916,1.5707963267948966
0.1967883314602511,-1.5707963267948966
0.1967883314602511,1.5707963267948966
0.21865035246855014,-1.5707963267948966
0.21865035246855014,1.5707963267948966
0.23981742344657397,-1.5707963267948966
0.23981742344657397,1.5707963267948966
0.2603903575761905,-1.5707963267948966
0.2603903575761905,1.5707963267948966
0.28044672405783244,-1.5707963267948966
0.28044672405783244,1.5707963267948966
0.3000478836522336,-1.5707963267948966
0.3000478836522336,1.5707963267948966
0.3192434752355855,-1.5707963267948966
0.3192434752355855,1.5707963267948966
0.3380744050216666,-1.5707963267948966
0.3380744050216666,1.5707963267948966
0.35657491103643074,-1.5707963267948966
0.35657491103643074,1.5707963267948966
0.37477403238463924,-1.5707963267948966
0.37477403238463924,1.5707963267948966
0.3926966818953604,-1.5707963267948966
0.3926966818953604,1.5707963267948966
0.4103644465490055,-1.5707963267948966
0.4103644465490055,1.5707963267948966
0.42779619624387377,-1.5707963267948966
0.42779619624387377,1.5707963267948966
0.4450085545888333,-1.5707963267948966
0.4450085545888333,1.5707963267948966
0.46201626840805454,-1.5707963267948966
0.46201626840805454,1.5707963267948966
0.4788325015893578,-1.5707963267948966
0.4788325015893578,1.5707963267948966
0.4954690715390002,-1.5707963267948966
0.4954690715390002,1.5707963267948966
0.5119366414879035,-1.5707963267948966
0.5119366414879035,1.5707963267948966
0.5282448784074291,-1.5707963267948966
0.5282448784074291,1.5707963267948966
0.5444025838286182,-1.5707963267948966
0.5444025838286182,1.5707963267948966
0.560417803088664,-1.5707963267948966
0.560417803088664,1.5707963267948966
0.5762979172370593,-1.5707963267948966
0.5762979172370593,1.5707963267948966
0.5920497208815136,-1.5707963267948966
0.5920497208815136,1.5707963267948966
0.6076794885399837,-1.5707963267948966
0.6076794885399837,1.5707963267948966
0.6231930315267611,-1.5707963267948966
0.6231930315267611,1.5707963267948966
0.6385957469878071,-1.5707963267948966
0.6385957469878071,1.5707963267948966
0.6538926603832061,-1.5707963267948966
0.6538926603832061,1.5707963267948966
0.6690884624667415,-1.5707963267948966
0.6690884624667415,1.5707963267948966
0.6841875416180787,-1.5707963267948966
0.6841875416180787,1.5707963267948966
0.6991940122295351,-1.5707963267948966
0.6991940122295351,1.5707963267948966
0.7141117397266237,-1.5707963267948966
0.7141117397266237,1.5707963267948966
0.7289443627027721,-1.5707963267948966
0.7289443627027721,1.5707963267948966
0.7436953125697351,-1.5707963267948966
0.7436953125697351,1.5707963267948966
0.758367831060208,-1.5707963267948966
0.758367831060208,1.5707963267948966
0.7729649858656235,-1.5707963267948966
0.7729649858656235,1.5707963267948966
0.787489684650291,-1.5707963267948966
0.787489684650291,1.5707963267948966
0.8019446876451365,-1.5707963267948966
0.8019446876451365,1.5707963267948966
0.8163326189959437,-1.5707963267948966
0.8163326189959437,1.5707963267948966
0.830655977015502,-1.5707963267948966
0.830655977015502,1.5707963267948966
0.8449171434681508,-1.5707963267948966
0.8449171434681508,1.5707963267948966
0.8591183919979413,-1.5707963267948966
0.8591183919979413,1.5707963267948966
0.8732618957966933,-1.5707963267948966
0.8732618957966933,1.5707963267948966
0.8873497345951054,-1.5707963267948966
0.8873497345951054,1.5707963267948966
0.90138390105082,-1.5707963267948966
0.90138390105082,1.5707963267948966
0.9153663065962481,-1.5707963267948966
0.9153663065962481,1.5707963267948966
0.9292987868027028,-1.5707963267948966
0.9292987868027028,1.5707963267948966
0.9431831063097772,-1.5707963267948966
0.9431831063097772,1.5707963267948966
0.9570209633635685,-1.5707963267948966
0.9570209633635685,1.5707963267948966
0.9708139940018597,-1.5707963267948966
0.9708139940018597,1.5707963267948966
0.9845637759203438,-1.5707963267948966
0.9845637759203438,1.5707963267948966
0.9982718320502275,-1.5707963267948966
0.9982718320502275,1.5707963267948966
1.0119396338738182,-1.5707963267948966
1.0119396338738182,1.5707963267948966
1.0255686045022083,-1.5707963267948966
1.0255686045022083,1.5707963267948966
1.0391601215364739,-1.5707963267948966
1.0391601215364739,1.5707963267948966
1.0527155197317086,-1.5707963267948966
1.0527155197317086,1.5707963267948966
1.0662360934808743,-1.5707963267948966
1.0662360934808743,1.5707963267948966
1.0797230991341704,-1.5707963267948966
1.0797230991341704,1.5707963267948966
1.0931777571679007,-1.5707963267948966
1.0931777571679007,1.5707963267948966
1.1066012542152504,-1.5707963267948966
1.1066012542152504,1.5707963267948966
1.119994744970681,-1.5707963267948966
1.119994744970681,1.5707963267948966
1.1333593539779834,-1.5707963267948966
1.1333593539779834,1.5707963267948966
1.1466961773116313,-1.5707963267948966
1.1466961773116313,1.5707963267948966
1.1600062841596608,-1.5707963267948966
1.1600062841596608,1.5707963267948966
1.1732907183161967,-1.5707963267948966
1.1732907183161967,1.5707963267948966
1.1865504995904956,-1.5707963267948966
1.1865504995904956,1.5707963267948966
1.199786625138852,-1.5707963267948966
1.199786625138852,1.5707963267948966
1.213000070725613,-1.5707963267948966
1.213000070725613,1.5707963267948966
1.226191791918499,-1.5707963267948966
1.226191791918499,1.5707963267948966
1.2393627252232868,-1.5707963267948966
1.2393627252232868,1.5707963267948966
1.2525137891624536,-1.5707963267948966
1.2525137891624536,1.5707963267948966
1.2656458853019006,-1.5707963267948966
1.2656458853019006,1.5707963267948966
1.2787598992297995,-1.5707963267948966
1.2787598992297995,1.5707963267948966
1.2918567014911126,-1.5707963267948966
1.2918567014911126,1.5707963267948966
1.3049371484809205,-1.5707963267948966
1.3049371484809205,1.5707963267948966
1.3180020833001895,-1.5707963267948966
1.3180020833001895,1.5707963267948966
1.3310523365761053,-1.5707963267948966
1.3310523365761053,1.5707963267948966
1.344088727250285,-1.5707963267948966
1.344088727250285,1.5707963267948966
1.3571120633369682,-1.5707963267948966
1.3571120633369682,1.5707963267948966
1.3701231426538245,-1.5707963267948966
1.3701231426538245,1.5707963267948966
1.3831227535272639,-1.5707963267948966
1.3831227535272639,1.5707963267948966
1.3961116754745138,-1.5707963267948966
1.3961116754745138,1.5707963267948966
1.4090906798643599,-1.5707963267948966
1.4090906798643599,1.5707963267948966
1.4220605305583403,-1.5707963267948966
1.4220605305583403,1.5707963267948966
1.4350219845339636,-1.5707963267948966
1.4350219845339636,1.5707963267948966
1.4479757924921137,-1.5707963267948966
1.4479757924921137,1.5707963267948966
1.4609226994494506,-1.5707963267948966
1.4609226994494506,1.5707963267948966
1.4738634453178932,-1.5707963267948966
1.4738634453178932,1.5707963267948966
1.4867987654724668,-1.5707963267948966
1.4867987654724668,1.5707963267948966
1.4997293913086738,-1.5707963267948966
1.4997293913086738,1.5707963267948966
1.5126560507909026,-1.5707963267948966
1.5126560507909026,1.5707963267948966
1.525579468993188,-1.5707963267948966
1.525579468993188,1.5707963267948966
1.5385003686334544,-1.5707963267948966
1.5385003686334544,1.5707963267948966
1.5514194706024933,-1.5707963267948966
1.5514194706024933,1.5707963267948966
1.5643374944888486,-1.5707963267948966
1.5643374944888486,1.5707963267948966
1.5707963267948966,-1.5707963267948966
1.5707963267948966,1.5707963267948966
