dx_1
-1.0,-1.0
-1.0,1.0
-0.9992612866508909,-1.0
-0.9992612866508909,1.0
-0.9977830298829967,-1.0
-0.9977830298829967,1.0
-0.9963039411300461,-1.0
-0.9963039411300461,1.0
-0.9948240184673945,-1.0
-0.9948240184673945,1.0
-0.9933432599624752,-1.0
-0.9933432599624752,1.0
-0.9918616636739249,-1.0
-0.9918616636739249,1.0
-0.9903792276513331,-1.0
-0.9903792276513331,1.0
-0.9888959499365825,-1.0
-0.9888959499365825,1.0
-0.9874118285620191,-1.0
-0.9874118285620191,1.0
-0.9859268615512805,-1.0
-0.9859268615512805,1.0
-0.9844410469195732,-1.0
-0.9844410469195732,1.0
-0.9829543826723803,-1.0
-0.9829543826723803,1.0
-0.9814668668066168,-1.0
-0.9814668668066168,1.0
-0.9799784973104987,-1.0
-0.9799784973104987,1.0
-0.9784892721625826,-1.0
-0.9784892721625826,1.0
-0.976999189332897,-1.0
-0.976999189332897,1.0
-0.9755082467815177,-1.0
-0.9755082467815177,1.0
-0.9740164424598592,-1.0
-0.9740164424598592,1.0
-0.9725237743092497,-1.0
-0.9725237743092497,1.0
-0.9710302402622023,-1.0
-0.9710302402622023,1.0
-0.9695358382417769,-1.0
-0.9695358382417769,1.0
-0.9680405661609699,-1.0
-0.9680405661609699,1.0
-0.9665444219237337,-1.0
-0.9665444219237337,1.0
-0.9650474034240532,-1.0
-0.9650474034240532,1.0
-0.9635495085460715,-1.0
-0.9635495085460715,1.0
-0.9620507351643308,-1.0
-0.9620507351643308,1.0
-0.9605510811435868,-1.0
-0.9605510811435868,1.0
-0.9590505443378251,-1.0
-0.9590505443378251,1.0
-0.9575491225925146,-1.0
-0.9575491225925146,1.0
-0.9560468137415076,-1.0
-0.9560468137415076,1.0
-0.9545436156094683,-1.0
-0.9545436156094683,1.0
-0.9530395260103844,-1.0
-0.9530395260103844,1.0
-0.9515345427482543,-1.0
-0.9515345427482543,1.0
-0.9500286636167217,-1.0
-0.9500286636167217,1.0
-0.9485218863986644,-1.0
-0.9485218863986644,1.0
-0.9470142088665252,-1.0
-0.9470142088665252,1.0
-0.9455056287819937,-1.0
-0.9455056287819937,1.0
-0.9439961438967538,-1.0
-0.9439961438967538,1.0
-0.9424857519512552,-1.0
-0.9424857519512552,1.0
-0.9409744506750213,-1.0
-0.9409744506750213,1.0
-0.93946223778717,-1.0
-0.93946223778717,1.0
-0.937949110995468,-1.0
-0.937949110995468,1.0
-0.936435067996634,-1.0
-0.936435067996634,1.0
-0.9349201064767064,-1.0
-0.9349201064767064,1.0
-0.9334042241096271,-1.0
-0.9334042241096271,1.0
-0.9318874185588245,-1.0
-0.9318874185588245,1.0
-0.9303696874762539,-1.0
-0.9303696874762539,1.0
-0.9288510285022941,-1.0
-0.9288510285022941,1.0
-0.9273314392653199,-1.0
-0.9273314392653199,1.0
-0.9258109173826368,-1.0
-0.9258109173826368,1.0
-0.9242894604605778,-1.0
-0.9242894604605778,1.0
-0.9227670660920693,-1.0
-0.9227670660920693,1.0
-0.9212437318594475,-1.0
-0.9212437318594475,1.0
-0.9197194553323312,-1.0
-0.9197194553323312,1.0
-0.9181942340686138,-1.0
-0.9181942340686138,1.0
-0.9166680656144046,-1.0
-0.9166680656144046,1.0
-0.9151409475026303,-1.0
-0.9151409475026303,1.0
-0.913612877254584,-1.0
-0.913612877254584,1.0
-0.9120838523793945,-1.0
-0.9120838523793945,1.0
-0.9105538703734228,-1.0
-0.9105538703734228,1.0
-0.9090229287202899,-1.0
-0.9090229287202899,1.0
-0.9074910248908477,-1.0
-0.9074910248908477,1.0
-0.9059581563437451,-1.0
-0.9059581563437451,1.0
-0.904424320523923,-1.0
-0.904424320523923,1.0
-0.9028895148642883,-1.0
-0.9028895148642883,1.0
-0.9013537367840729,-1.0
-0.9013537367840729,1.0
-0.8998169836894673,-1.0
-0.8998169836894673,1.0
-0.8982792529730469,-1.0
-0.8982792529730469,1.0
-0.8967405420148831,-1.0
-0.8967405420148831,1.0
-0.8952008481810667,-1.0
-0.8952008481810667,1.0
-0.8936601688238833,-1.0
-0.8936601688238833,1.0
-0.8921185012822697,-1.0
-0.8921185012822697,1.0
-0.8905758428817104,-1.0
-0.8905758428817104,1.0
-0.8890321909329549,-1.0
-0.8890321909329549,1.0
-0.8874875427336868,-1.0
-0.8874875427336868,1.0
-0.8859418955668964,-1.0
-0.8859418955668964,1.0
-0.884395246701301,-1.0
-0.884395246701301,1.0
-0.8828475933921769,-1.0
-0.8828475933921769,1.0
-0.8812989328793579,-1.0
-0.8812989328793579,1.0
-0.8797492623886761,-1.0
-0.8797492623886761,1.0
-0.8781985791311047,-1.0
-0.8781985791311047,1.0
-0.8766468803032307,-1.0
-0.8766468803032307,1.0
-0.8750941630863477,-1.0
-0.8750941630863477,1.0
-0.8735404246469969,-1.0
-0.8735404246469969,1.0
-0.8719856621365312,-1.0
-0.8719856621365312,1.0
-0.8704298726908554,-1.0
-0.8704298726908554,1.0
-0.8688730534307901,-1.0
-0.8688730534307901,1.0
-0.8673152014617508,-1.0
-0.8673152014617508,1.0
-0.865756313873542,-1.0
-0.865756313873542,1.0
-0.8641963877401853,-1.0
-0.8641963877401853,1.0
-0.862635420119751,-1.0
-0.862635420119751,1.0
-0.861073408054475,-1.0
-0.861073408054475,1.0
-0.8595103485705783,-1.0
-0.8595103485705783,1.0
-0.8579462386779971,-1.0
-0.8579462386779971,1.0
-0.856381075370497,-1.0
-0.856381075370497,1.0
-0.8548148556249228,-1.0
-0.8548148556249228,1.0
-0.8532475764014891,-1.0
-0.8532475764014891,1.0
-0.851679234644276,-1.0
-0.851679234644276,1.0
-0.8501098272802463,-1.0
-0.8501098272802463,1.0
-0.8485393512188167,-1.0
-0.8485393512188167,1.0
-0.8469678033529331,-1.0
-0.8469678033529331,1.0
-0.8453951805576131,-1.0
-0.8453951805576131,1.0
-0.8438214796911816,-1.0
-0.8438214796911816,1.0
-0.8422466975937679,-1.0
-0.8422466975937679,1.0
-0.8406708310880281,-1.0
-0.8406708310880281,1.0
-0.8390938769785485,-1.0
-0.8390938769785485,1.0
-0.8375158320521569,-1.0
-0.8375158320521569,1.0
-0.8359366930772518,-1.0
-0.8359366930772518,1.0
-0.8343564568043867,-1.0
-0.8343564568043867,1.0
-0.8327751199647553,-1.0
-0.8327751199647553,1.0
-0.8311926792715549,-1.0
-0.8311926792715549,1.0
-0.8296091314191972,-1.0
-0.8296091314191972,1.0
-0.8280244730829351,-1.0
-0.8280244730829351,1.0
-0.8264387009192153,-1.0
-0.8264387009192153,1.0
-0.8248518115651324,-1.0
-0.8248518115651324,1.0
-0.8232638016379055,-1.0
-0.8232638016379055,1.0
-0.8216746677354836,-1.0
-0.8216746677354836,1.0
-0.8200844064359976,-1.0
-0.8200844064359976,1.0
-0.8184930142979874,-1.0
-0.8184930142979874,1.0
-0.8169004878595046,-1.0
-0.8169004878595046,1.0
-0.8153068236382518,-1.0
-0.8153068236382518,1.0
-0.813712018131784,-1.0
-0.813712018131784,1.0
-0.8121160678168561,-1.0
-0.8121160678168561,1.0
-0.8105189691497431,-1.0
-0.8105189691497431,1.0
-0.8089207185653631,-1.0
-0.8089207185653631,1.0
-0.8073213124773703,-1.0
-0.8073213124773703,1.0
-0.8057207472781247,-1.0
-0.8057207472781247,1.0
-0.8041190193387895,-1.0
-0.8041190193387895,1.0
-0.8025161250089093,-1.0
-0.8025161250089093,1.0
-0.8009120606155296,-1.0
-0.8009120606155296,1.0
-0.7993068224637593,-1.0
-0.7993068224637593,1.0
-0.7977004068365913,-1.0
-0.7977004068365913,1.0
-0.7960928099944555,-1.0
-0.7960928099944555,1.0
-0.7944840281749701,-1.0
-0.7944840281749701,1.0
-0.7928740575931724,-1.0
-0.7928740575931724,1.0
-0.7912628944403657,-1.0
-0.7912628944403657,1.0
-0.7896505348853017,-1.0
-0.7896505348853017,1.0
-0.7880369750726288,-1.0
-0.7880369750726288,1.0
-0.7864222111234548,-1.0
-0.7864222111234548,1.0
-0.7848062391351165,-1.0
-0.7848062391351165,1.0
-0.7831890551804499,-1.0
-0.7831890551804499,1.0
-0.7815706553081693,-1.0
-0.7815706553081693,1.0
-0.7799510355422901,-1.0
-0.7799510355422901,1.0
-0.7783301918818469,-1.0
-0.7783301918818469,1.0
-0.7767081203010364,-1.0
-0.7767081203010364,1.0
-0.7750848167484522,-1.0
-0.7750848167484522,1.0
-0.7734602771477209,-1.0
-0.7734602771477209,1.0
-0.7718344973963177,-1.0
-0.7718344973963177,1.0
-0.7702074733654422,-1.0
-0.7702074733654422,1.0
-0.7685792009008598,-1.0
-0.7685792009008598,1.0
-0.7669496758209519,-1.0
-0.7669496758209519,1.0
-0.7653188939181839,-1.0
-0.7653188939181839,1.0
-0.7636868509573199,-1.0
-0.7636868509573199,1.0
-0.7620535426762832,-1.0
-0.7620535426762832,1.0
-0.7604189647852811,-1.0
-0.7604189647852811,1.0
-0.7587831129674057,-1.0
-0.7587831129674057,1.0
-0.757145982876918,-1.0
-0.757145982876918,1.0
-0.7555075701399625,-1.0
-0.7555075701399625,1.0
-0.7538678703548476,-1.0
-0.7538678703548476,1.0
-0.7522268790900256,-1.0
-0.7522268790900256,1.0
-0.7505845918859573,-1.0
-0.7505845918859573,1.0
-0.7489410042523508,-1.0
-0.7489410042523508,1.0
-0.7472961116706821,-1.0
-0.7472961116706821,1.0
-0.7456499095913109,-1.0
-0.7456499095913109,1.0
-0.7440023934353128,-1.0
-0.7440023934353128,1.0
-0.7423535585926615,-1.0
-0.7423535585926615,1.0
-0.7407034004226016,-1.0
-0.7407034004226016,1.0
-0.7390519142533473,-1.0
-0.7390519142533473,1.0
-0.7373990953813343,-1.0
-0.7373990953813343,1.0
-0.7357449390713299,-1.0
-0.7357449390713299,1.0
-0.7340894405567763,-1.0
-0.7340894405567763,1.0
-0.7324325950381602,-1.0
-0.7324325950381602,1.0
-0.7307743976834484,-1.0
-0.7307743976834484,1.0
-0.7291148436270071,-1.0
-0.7291148436270071,1.0
-0.7274539279704367,-1.0
-0.7274539279704367,1.0
-0.7257916457817141,-1.0
-0.7257916457817141,1.0
-0.7241279920941964,-1.0
-0.7241279920941964,1.0
-0.7224629619074393,-1.0
-0.7224629619074393,1.0
-0.7207965501864074,-1.0
-0.7207965501864074,1.0
-0.7191287518600848,-1.0
-0.7191287518600848,1.0
-0.7174595618230739,-1.0
-0.7174595618230739,1.0
-0.7157889749336929,-1.0
-0.7157889749336929,1.0
-0.7141169860140976,-1.0
-0.7141169860140976,1.0
-0.7124435898497847,-1.0
-0.7124435898497847,1.0
-0.7107687811898985,-1.0
-0.7107687811898985,1.0
-0.7090925547458856,-1.0
-0.7090925547458856,1.0
-0.7074149051912759,-1.0
-0.7074149051912759,1.0
-0.7057358271623188,-1.0
-0.7057358271623188,1.0
-0.7040553152559211,-1.0
-0.7040553152559211,1.0
-0.7023733640305844,-1.0
-0.7023733640305844,1.0
-0.7006899680057691,-1.0
-0.7006899680057691,1.0
-0.699005121660737,-1.0
-0.699005121660737,1.0
-0.6973188194351289,-1.0
-0.6973188194351289,1.0
-0.6956310557276479,-1.0
-0.6956310557276479,1.0
-0.6939418248961793,-1.0
-0.6939418248961793,1.0
-0.6922511212576405,-1.0
-0.6922511212576405,1.0
-0.6905589390861931,-1.0
-0.6905589390861931,1.0
-0.6888652726143196,-1.0
-0.6888652726143196,1.0
-0.687170116031792,-1.0
-0.687170116031792,1.0
-0.6854734634851988,-1.0
-0.6854734634851988,1.0
-0.683775309077006,-1.0
-0.683775309077006,1.0
-0.6820756468658774,-1.0
-0.6820756468658774,1.0
-0.6803744708663719,-1.0
-0.6803744708663719,1.0
-0.6786717750465513,-1.0
-0.6786717750465513,1.0
-0.6769675533302401,-1.0
-0.6769675533302401,1.0
-0.6752617995939585,-1.0
-0.6752617995939585,1.0
-0.673554507668654,-1.0
-0.673554507668654,1.0
-0.6718456713376396,-1.0
-0.6718456713376396,1.0
-0.670135284336513,-1.0
-0.670135284336513,1.0
-0.6684233403528341,-1.0
-0.6684233403528341,1.0
-0.6667098330249799,-1.0
-0.6667098330249799,1.0
-0.664994755942543,-1.0
-0.664994755942543,1.0
-0.6632781026451108,-1.0
-0.6632781026451108,1.0
-0.6615598666217363,-1.0
-0.6615598666217363,1.0
-0.6598400413105256,-1.0
-0.6598400413105256,1.0
-0.658118620098241,-1.0
-0.658118620098241,1.0
-0.6563955963192155,-1.0
-0.6563955963192155,1.0
-0.6546709632549669,-1.0
-0.6546709632549669,1.0
-0.652944714133653,-1.0
-0.652944714133653,1.0
-0.6512168421294556,-1.0
-0.6512168421294556,1.0
-0.6494873403622363,-1.0
-0.6494873403622363,1.0
-0.647756201896262,-1.0
-0.647756201896262,1.0
-0.6460234197400903,-1.0
-0.6460234197400903,1.0
-0.6442889868453902,-1.0
-0.6442889868453902,1.0
-0.6425528961068803,-1.0
-0.6425528961068803,1.0
-0.6408151403615336,-1.0
-0.6408151403615336,1.0
-0.6390757123874338,-1.0
-0.6390757123874338,1.0
-0.6373346049032584,-1.0
-0.6373346049032584,1.0
-0.6355918105681955,-1.0
-0.6355918105681955,1.0
-0.6338473219803309,-1.0
-0.6338473219803309,1.0
-0.6321011316758057,-1.0
-0.6321011316758057,1.0
-0.630353232129906,-1.0
-0.630353232129906,1.0
-0.6286036157538835,-1.0
-0.6286036157538835,1.0
-0.6268522748953671,-1.0
-0.6268522748953671,1.0
-0.6250992018378135,-1.0
-0.6250992018378135,1.0
-0.6233443887991581,-1.0
-0.6233443887991581,1.0
-0.621587827931806,-1.0
-0.621587827931806,1.0
-0.6198295113203877,-1.0
-0.6198295113203877,1.0
-0.6180694309823258,-1.0
-0.6180694309823258,1.0
-0.6163075788663053,-1.0
-0.6163075788663053,1.0
-0.6145439468517014,-1.0
-0.6145439468517014,1.0
-0.6127785267472997,-1.0
-0.6127785267472997,1.0
-0.6110113102910608,-1.0
-0.6110113102910608,1.0
-0.6092422891483789,-1.0
-0.6092422891483789,1.0
-0.6074714549123054,-1.0
-0.6074714549123054,1.0
-0.6056987991014519,-1.0
-0.6056987991014519,1.0
-0.6039243131592611,-1.0
-0.6039243131592611,1.0
-0.6021479884539779,-1.0
-0.6021479884539779,1.0
-0.6003698162763427,-1.0
-0.6003698162763427,1.0
-0.5985897878398396,-1.0
-0.5985897878398396,1.0
-0.5968078942790395,-1.0
-0.5968078942790395,1.0
-0.59502412664857,-1.0
-0.59502412664857,1.0
-0.5932384759216592,-1.0
-0.5932384759216592,1.0
-0.5914509329902519,-1.0
-0.5914509329902519,1.0
-0.5896614886627145,-1.0
-0.5896614886627145,1.0
-0.587870133663879,-1.0
-0.587870133663879,1.0
-0.5860768586326605,-1.0
-0.5860768586326605,1.0
-0.584281654121412,-1.0
-0.584281654121412,1.0
-0.5824845105955796,-1.0
-0.5824845105955796,1.0
-0.5806854184312497,-1.0
-0.5806854184312497,1.0
-0.5788843679148644,-1.0
-0.5788843679148644,1.0
-0.5770813492414815,-1.0
-0.5770813492414815,1.0
-0.5752763525138863,-1.0
-0.5752763525138863,1.0
-0.5734693677410585,-1.0
-0.5734693677410585,1.0
-0.5716603848367213,-1.0
-0.5716603848367213,1.0
-0.5698493936185702,-1.0
-0.5698493936185702,1.0
-0.5680363838067851,-1.0
-0.5680363838067851,1.0
-0.5662213450221815,-1.0
-0.5662213450221815,1.0
-0.5644042667855348,-1.0
-0.5644042667855348,1.0
-0.5625851385152355,-1.0
-0.5625851385152355,1.0
-0.5607639495270084,-1.0
-0.5607639495270084,1.0
-0.5589406890313098,-1.0
-0.5589406890313098,1.0
-0.5571153461327145,-1.0
-0.5571153461327145,1.0
-0.5552879098283444,-1.0
-0.5552879098283444,1.0
-0.5534583690056925,-1.0
-0.5534583690056925,1.0
-0.5516267124411419,-1.0
-0.5516267124411419,1.0
-0.5497929287989166,-1.0
-0.5497929287989166,1.0
-0.5479570066289932,-1.0
-0.5479570066289932,1.0
-0.5461189343658847,-1.0
-0.5461189343658847,1.0
-0.5442787003261722,-1.0
-0.5442787003261722,1.0
-0.5424362927073142,-1.0
-0.5424362927073142,1.0
-0.540591699586273,-1.0
-0.540591699586273,1.0
-0.5387449089168188,-1.0
-0.5387449089168188,1.0
-0.5368959085280608,-1.0
-0.5368959085280608,1.0
-0.5350446861225445,-1.0
-0.5350446861225445,1.0
-0.5331912292742947,-1.0
-0.5331912292742947,1.0
-0.5313355254274267,-1.0
-0.5313355254274267,1.0
-0.5294775618937831,-1.0
-0.5294775618937831,1.0
-0.5276173258501383,-1.0
-0.5276173258501383,1.0
-0.5257548043374523,-1.0
-0.5257548043374523,1.0
-0.5238899842579925,-1.0
-0.5238899842579925,1.0
-0.5220228523728365,-1.0
-0.5220228523728365,1.0
-0.5201533953008096,-1.0
-0.5201533953008096,1.0
-0.5182815995150184,-1.0
-0.5182815995150184,1.0
-0.5164074513417111,-1.0
-0.5164074513417111,1.0
-0.5145309369568359,-1.0
-0.5145309369568359,1.0
-0.5126520423844163,-1.0
-0.5126520423844163,1.0
-0.5107707534941247,-1.0
-0.5107707534941247,1.0
-0.5088870559983876,-1.0
-0.5088870559983876,1.0
-0.5070009354495402,-1.0
-0.5070009354495402,1.0
-0.5051123772384041,-1.0
-0.5051123772384041,1.0
-0.5032213665907155,-1.0
-0.5032213665907155,1.0
-0.501327888564355,-1.0
-0.501327888564355,1.0
-0.49943192804729647,-1.0
-0.49943192804729647,1.0
-0.49753346975408624,-1.0
-0.49753346975408624,1.0
-0.4956324982233192,-1.0
-0.4956324982233192,1.0
-0.4937289978149484,-1.0
-0.4937289978149484,1.0
-0.49182295270621057,-1.0
-0.49182295270621057,1.0
-0.4899143468901778,-1.0
-0.4899143468901778,1.0
-0.48800316417118106,-1.0
-0.48800316417118106,1.0
-0.4860893881622463,-1.0
-0.4860893881622463,1.0
-0.4841730022816055,-1.0
-0.4841730022816055,1.0
-0.4822539897496911,-1.0
-0.4822539897496911,1.0
-0.4803323335850527,-1.0
-0.4803323335850527,1.0
-0.4784080166015593,-1.0
-0.4784080166015593,1.0
-0.47648102140446674,-1.0
-0.47648102140446674,1.0
-0.4745513303863652,-1.0
-0.4745513303863652,1.0
-0.47261892572395786,-1.0
-0.47261892572395786,1.0
-0.47068378937422833,-1.0
-0.47068378937422833,1.0
-0.46874590307037467,-1.0
-0.46874590307037467,1.0
-0.46680524831715925,-1.0
-0.46680524831715925,1.0
-0.46486180638766794,-1.0
-0.46486180638766794,1.0
-0.46291555831910924,-1.0
-0.46291555831910924,1.0
-0.4609664849075727,-1.0
-0.4609664849075727,1.0
-0.45901456670413937,-1.0
-0.45901456670413937,1.0
-0.45705978401037084,-1.0
-0.45705978401037084,1.0
-0.4551021168739587,-1.0
-0.4551021168739587,1.0
-0.45314154508321575,-1.0
-0.45314154508321575,1.0
-0.45117804816251544,-1.0
-0.45117804816251544,1.0
-0.4492116053679509,-1.0
-0.4492116053679509,1.0
-0.44724219568093576,-1.0
-0.44724219568093576,1.0
-0.44526979780405773,-1.0
-0.44526979780405773,1.0
-0.4432943901548875,-1.0
-0.4432943901548875,1.0
-0.44131595086125613,-1.0
-0.44131595086125613,1.0
-0.439334457754626,-1.0
-0.439334457754626,1.0
-0.4373498883650485,-1.0
-0.4373498883650485,1.0
-0.4353622199152007,-1.0
-0.4353622199152007,1.0
-0.4333714293133951,-1.0
-0.4333714293133951,1.0
-0.43137749314819346,-1.0
-0.43137749314819346,1.0
-0.4293803876817125,-1.0
-0.4293803876817125,1.0
-0.42738008884309386,-1.0
-0.42738008884309386,1.0
-0.4253765722214008,-1.0
-0.4253765722214008,1.0
-0.4233698130585005,-1.0
-0.4233698130585005,1.0
-0.42135978624274406,-1.0
-0.42135978624274406,1.0
-0.41934646630065353,-1.0
-0.41934646630065353,1.0
-0.4173298273900238,-1.0
-0.4173298273900238,1.0
-0.4153098432919654,-1.0
-0.4153098432919654,1.0
-0.413286487402553,-1.0
-0.413286487402553,1.0
-0.41125973272525096,-1.0
-0.41125973272525096,1.0
-0.4092295518620543,-1.0
-0.4092295518620543,1.0
-0.40719591700486096,-1.0
-0.40719591700486096,1.0
-0.4051587999265663,-1.0
-0.4051587999265663,1.0
-0.4031181719720767,-1.0
-0.4031181719720767,1.0
-0.4010740040485048,-1.0
-0.4010740040485048,1.0
-0.3990262666158032,-1.0
-0.3990262666158032,1.0
-0.3969749296766274,-1.0
-0.3969749296766274,1.0
-0.39491996276611424,-1.0
-0.39491996276611424,1.0
-0.3928613349408841,-1.0
-0.3928613349408841,1.0
-0.3907990147688249,-1.0
-0.3907990147688249,1.0
-0.3887329703172727,-1.0
-0.3887329703172727,1.0
-0.3866631691417087,-1.0
-0.3866631691417087,1.0
-0.38458957827370177,-1.0
-0.38458957827370177,1.0
-0.38251216420873385,-1.0
-0.38251216420873385,1.0
-0.3804308928931128,-1.0
-0.3804308928931128,1.0
-0.3783457297115126,-1.0
-0.3783457297115126,1.0
-0.3762566394732823,-1.0
-0.3762566394732823,1.0
-0.3741635863981537,-1.0
-0.3741635863981537,1.0
-0.37206653410223356,-1.0
-0.37206653410223356,1.0
-0.36996544558321065,-1.0
-0.36996544558321065,1.0
-0.3678602832050618,-1.0
-0.3678602832050618,1.0
-0.365751008681795,-1.0
-0.365751008681795,1.0
-0.36363758306189625,-1.0
-0.36363758306189625,1.0
-0.3615199667108297,-1.0
-0.3615199667108297,1.0
-0.35939811929398013,-1.0
-0.35939811929398013,1.0
-0.357271999758567,-1.0
-0.357271999758567,1.0
-0.355141566314984,-1.0
-0.355141566314984,1.0
-0.35300677641736294,-1.0
-0.35300677641736294,1.0
-0.3508675867442229,-1.0
-0.3508675867442229,1.0
-0.34872395317738464,-1.0
-0.34872395317738464,1.0
-0.34657583078093374,-1.0
-0.34657583078093374,1.0
-0.3444231737788112,-1.0
-0.3444231737788112,1.0
-0.34226593553223816,-1.0
-0.34226593553223816,1.0
-0.340104068516018,-1.0
-0.340104068516018,1.0
-0.33793752429414087,-1.0
-0.33793752429414087,1.0
-0.3357662534937552,-1.0
-0.3357662534937552,1.0
-0.3335902057792875,-1.0
-0.3335902057792875,1.0
-0.33140932982534,-1.0
-0.33140932982534,1.0
-0.3292235732875993,-1.0
-0.3292235732875993,1.0
-0.3270328827741619,-1.0
-0.3270328827741619,1.0
-0.32483720381461567,-1.0
-0.32483720381461567,1.0
-0.322636480828024,-1.0
-0.322636480828024,1.0
-0.3204306570904368,-1.0
-0.3204306570904368,1.0
-0.31821967470061796,-1.0
-0.31821967470061796,1.0
-0.31600347454376465,-1.0
-0.31600347454376465,1.0
-0.3137819962554534,-1.0
-0.3137819962554534,1.0
-0.31155517818232203,-1.0
-0.31155517818232203,1.0
-0.30932295734262244,-1.0
-0.30932295734262244,1.0
-0.30708526938369823,-1.0
-0.30708526938369823,1.0
-0.30484204853925245,-1.0
-0.30484204853925245,1.0
-0.3025932275836522,-1.0
-0.3025932275836522,1.0
-0.3003387377847584,-1.0
-0.3003387377847584,1.0
-0.298078508854864,-1.0
-0.298078508854864,1.0
-0.29581246889934104,-1.0
-0.29581246889934104,1.0
-0.29354054436293503,-1.0
-0.29354054436293503,1.0
-0.2912626599736788,-1.0
-0.2912626599736788,1.0
-0.28897873868485957,-1.0
-0.28897873868485957,1.0
-0.28668870161338383,-1.0
-0.28668870161338383,1.0
-0.28439246797671336,-1.0
-0.28439246797671336,1.0
-0.28208995502557294,-1.0
-0.28208995502557294,1.0
-0.2797810779736111,-1.0
-0.2797810779736111,1.0
-0.27746574992547646,-1.0
-0.27746574992547646,1.0
-0.27514388179946386,-1.0
-0.27514388179946386,1.0
-0.27281538224680796,-1.0
-0.27281538224680796,1.0
-0.2704801575683902,-1.0
-0.2704801575683902,1.0
-0.2681381116256005,-1.0
-0.2681381116256005,1.0
-0.26578914574793355,-1.0
-0.26578914574793355,1.0
-0.2634331586356058,-1.0
-0.2634331586356058,1.0
-0.26107004625734426,-1.0
-0.26107004625734426,1.0
-0.2586997017424139,-1.0
-0.2586997017424139,1.0
-0.2563220152673938,-1.0
-0.2563220152673938,1.0
-0.2539368739372005,-1.0
-0.2539368739372005,1.0
-0.2515441616593121,-1.0
-0.2515441616593121,1.0
-0.24914375901151403,-1.0
-0.24914375901151403,1.0
-0.24673554310209772,-1.0
-0.24673554310209772,1.0
-0.24431938742232026,-1.0
-0.24431938742232026,1.0
-0.24189516169108705,-1.0
-0.24189516169108705,1.0
-0.23946273168999502,-1.0
-0.23946273168999502,1.0
-0.2370219590894859,-1.0
-0.2370219590894859,1.0
-0.23457270126418098,-1.0
-0.23457270126418098,1.0
-0.23211481109783055,-1.0
-0.23211481109783055,1.0
-0.22964813677623303,-1.0
-0.22964813677623303,1.0
-0.22717252156743492,-1.0
-0.22717252156743492,1.0
-0.22468780358860935,-1.0
-0.22468780358860935,1.0
-0.22219381555774337,-1.0
-0.22219381555774337,1.0
-0.21969038452989356,-1.0
-0.21969038452989356,1.0
-0.21717733161614095,-1.0
-0.21717733161614095,1.0
-0.21465447168409862,-1.0
-0.21465447168409862,1.0
-0.21212161303820035,-1.0
-0.21212161303820035,1.0
-0.20957855707870107,-1.0
-0.20957855707870107,1.0
-0.20702509793657786,-1.0
-0.20702509793657786,1.0
-0.20446102208302652,-1.0
-0.20446102208302652,1.0
-0.20188610791085704,-1.0
-0.20188610791085704,1.0
-0.1993001252861395,-1.0
-0.1993001252861395,1.0
-0.19670283506592035,-1.0
-0.19670283506592035,1.0
-0.1940939885798886,-1.0
-0.1940939885798886,1.0
-0.19147332707306078,-1.0
-0.19147332707306078,1.0
-0.18884058110344187,-1.0
-0.18884058110344187,1.0
-0.1861954698937604,-1.0
-0.1861954698937604,1.0
-0.18353770062905034,-1.0
-0.18353770062905034,1.0
-0.18086696769745061,-1.0
-0.18086696769745061,1.0
-0.17818295186649827,-1.0
-0.17818295186649827,1.0
-0.17548531938865053,-1.0
-0.17548531938865053,1.0
-0.17277372102914765,-1.0
-0.17277372102914765,1.0
-0.17004779100575323,-1.0
-0.17004779100575323,1.0
-0.1673071458328946,-1.0
-0.1673071458328946,1.0
-0.16455138305675465,-1.0
-0.16455138305675465,1.0
-0.16178007987012952,-1.0
-0.16178007987012952,1.0
-0.15899279159200372,-1.0
-0.15899279159200372,1.0
-0.15618904999480226,-1.0
-0.15618904999480226,1.0
-0.15336836146047972,-1.0
-0.15336836146047972,1.0
-0.15053020494309496,-1.0
-0.15053020494309496,1.0
-0.14767402971270988,-1.0
-0.14767402971270988,1.0
-0.14479925284915268,-1.0
-0.14479925284915268,1.0
-0.14190525645264587,-1.0
-0.14190525645264587,1.0
-0.13899138452980564,-1.0
-0.13899138452980564,1.0
-0.1360569395060021,-1.0
-0.1360569395060021,1.0
-0.13310117830882676,-1.0
-0.13310117830882676,1.0
-0.13012330795492366,-1.0
-0.13012330795492366,1.0
-0.12712248055864764,-1.0
-0.12712248055864764,1.0
-0.12409778766896822,-1.0
-0.12409778766896822,1.0
-0.12104825381551274,-1.0
-0.12104825381551274,1.0
-0.11797282912669317,-1.0
-0.11797282912669317,1.0
-0.11487038084555379,-1.0
-0.11487038084555379,1.0
-0.11173968353537325,-1.0
-0.11173968353537325,1.0
-0.10857940771457812,-1.0
-0.10857940771457812,1.0
-0.10538810659702312,-1.0
-0.10538810659702312,1.0
-0.10216420053251862,-1.0
-0.10216420053251862,1.0
-0.0989059586336083,-1.0
-0.0989059586336083,1.0
-0.09561147693138967,-1.0
-0.09561147693138967,1.0
-0.09227865221342843,-1.0
-0.09227865221342843,1.0
-0.0889051504371397,-1.0
-0.0889051504371397,1.0
-0.0854883682585252,-1.0
-0.0854883682585252,1.0
-0.08202538572160835,-1.0
-0.08202538572160835,1.0
-0.07851290745573108,-1.0
-0.07851290745573108,1.0
-0.07494718872196528,-1.0
-0.07494718872196528,1.0
-0.07132394117612342,-1.0
-0.07132394117612342,1.0
-0.06763821099736056,-1.0
-0.06763821099736056,1.0
-0.06388421862748371,-1.0
-0.06388421862748371,1.0
-0.06005514398139768,-1.0
-0.06005514398139768,1.0
-0.0561428322035013,-1.0
-0.0561428322035013,1.0
-0.052137380178591604,-1.0
-0.052137380178591604,1.0
-0.048026537763552174,-1.0
-0.048026537763552174,1.0
-0.0437948089995911,-1.0
-0.0437948089995911,1.0
-0.039422042552107184,-1.0
-0.039422042552107184,1.0
-0.034881096857940073,-1.0
-0.034881096857940073,1.0
-0.030133690771659387,-1.0
-0.030133690771659387,1.0
-0.025122301430022427,-1.0
-0.025122301430022427,1.0
-0.01975208323367246,-1.0
-0.01975208323367246,1.0
-0.013841213239460633,-1.0
-0.013841213239460633,1.0
-0.0069206159419897785,-1.0
-0.0069206159419897785,1.0
0.006920615942000741,-1.0
0.006920615942000741,1.0
0.013841213239525195,-1.0
0.013841213239525195,1.0
0.019752083233836735,-1.0
0.019752083233836735,1.0
0.0251223014302264,-1.0
0.0251223014302264,1.0
0.030133690771882382,-1.0
0.030133690771882382,1.0
0.034881096858199276,-1.0
0.034881096858199276,1.0
0.03942204255239919,-1.0
0.03942204255239919,1.0
0.043794808999881904,-1.0
0.043794808999881904,1.0
0.048026537763789935,-1.0
0.048026537763789935,1.0
0.052137380178880637,-1.0
0.052137380178880637,1.0
0.05614283220381429,-1.0
0.05614283220381429,1.0
0.06005514398167112,-1.0
0.06005514398167112,1.0
0.06388421862783307,-1.0
0.06388421862783307,1.0
0.0676382109977133,-1.0
0.0676382109977133,1.0
0.07132394117642007,-1.0
0.07132394117642007,1.0
0.07494718872225177,-1.0
0.07494718872225177,1.0
0.07851290745594913,-1.0
0.07851290745594913,1.0
0.08202538572187403,-1.0
0.08202538572187403,1.0
0.08548836825871887,-1.0
0.08548836825871887,1.0
0.08890515043733813,-1.0
0.08890515043733813,1.0
0.09227865221354199,-1.0
0.09227865221354199,1.0
0.09561147693143655,-1.0
0.09561147693143655,1.0
0.09890595863359843,-1.0
0.09890595863359843,1.0
0.10216420053252141,-1.0
0.10216420053252141,1.0
0.10538810659695665,-1.0
0.10538810659695665,1.0
0.10857940771451495,-1.0
0.10857940771451495,1.0
0.11173968353530365,-1.0
0.11173968353530365,1.0
0.11487038084544512,-1.0
0.11487038084544512,1.0
0.11797282912660197,-1.0
0.11797282912660197,1.0
0.12104825381540397,-1.0
0.12104825381540397,1.0
0.12409778766876577,-1.0
0.12409778766876577,1.0
0.12712248055849615,-1.0
0.12712248055849615,1.0
0.13012330795464594,-1.0
0.13012330795464594,1.0
0.13310117830869256,-1.0
0.13310117830869256,1.0
0.13605693950597642,-1.0
0.13605693950597642,1.0
0.1389913845300328,-1.0
0.1389913845300328,1.0
0.14190525645301758,-1.0
0.14190525645301758,1.0
0.14479925284957182,-1.0
0.14479925284957182,1.0
0.14767402971309215,-1.0
0.14767402971309215,1.0
0.15053020494348185,-1.0
0.15053020494348185,1.0
0.15336836146079938,-1.0
0.15336836146079938,1.0
0.1561890499951473,-1.0
0.1561890499951473,1.0
0.15899279159224813,-1.0
0.15899279159224813,1.0
0.16178007987024998,-1.0
0.16178007987024998,1.0
0.16455138305679937,-1.0
0.16455138305679937,1.0
0.16730714583280604,-1.0
0.16730714583280604,1.0
0.17004779100559503,-1.0
0.17004779100559503,1.0
0.17277372102894056,-1.0
0.17277372102894056,1.0
0.1754853193885166,-1.0
0.1754853193885166,1.0
0.17818295186636557,-1.0
0.17818295186636557,1.0
0.1808669676973672,-1.0
0.1808669676973672,1.0
0.1835377006289709,-1.0
0.1835377006289709,1.0
0.18619546989360744,-1.0
0.18619546989360744,1.0
0.18884058110331567,-1.0
0.18884058110331567,1.0
0.19147332707289696,-1.0
0.19147332707289696,1.0
0.19409398857985138,-1.0
0.19409398857985138,1.0
0.19670283506586358,-1.0
0.19670283506586358,1.0
0.19930012528627566,-1.0
0.19930012528627566,1.0
0.2018861079110094,-1.0
0.2018861079110094,1.0
0.20446102208311975,-1.0
0.20446102208311975,1.0
0.2070250979368752,-1.0
0.2070250979368752,1.0
0.20957855707897488,-1.0
0.20957855707897488,1.0
0.21212161303844035,-1.0
0.21212161303844035,1.0
0.21465447168428584,-1.0
0.21465447168428584,1.0
0.21717733161641248,-1.0
0.21717733161641248,1.0
0.2196903845302025,-1.0
0.2196903845302025,1.0
0.2221938155580079,-1.0
0.2221938155580079,1.0
0.22468780358897425,-1.0
0.22468780358897425,1.0
0.22717252156782,-1.0
0.22717252156782,1.0
0.22964813677666113,-1.0
0.22964813677666113,1.0
0.23211481109828805,-1.0
0.23211481109828805,1.0
0.2345727012646273,-1.0
0.2345727012646273,1.0
0.2370219590899366,-1.0
0.2370219590899366,1.0
0.23946273169044535,-1.0
0.23946273169044535,1.0
0.241895161691415,-1.0
0.241895161691415,1.0
0.24431938742264248,-1.0
0.24431938742264248,1.0
0.24673554310232756,-1.0
0.24673554310232756,1.0
0.2491437590116448,-1.0
0.2491437590116448,1.0
0.2515441616595754,-1.0
0.2515441616595754,1.0
0.2539368739374068,-1.0
0.2539368739374068,1.0
0.2563220152678055,-1.0
0.2563220152678055,1.0
0.2586997017429214,-1.0
0.2586997017429214,1.0
0.26107004625800845,-1.0
0.26107004625800845,1.0
0.2634331586362623,-1.0
0.2634331586362623,1.0
0.26578914574855955,-1.0
0.26578914574855955,1.0
0.268138111626221,-1.0
0.268138111626221,1.0
0.2704801575690982,-1.0
0.2704801575690982,1.0
0.2728153822475402,-1.0
0.2728153822475402,1.0
0.2751438818001018,-1.0
0.2751438818001018,1.0
0.2774657499260369,-1.0
0.2774657499260369,1.0
0.2797810779740838,-1.0
0.2797810779740838,1.0
0.28208995502610545,-1.0
0.28208995502610545,1.0
0.2843924679775316,-1.0
0.2843924679775316,1.0
0.2866887016141341,-1.0
0.2866887016141341,1.0
0.28897873868564394,-1.0
0.28897873868564394,1.0
0.29126265997455286,-1.0
0.29126265997455286,1.0
0.29354054436384164,-1.0
0.29354054436384164,1.0
0.29581246890045,-1.0
0.29581246890045,1.0
0.2980785088560388,-1.0
0.2980785088560388,1.0
0.30033873778576337,-1.0
0.30033873778576337,1.0
0.302593227584701,-1.0
0.302593227584701,1.0
0.30484204854024216,-1.0
0.30484204854024216,1.0
0.30708526938469144,-1.0
0.30708526938469144,1.0
0.30932295734367704,-1.0
0.30932295734367704,1.0
0.3115551781833063,-1.0
0.3115551781833063,1.0
0.31378199625627246,-1.0
0.31378199625627246,1.0
0.3160034745444526,-1.0
0.3160034745444526,1.0
0.31821967470114765,-1.0
0.31821967470114765,1.0
0.3204306570911582,-1.0
0.3204306570911582,1.0
0.3226364808287028,-1.0
0.3226364808287028,1.0
0.32483720381531334,-1.0
0.32483720381531334,1.0
0.3270328827748568,-1.0
0.3270328827748568,1.0
0.3292235732881696,-1.0
0.3292235732881696,1.0
0.3314093298258012,-1.0
0.3314093298258012,1.0
0.3335902057797789,-1.0
0.3335902057797789,1.0
0.3357662534942336,-1.0
0.3357662534942336,1.0
0.33793752429469415,-1.0
0.33793752429469415,1.0
0.34010406851665526,-1.0
0.34010406851665526,1.0
0.3422659355327453,-1.0
0.3422659355327453,1.0
0.3444231737791776,-1.0
0.3444231737791776,1.0
0.3465758307812727,-1.0
0.3465758307812727,1.0
0.34872395317780736,-1.0
0.34872395317780736,1.0
0.3508675867445747,-1.0
0.3508675867445747,1.0
0.3530067764176355,-1.0
0.3530067764176355,1.0
0.35514156631517657,-1.0
0.35514156631517657,1.0
0.35727199975881285,-1.0
0.35727199975881285,1.0
0.3593981192942266,-1.0
0.3593981192942266,1.0
0.3615199667110735,-1.0
0.3615199667110735,1.0
0.36363758306213756,-1.0
0.36363758306213756,1.0
0.3657510086820669,-1.0
0.3657510086820669,1.0
0.3678602832053727,-1.0
0.3678602832053727,1.0
0.3699654455834857,-1.0
0.3699654455834857,1.0
0.37206653410245594,-1.0
0.37206653410245594,1.0
0.37416358639837555,-1.0
0.37416358639837555,1.0
0.3762566394735764,-1.0
0.3762566394735764,1.0
0.3783457297118565,-1.0
0.3783457297118565,1.0
0.380430892893539,-1.0
0.380430892893539,1.0
0.38251216420910006,-1.0
0.38251216420910006,1.0
0.3845895782740753,-1.0
0.3845895782740753,1.0
0.3866631691421941,-1.0
0.3866631691421941,1.0
0.3887329703178566,-1.0
0.3887329703178566,1.0
0.39079901476934215,-1.0
0.39079901476934215,1.0
0.39286133494146397,-1.0
0.39286133494146397,1.0
0.39491996276668423,-1.0
0.39491996276668423,1.0
0.3969749296771293,-1.0
0.3969749296771293,1.0
0.3990262666162239,-1.0
0.3990262666162239,1.0
0.40107400404888716,-1.0
0.40107400404888716,1.0
0.4031181719724002,-1.0
0.4031181719724002,1.0
0.4051587999268886,-1.0
0.4051587999268886,1.0
0.4071959170052458,-1.0
0.4071959170052458,1.0
0.40922955186256355,-1.0
0.40922955186256355,1.0
0.4112597327256593,-1.0
0.4112597327256593,1.0
0.41328648740290513,-1.0
0.41328648740290513,1.0
0.41530984329221643,-1.0
0.41530984329221643,1.0
0.417329827390341,-1.0
0.417329827390341,1.0
0.4193464663009661,-1.0
0.4193464663009661,1.0
0.4213597862429864,-1.0
0.4213597862429864,1.0
0.4233698130587845,-1.0
0.4233698130587845,1.0
0.4253765722216997,-1.0
0.4253765722216997,1.0
0.42738008884373974,-1.0
0.42738008884373974,1.0
0.4293803876823129,-1.0
0.4293803876823129,1.0
0.43137749314863977,-1.0
0.43137749314863977,1.0
0.4333714293137397,-1.0
0.4333714293137397,1.0
0.4353622199154822,-1.0
0.4353622199154822,1.0
0.4373498883654571,-1.0
0.4373498883654571,1.0
0.43933445775489605,-1.0
0.43933445775489605,1.0
0.44131595086150727,-1.0
0.44131595086150727,1.0
0.4432943901551993,-1.0
0.4432943901551993,1.0
0.4452697978044073,-1.0
0.4452697978044073,1.0
0.44724219568127693,-1.0
0.44724219568127693,1.0
0.4492116053681778,-1.0
0.4492116053681778,1.0
0.4511780481627838,-1.0
0.4511780481627838,1.0
0.4531415450834097,-1.0
0.4531415450834097,1.0
0.45510211687419383,-1.0
0.45510211687419383,1.0
0.45705978401077846,-1.0
0.45705978401077846,1.0
0.4590145667044642,-1.0
0.4590145667044642,1.0
0.4609664849080505,-1.0
0.4609664849080505,1.0
0.4629155583198995,-1.0
0.4629155583198995,1.0
0.4648618063883706,-1.0
0.4648618063883706,1.0
0.46680524831762266,-1.0
0.46680524831762266,1.0
0.46874590307099606,-1.0
0.46874590307099606,1.0
0.4706837893747829,-1.0
0.4706837893747829,1.0
0.47261892572432196,-1.0
0.47261892572432196,1.0
0.47455133038665315,-1.0
0.47455133038665315,1.0
0.4764810214046668,-1.0
0.4764810214046668,1.0
0.4784080166018436,-1.0
0.4784080166018436,1.0
0.4803323335852854,-1.0
0.4803323335852854,1.0
0.482253989749917,-1.0
0.482253989749917,1.0
0.4841730022819343,-1.0
0.4841730022819343,1.0
0.48608938816264585,-1.0
0.48608938816264585,1.0
0.4880031641716848,-1.0
0.4880031641716848,1.0
0.48991434689066454,-1.0
0.48991434689066454,1.0
0.49182295270665416,-1.0
0.49182295270665416,1.0
0.4937289978150176,-1.0
0.4937289978150176,1.0
0.4956324982235764,-1.0
0.4956324982235764,1.0
0.497533469754195,-1.0
0.497533469754195,1.0
0.49943192804767605,-1.0
0.49943192804767605,1.0
0.5013278885649675,-1.0
0.5013278885649675,1.0
0.5032213665914661,-1.0
0.5032213665914661,1.0
0.5051123772394633,-1.0
0.5051123772394633,1.0
0.5070009354506766,-1.0
0.5070009354506766,1.0
0.5088870559996067,-1.0
0.5088870559996067,1.0
0.5107707534952812,-1.0
0.5107707534952812,1.0
0.5126520423855814,-1.0
0.5126520423855814,1.0
0.5145309369579535,-1.0
0.5145309369579535,1.0
0.5164074513427414,-1.0
0.5164074513427414,1.0
0.5182815995159823,-1.0
0.5182815995159823,1.0
0.5201533953018088,-1.0
0.5201533953018088,1.0
0.5220228523738928,-1.0
0.5220228523738928,1.0
0.5238899842591829,-1.0
0.5238899842591829,1.0
0.5257548043388185,-1.0
0.5257548043388185,1.0
0.5276173258513424,-1.0
0.5276173258513424,1.0
0.5294775618949151,-1.0
0.5294775618949151,1.0
0.5313355254285214,-1.0
0.5313355254285214,1.0
0.5331912292752575,-1.0
0.5331912292752575,1.0
0.5350446861235411,-1.0
0.5350446861235411,1.0
0.5368959085292659,-1.0
0.5368959085292659,1.0
0.5387449089184219,-1.0
0.5387449089184219,1.0
0.5405916995881103,-1.0
0.5405916995881103,1.0
0.542436292709114,-1.0
0.542436292709114,1.0
0.5442787003276709,-1.0
0.5442787003276709,1.0
0.5461189343675412,-1.0
0.5461189343675412,1.0
0.5479570066307528,-1.0
0.5479570066307528,1.0
0.5497929288006941,-1.0
0.5497929288006941,1.0
0.5516267124428852,-1.0
0.5516267124428852,1.0
0.5534583690073828,-1.0
0.5534583690073828,1.0
0.5552879098302375,-1.0
0.5552879098302375,1.0
0.557115346134641,-1.0
0.557115346134641,1.0
0.5589406890328595,-1.0
0.5589406890328595,1.0
0.5607639495284635,-1.0
0.5607639495284635,1.0
0.5625851385166805,-1.0
0.5625851385166805,1.0
0.564404266786998,-1.0
0.564404266786998,1.0
0.5662213450239151,-1.0
0.5662213450239151,1.0
0.56803638380849,-1.0
0.56803638380849,1.0
0.5698493936200775,-1.0
0.5698493936200775,1.0
0.571660384838066,-1.0
0.571660384838066,1.0
0.5734693677422118,-1.0
0.5734693677422118,1.0
0.5752763525150638,-1.0
0.5752763525150638,1.0
0.5770813492427392,-1.0
0.5770813492427392,1.0
0.5788843679161494,-1.0
0.5788843679161494,1.0
0.5806854184326912,-1.0
0.5806854184326912,1.0
0.5824845105969412,-1.0
0.5824845105969412,1.0
0.5842816541228885,-1.0
0.5842816541228885,1.0
0.5860768586339045,-1.0
0.5860768586339045,1.0
0.5878701336652766,-1.0
0.5878701336652766,1.0
0.5896614886641797,-1.0
0.5896614886641797,1.0
0.5914509329914482,-1.0
0.5914509329914482,1.0
0.593238475922807,-1.0
0.593238475922807,1.0
0.5950241266495063,-1.0
0.5950241266495063,1.0
0.5968078942800648,-1.0
0.5968078942800648,1.0
0.5985897878408697,-1.0
0.5985897878408697,1.0
0.6003698162771256,-1.0
0.6003698162771256,1.0
0.6021479884545204,-1.0
0.6021479884545204,1.0
0.6039243131600165,-1.0
0.6039243131600165,1.0
0.6056987991022605,-1.0
0.6056987991022605,1.0
0.6074714549133595,-1.0
0.6074714549133595,1.0
0.6092422891493919,-1.0
0.6092422891493919,1.0
0.6110113102919312,-1.0
0.6110113102919312,1.0
0.6127785267482934,-1.0
0.6127785267482934,1.0
0.6145439468524994,-1.0
0.6145439468524994,1.0
0.6163075788671906,-1.0
0.6163075788671906,1.0
0.6180694309830753,-1.0
0.6180694309830753,1.0
0.6198295113211193,-1.0
0.6198295113211193,1.0
0.6215878279323883,-1.0
0.6215878279323883,1.0
0.6233443887996889,-1.0
0.6233443887996889,1.0
0.6250992018380004,-1.0
0.6250992018380004,1.0
0.6268522748953888,-1.0
0.6268522748953888,1.0
0.6286036157537319,-1.0
0.6286036157537319,1.0
0.6303532321299191,-1.0
0.6303532321299191,1.0
0.6321011316760506,-1.0
0.6321011316760506,1.0
0.6338473219804174,-1.0
0.6338473219804174,1.0
0.6355918105683388,-1.0
0.6355918105683388,1.0
0.6373346049034957,-1.0
0.6373346049034957,1.0
0.639075712387661,-1.0
0.639075712387661,1.0
0.6408151403617498,-1.0
0.6408151403617498,1.0
0.6425528961071612,-1.0
0.6425528961071612,1.0
0.6442889868454342,-1.0
0.6442889868454342,1.0
0.6460234197401261,-1.0
0.6460234197401261,1.0
0.647756201896409,-1.0
0.647756201896409,1.0
0.6494873403623446,-1.0
0.6494873403623446,1.0
0.651216842129498,-1.0
0.651216842129498,1.0
0.6529447141334745,-1.0
0.6529447141334745,1.0
0.654670963254786,-1.0
0.654670963254786,1.0
0.6563955963192163,-1.0
0.6563955963192163,1.0
0.6581186200983841,-1.0
0.6581186200983841,1.0
0.6598400413105366,-1.0
0.6598400413105366,1.0
0.6615598666215565,-1.0
0.6615598666215565,1.0
0.6632781026448429,-1.0
0.6632781026448429,1.0
0.6649947559423404,-1.0
0.6649947559423404,1.0
0.6667098330246887,-1.0
0.6667098330246887,1.0
0.6684233403525311,-1.0
0.6684233403525311,1.0
0.6701352843363703,-1.0
0.6701352843363703,1.0
0.6718456713375821,-1.0
0.6718456713375821,1.0
0.6735545076686528,-1.0
0.6735545076686528,1.0
0.6752617995938338,-1.0
0.6752617995938338,1.0
0.6769675533299153,-1.0
0.6769675533299153,1.0
0.6786717750466178,-1.0
0.6786717750466178,1.0
0.6803744708663487,-1.0
0.6803744708663487,1.0
0.6820756468659948,-1.0
0.6820756468659948,1.0
0.6837753090769549,-1.0
0.6837753090769549,1.0
0.6854734634849398,-1.0
0.6854734634849398,1.0
0.687170116031409,-1.0
0.687170116031409,1.0
0.6888652726140669,-1.0
0.6888652726140669,1.0
0.6905589390859864,-1.0
0.6905589390859864,1.0
0.6922511212574385,-1.0
0.6922511212574385,1.0
0.6939418248960212,-1.0
0.6939418248960212,1.0
0.6956310557274565,-1.0
0.6956310557274565,1.0
0.697318819435049,-1.0
0.697318819435049,1.0
0.6990051216607276,-1.0
0.6990051216607276,1.0
0.7006899680058822,-1.0
0.7006899680058822,1.0
0.7023733640305396,-1.0
0.7023733640305396,1.0
0.7040553152554934,-1.0
0.7040553152554934,1.0
0.7057358271616572,-1.0
0.7057358271616572,1.0
0.7074149051907732,-1.0
0.7074149051907732,1.0
0.7090925547453227,-1.0
0.7090925547453227,1.0
0.7107687811894747,-1.0
0.7107687811894747,1.0
0.7124435898494661,-1.0
0.7124435898494661,1.0
0.7141169860135836,-1.0
0.7141169860135836,1.0
0.7157889749331091,-1.0
0.7157889749331091,1.0
0.7174595618226538,-1.0
0.7174595618226538,1.0
0.7191287518596278,-1.0
0.7191287518596278,1.0
0.7207965501857103,-1.0
0.7207965501857103,1.0
0.7224629619068151,-1.0
0.7224629619068151,1.0
0.7241279920934417,-1.0
0.7241279920934417,1.0
0.7257916457809278,-1.0
0.7257916457809278,1.0
0.7274539279695589,-1.0
0.7274539279695589,1.0
0.7291148436261732,-1.0
0.7291148436261732,1.0
0.7307743976826255,-1.0
0.7307743976826255,1.0
0.7324325950376923,-1.0
0.7324325950376923,1.0
0.7340894405563025,-1.0
0.7340894405563025,1.0
0.7357449390705731,-1.0
0.7357449390705731,1.0
0.7373990953802009,-1.0
0.7373990953802009,1.0
0.7390519142524011,-1.0
0.7390519142524011,1.0
0.7407034004218295,-1.0
0.7407034004218295,1.0
0.742353558592115,-1.0
0.742353558592115,1.0
0.7440023934346972,-1.0
0.7440023934346972,1.0
0.7456499095905206,-1.0
0.7456499095905206,1.0
0.7472961116698066,-1.0
0.7472961116698066,1.0
0.7489410042515309,-1.0
0.7489410042515309,1.0
0.7505845918852729,-1.0
0.7505845918852729,1.0
0.7522268790894703,-1.0
0.7522268790894703,1.0
0.753867870354263,-1.0
0.753867870354263,1.0
0.7555075701396541,-1.0
0.7555075701396541,1.0
0.7571459828765279,-1.0
0.7571459828765279,1.0
0.7587831129672076,-1.0
0.7587831129672076,1.0
0.7604189647854381,-1.0
0.7604189647854381,1.0
0.7620535426763825,-1.0
0.7620535426763825,1.0
0.7636868509576913,-1.0
0.7636868509576913,1.0
0.7653188939186322,-1.0
0.7653188939186322,1.0
0.7669496758216641,-1.0
0.7669496758216641,1.0
0.7685792009017482,-1.0
0.7685792009017482,1.0
0.7702074733665336,-1.0
0.7702074733665336,1.0
0.7718344973973205,-1.0
0.7718344973973205,1.0
0.7734602771487715,-1.0
0.7734602771487715,1.0
0.7750848167495529,-1.0
0.7750848167495529,1.0
0.7767081203020915,-1.0
0.7767081203020915,1.0
0.7783301918829513,-1.0
0.7783301918829513,1.0
0.7799510355432151,-1.0
0.7799510355432151,1.0
0.7815706553091488,-1.0
0.7815706553091488,1.0
0.7831890551814006,-1.0
0.7831890551814006,1.0
0.7848062391358837,-1.0
0.7848062391358837,1.0
0.7864222111241453,-1.0
0.7864222111241453,1.0
0.7880369750731577,-1.0
0.7880369750731577,1.0
0.7896505348858761,-1.0
0.7896505348858761,1.0
0.7912628944406547,-1.0
0.7912628944406547,1.0
0.7928740575933262,-1.0
0.7928740575933262,1.0
0.7944840281752811,-1.0
0.7944840281752811,1.0
0.7960928099946032,-1.0
0.7960928099946032,1.0
0.7977004068369575,-1.0
0.7977004068369575,1.0
0.7993068224639754,-1.0
0.7993068224639754,1.0
0.8009120606156465,-1.0
0.8009120606156465,1.0
0.8025161250090184,-1.0
0.8025161250090184,1.0
0.804119019338941,-1.0
0.804119019338941,1.0
0.805720747277975,-1.0
0.805720747277975,1.0
0.8073213124771456,-1.0
0.8073213124771456,1.0
0.8089207185652992,-1.0
0.8089207185652992,1.0
0.8105189691498735,-1.0
0.8105189691498735,1.0
0.8121160678169901,-1.0
0.8121160678169901,1.0
0.8137120181319092,-1.0
0.8137120181319092,1.0
0.8153068236381313,-1.0
0.8153068236381313,1.0
0.8169004878591187,-1.0
0.8169004878591187,1.0
0.8184930142980394,-1.0
0.8184930142980394,1.0
0.8200844064357852,-1.0
0.8200844064357852,1.0
0.8216746677353487,-1.0
0.8216746677353487,1.0
0.8232638016376517,-1.0
0.8232638016376517,1.0
0.8248518115649399,-1.0
0.8248518115649399,1.0
0.8264387009191806,-1.0
0.8264387009191806,1.0
0.8280244730830209,-1.0
0.8280244730830209,1.0
0.8296091314188326,-1.0
0.8296091314188326,1.0
0.8311926792712734,-1.0
0.8311926792712734,1.0
0.8327751199641251,-1.0
0.8327751199641251,1.0
0.8343564568038937,-1.0
0.8343564568038937,1.0
0.8359366930769775,-1.0
0.8359366930769775,1.0
0.8375158320519216,-1.0
0.8375158320519216,1.0
0.8390938769784048,-1.0
0.8390938769784048,1.0
0.8406708310877956,-1.0
0.8406708310877956,1.0
0.8422466975938736,-1.0
0.8422466975938736,1.0
0.8438214796913229,-1.0
0.8438214796913229,1.0
0.8453951805579761,-1.0
0.8453951805579761,1.0
0.8469678033532815,-1.0
0.8469678033532815,1.0
0.848539351219433,-1.0
0.848539351219433,1.0
0.8501098272807407,-1.0
0.8501098272807407,1.0
0.8516792346446876,-1.0
0.8516792346446876,1.0
0.8532475764019296,-1.0
0.8532475764019296,1.0
0.8548148556252714,-1.0
0.8548148556252714,1.0
0.8563810753709127,-1.0
0.8563810753709127,1.0
0.8579462386786428,-1.0
0.8579462386786428,1.0
0.8595103485710922,-1.0
0.8595103485710922,1.0
0.8610734080547128,-1.0
0.8610734080547128,1.0
0.8626354201196861,-1.0
0.8626354201196861,1.0
0.8641963877398652,-1.0
0.8641963877398652,1.0
0.8657563138732084,-1.0
0.8657563138732084,1.0
0.8673152014613363,-1.0
0.8673152014613363,1.0
0.8688730534300829,-1.0
0.8688730534300829,1.0
0.8704298726900292,-1.0
0.8704298726900292,1.0
0.8719856621356022,-1.0
0.8719856621356022,1.0
0.8735404246462231,-1.0
0.8735404246462231,1.0
0.8750941630856444,-1.0
0.8750941630856444,1.0
0.876646880302734,-1.0
0.876646880302734,1.0
0.8781985791306972,-1.0
0.8781985791306972,1.0
0.8797492623882278,-1.0
0.8797492623882278,1.0
0.8812989328788758,-1.0
0.8812989328788758,1.0
0.8828475933917573,-1.0
0.8828475933917573,1.0
0.8843952467007982,-1.0
0.8843952467007982,1.0
0.8859418955663196,-1.0
0.8859418955663196,1.0
0.887487542733057,-1.0
0.887487542733057,1.0
0.889032190932342,-1.0
0.889032190932342,1.0
0.8905758428809455,-1.0
0.8905758428809455,1.0
0.8921185012818378,-1.0
0.8921185012818378,1.0
0.8936601688230323,-1.0
0.8936601688230323,1.0
0.895200848180215,-1.0
0.895200848180215,1.0
0.8967405420140181,-1.0
0.8967405420140181,1.0
0.8982792529722149,-1.0
0.8982792529722149,1.0
0.8998169836884294,-1.0
0.8998169836884294,1.0
0.9013537367830179,-1.0
0.9013537367830179,1.0
0.9028895148633447,-1.0
0.9028895148633447,1.0
0.9044243205230187,-1.0
0.9044243205230187,1.0
0.9059581563425729,-1.0
0.9059581563425729,1.0
0.9074910248898953,-1.0
0.9074910248898953,1.0
0.9090229287189977,-1.0
0.9090229287189977,1.0
0.9105538703720145,-1.0
0.9105538703720145,1.0
0.9120838523780581,-1.0
0.9120838523780581,1.0
0.9136128772533256,-1.0
0.9136128772533256,1.0
0.9151409475013229,-1.0
0.9151409475013229,1.0
0.9166680656130808,-1.0
0.9166680656130808,1.0
0.9181942340676235,-1.0
0.9181942340676235,1.0
0.9197194553314216,-1.0
0.9197194553314216,1.0
0.9212437318587399,-1.0
0.9212437318587399,1.0
0.9227670660915109,-1.0
0.9227670660915109,1.0
0.9242894604601689,-1.0
0.9242894604601689,1.0
0.925810917382502,-1.0
0.925810917382502,1.0
0.9273314392647019,-1.0
0.9273314392647019,1.0
0.9288510285014342,-1.0
0.9288510285014342,1.0
0.9303696874756114,-1.0
0.9303696874756114,1.0
0.931887418558306,-1.0
0.931887418558306,1.0
0.9334042241089369,-1.0
0.9334042241089369,1.0
0.9349201064760517,-1.0
0.9349201064760517,1.0
0.9364350679964072,-1.0
0.9364350679964072,1.0
0.9379491109953692,-1.0
0.9379491109953692,1.0
0.9394622377869548,-1.0
0.9394622377869548,1.0
0.9409744506748062,-1.0
0.9409744506748062,1.0
0.9424857519509321,-1.0
0.9424857519509321,1.0
0.9439961438963098,-1.0
0.9439961438963098,1.0
0.9455056287816396,-1.0
0.9455056287816396,1.0
0.9470142088660302,-1.0
0.9470142088660302,1.0
0.9485218863982372,-1.0
0.9485218863982372,1.0
0.9500286636165146,-1.0
0.9500286636165146,1.0
0.9515345427480697,-1.0
0.9515345427480697,1.0
0.9530395260103581,-1.0
0.9530395260103581,1.0
0.9545436156093646,-1.0
0.9545436156093646,1.0
0.9560468137416249,-1.0
0.9560468137416249,1.0
0.9575491225924418,-1.0
0.9575491225924418,1.0
0.959050544337979,-1.0
0.959050544337979,1.0
0.9605510811436068,-1.0
0.9605510811436068,1.0
0.9620507351647573,-1.0
0.9620507351647573,1.0
0.9635495085467564,-1.0
0.9635495085467564,1.0
0.9650474034247832,-1.0
0.9650474034247832,1.0
0.9665444219244833,-1.0
0.9665444219244833,1.0
0.9680405661614166,-1.0
0.9680405661614166,1.0
0.9695358382422324,-1.0
0.9695358382422324,1.0
0.9710302402626284,-1.0
0.9710302402626284,1.0
0.9725237743095896,-1.0
0.9725237743095896,1.0
0.9740164424602317,-1.0
0.9740164424602317,1.0
0.9755082467819347,-1.0
0.9755082467819347,1.0
0.9769991893335404,-1.0
0.9769991893335404,1.0
0.9784892721633313,-1.0
0.9784892721633313,1.0
0.9799784973108839,-1.0
0.9799784973108839,1.0
0.9814668668071629,-1.0
0.9814668668071629,1.0
0.9829543826727907,-1.0
0.9829543826727907,1.0
0.9844410469200706,-1.0
0.9844410469200706,1.0
0.9859268615520286,-1.0
0.9859268615520286,1.0
0.9874118285626011,-1.0
0.9874118285626011,1.0
0.9888959499373583,-1.0
0.9888959499373583,1.0
0.9903792276521883,-1.0
0.9903792276521883,1.0
0.9918616636745541,-1.0
0.9918616636745541,1.0
0.9933432599630176,-1.0
0.9933432599630176,1.0
0.9948240184678243,-1.0
0.9948240184678243,1.0
0.9963039411301627,-1.0
0.9963039411301627,1.0
0.9977830298832232,-1.0
0.9977830298832232,1.0
0.9992612866508803,-1.0
0.9992612866508803,1.0
1.0,-1.0
1.0,1.0
