dx_1
-1.0,-1.0
-1.0,1.0
-0.9963105146978187,-1.0
-0.9963105146978187,1.0
-0.9889107423442434,-1.0
-0.9889107423442434,1.0
-0.9814899252898985,-1.0
-0.9814899252898985,1.0
-0.9740478151013192,-1.0
-0.9740478151013192,1.0
-0.9665841576775984,-1.0
-0.9665841576775984,1.0
-0.9590986930565942,-1.0
-0.9590986930565942,1.0
-0.9515911552123448,-1.0
-0.9515911552123448,1.0
-0.9440612718435796,-1.0
-0.9440612718435796,1.0
-0.9365087641518524,-1.0
-0.9365087641518524,1.0
-0.9289333466098607,-1.0
-0.9289333466098607,1.0
-0.9213347267187455,-1.0
-0.9213347267187455,1.0
-0.9137126047534512,-1.0
-0.9137126047534512,1.0
-0.9060666734964229,-1.0
-0.9060666734964229,1.0
-0.8983966179579195,-1.0
-0.8983966179579195,1.0
-0.8907021150825282,-1.0
-0.8907021150825282,1.0
-0.8829828334411758,-1.0
-0.8829828334411758,1.0
-0.8752384329076749,-1.0
-0.8752384329076749,1.0
-0.8674685643184727,-1.0
-0.8674685643184727,1.0
-0.859672869115243,-1.0
-0.859672869115243,1.0
-0.8518509789682963,-1.0
-0.8518509789682963,1.0
-0.844002515380475,-1.0
-0.844002515380475,1.0
-0.8361270892695074,-1.0
-0.8361270892695074,1.0
-0.8282243005279807,-1.0
-0.8282243005279807,1.0
-0.820293737558786,-1.0
-0.820293737558786,1.0
-0.8123349767849462,-1.0
-0.8123349767849462,1.0
-0.804347582131752,-1.0
-0.804347582131752,1.0
-0.7963311044791801,-1.0
-0.7963311044791801,1.0
-0.7882850810826283,-1.0
-0.7882850810826283,1.0
-0.780209034959734,-1.0
-0.780209034959734,1.0
-0.7721024742404217,-1.0
-0.7721024742404217,1.0
-0.7639648914779152,-1.0
-0.7639648914779152,1.0
-0.7557957629174493,-1.0
-0.7557957629174493,1.0
-0.7475945477194649,-1.0
-0.7475945477194649,1.0
-0.7393606871340538,-1.0
-0.7393606871340538,1.0
-0.7310936036220532,-1.0
-0.7310936036220532,1.0
-0.7227926999195814,-1.0
-0.7227926999195814,1.0
-0.714457358040382,-1.0
-0.714457358040382,1.0
-0.7060869382117136,-1.0
-0.7060869382117136,1.0
-0.6976807777374012,-1.0
-0.6976807777374012,1.0
-0.6892381897822816,-1.0
-0.6892381897822816,1.0
-0.6807584620713011,-1.0
-0.6807584620713011,1.0
-0.6722408554954374,-1.0
-0.6722408554954374,1.0
-0.6636846026162974,-1.0
-0.6636846026162974,1.0
-0.6550889060598847,-1.0
-0.6550889060598847,1.0
-0.6464529367895561,-1.0
-0.6464529367895561,1.0
-0.637775832246633,-1.0
-0.637775832246633,1.0
-0.6290566943456579,-1.0
-0.6290566943456579,1.0
-0.6202945873103384,-1.0
-0.6202945873103384,1.0
-0.6114885353341524,-1.0
-0.6114885353341524,1.0
-0.6026375200477553,-1.0
-0.6026375200477553,1.0
-0.5937404777728659,-1.0
-0.5937404777728659,1.0
-0.5847962965403757,-1.0
-0.5847962965403757,1.0
-0.5758038128469053,-1.0
-0.5758038128469053,1.0
-0.5667618081209592,-1.0
-0.5667618081209592,1.0
-0.5576690048656469,-1.0
-0.5576690048656469,1.0
-0.5485240624412321,-1.0
-0.5485240624412321,1.0
-0.5393255724442789,-1.0
-0.5393255724442789,1.0
-0.5300720536352945,-1.0
-0.5300720536352945,1.0
-0.5207619463586914,-1.0
-0.5207619463586914,1.0
-0.511393606391168,-1.0
-0.511393606391168,1.0
-0.5019652981439238,-1.0
-0.5019652981439238,1.0
-0.4924751871334819,-1.0
-0.4924751871334819,1.0
-0.4829213316206714,-1.0
-0.4829213316206714,1.0
-0.47330167330172546,-1.0
-0.47330167330172546,1.0
-0.4636140269152184,-1.0
-0.4636140269152184,1.0
-0.4538560686039466,-1.0
-0.4538560686039466,1.0
-0.44402532284290636,-1.0
-0.44402532284290636,1.0
-0.4341191477081383,-1.0
-0.4341191477081383,1.0
-0.42413471821874255,-1.0
-0.42413471821874255,1.0
-0.4140690074305874,-1.0
-0.4140690074305874,1.0
-0.40391876489488837,-1.0
-0.40391876489488837,1.0
-0.39368049201245875,-1.0
-0.39368049201245875,1.0
-0.3833504137118647,-1.0
-0.3833504137118647,1.0
-0.37292444574946504,-1.0
-0.37292444574946504,1.0
-0.3623981567639415,-1.0
-0.3623981567639415,1.0
-0.35176672400498654,-1.0
-0.35176672400498654,1.0
-0.34102488138071296,-1.0
-0.34102488138071296,1.0
-0.3301668581071712,-1.0
-0.3301668581071712,1.0
-0.3191863057666283,-1.0
-0.3191863057666283,1.0
-0.3080762109436689,-1.0
-0.3080762109436689,1.0
-0.296828789744596,-1.0
-0.296828789744596,1.0
-0.28543535932078845,-1.0
-0.28543535932078845,1.0
-0.2738861798681131,-1.0
-0.2738861798681131,1.0
-0.2621702582407431,-1.0
-0.2621702582407431,1.0
-0.2502751009601807,-1.0
-0.2502751009601807,1.0
-0.23818639946832795,-1.0
-0.23818639946832795,1.0
-0.2258876230745152,-1.0
-0.2258876230745152,1.0
-0.21335948366804694,-1.0
-0.21335948366804694,1.0
-0.20057921828014785,-1.0
-0.20057921828014785,1.0
-0.18751960622946953,-1.0
-0.18751960622946953,1.0
-0.1741475879240234,-1.0
-0.1741475879240234,1.0
-0.16042226472259985,-1.0
-0.16042226472259985,1.0
-0.14629189654008143,-1.0
-0.14629189654008143,1.0
-0.13168919312813482,-1.0
-0.13168919312813482,1.0
-0.11652351421379532,-1.0
-0.11652351421379532,1.0
-0.10066700782930893,-1.0
-0.10066700782930893,1.0
-0.08392754320770243,-1.0
-0.08392754320770243,1.0
-0.06598830592528204,-1.0
-0.06598830592528204,1.0
-0.046241910009739755,-1.0
-0.046241910009739755,1.0
-0.023121302596697764,-1.0
-0.023121302596697764,1.0
0.023121302596696668,-1.0
0.023121302596696668,1.0
0.04624191000973057,-1.0
0.04624191000973057,1.0
0.0659883059252521,-1.0
0.0659883059252521,1.0
0.08392754320767405,-1.0
0.08392754320767405,1.0
0.10066700782927979,-1.0
0.10066700782927979,1.0
0.11652351421375133,-1.0
0.11652351421375133,1.0
0.1316891931280943,-1.0
0.1316891931280943,1.0
0.1462918965400188,-1.0
0.1462918965400188,1.0
0.16042226472253693,-1.0
0.16042226472253693,1.0
0.1741475879239347,-1.0
0.1741475879239347,1.0
0.1875196062293831,-1.0
0.1875196062293831,1.0
0.20057921828006867,-1.0
0.20057921828006867,1.0
0.21335948366796945,-1.0
0.21335948366796945,1.0
0.22588762307443733,-1.0
0.22588762307443733,1.0
0.23818639946823997,-1.0
0.23818639946823997,1.0
0.2502751009600806,-1.0
0.2502751009600806,1.0
0.26217025824062934,-1.0
0.26217025824062934,1.0
0.273886179867989,-1.0
0.273886179867989,1.0
0.28543535932066083,-1.0
0.28543535932066083,1.0
0.2968287897444525,-1.0
0.2968287897444525,1.0
0.3080762109435355,-1.0
0.3080762109435355,1.0
0.3191863057665138,-1.0
0.3191863057665138,1.0
0.33016685810706775,-1.0
0.33016685810706775,1.0
0.341024881380596,-1.0
0.341024881380596,1.0
0.35176672400485204,-1.0
0.35176672400485204,1.0
0.3623981567638175,-1.0
0.3623981567638175,1.0
0.37292444574936773,-1.0
0.37292444574936773,1.0
0.38335041371175327,-1.0
0.38335041371175327,1.0
0.3936804920123786,-1.0
0.3936804920123786,1.0
0.4039187648947909,-1.0
0.4039187648947909,1.0
0.4140690074304694,-1.0
0.4140690074304694,1.0
0.4241347182186131,-1.0
0.4241347182186131,1.0
0.43411914770800086,-1.0
0.43411914770800086,1.0
0.44402532284274204,-1.0
0.44402532284274204,1.0
0.45385606860376587,-1.0
0.45385606860376587,1.0
0.4636140269150241,-1.0
0.4636140269150241,1.0
0.4733016733015118,-1.0
0.4733016733015118,1.0
0.482921331620448,-1.0
0.482921331620448,1.0
0.49247518713327953,-1.0
0.49247518713327953,1.0
0.5019652981437632,-1.0
0.5019652981437632,1.0
0.511393606390978,-1.0
0.511393606390978,1.0
0.5207619463585057,-1.0
0.5207619463585057,1.0
0.5300720536350851,-1.0
0.5300720536350851,1.0
0.539325572444076,-1.0
0.539325572444076,1.0
0.5485240624410178,-1.0
0.5485240624410178,1.0
0.5576690048654046,-1.0
0.5576690048654046,1.0
0.5667618081207222,-1.0
0.5667618081207222,1.0
0.5758038128466892,-1.0
0.5758038128466892,1.0
0.584796296540136,-1.0
0.584796296540136,1.0
0.5937404777726346,-1.0
0.5937404777726346,1.0
0.6026375200475169,-1.0
0.6026375200475169,1.0
0.6114885353339005,-1.0
0.6114885353339005,1.0
0.6202945873100724,-1.0
0.6202945873100724,1.0
0.6290566943453749,-1.0
0.6290566943453749,1.0
0.637775832246353,-1.0
0.637775832246353,1.0
0.6464529367892896,-1.0
0.6464529367892896,1.0
0.65508890605958,-1.0
0.65508890605958,1.0
0.6636846026160259,-1.0
0.6636846026160259,1.0
0.6722408554952031,-1.0
0.6722408554952031,1.0
0.6807584620710748,-1.0
0.6807584620710748,1.0
0.689238189782074,-1.0
0.689238189782074,1.0
0.6976807777372284,-1.0
0.6976807777372284,1.0
0.706086938211539,-1.0
0.706086938211539,1.0
0.7144573580401536,-1.0
0.7144573580401536,1.0
0.7227926999193003,-1.0
0.7227926999193003,1.0
0.7310936036218367,-1.0
0.7310936036218367,1.0
0.7393606871338787,-1.0
0.7393606871338787,1.0
0.7475945477193315,-1.0
0.7475945477193315,1.0
0.7557957629172828,-1.0
0.7557957629172828,1.0
0.7639648914777378,-1.0
0.7639648914777378,1.0
0.7721024742402061,-1.0
0.7721024742402061,1.0
0.7802090349595268,-1.0
0.7802090349595268,1.0
0.7882850810823911,-1.0
0.7882850810823911,1.0
0.7963311044789098,-1.0
0.7963311044789098,1.0
0.8043475821315053,-1.0
0.8043475821315053,1.0
0.8123349767846895,-1.0
0.8123349767846895,1.0
0.8202937375585182,-1.0
0.8202937375585182,1.0
0.8282243005277052,-1.0
0.8282243005277052,1.0
0.8361270892692148,-1.0
0.8361270892692148,1.0
0.8440025153801055,-1.0
0.8440025153801055,1.0
0.851850978967974,-1.0
0.851850978967974,1.0
0.8596728691148721,-1.0
0.8596728691148721,1.0
0.8674685643181033,-1.0
0.8674685643181033,1.0
0.8752384329073085,-1.0
0.8752384329073085,1.0
0.8829828334408645,-1.0
0.8829828334408645,1.0
0.8907021150822422,-1.0
0.8907021150822422,1.0
0.8983966179577143,-1.0
0.8983966179577143,1.0
0.906066673496183,-1.0
0.906066673496183,1.0
0.9137126047531973,-1.0
0.9137126047531973,1.0
0.9213347267184865,-1.0
0.9213347267184865,1.0
0.9289333466096521,-1.0
0.9289333466096521,1.0
0.9365087641516721,-1.0
0.9365087641516721,1.0
0.9440612718434237,-1.0
0.9440612718434237,1.0
0.9515911552122128,-1.0
0.9515911552122128,1.0
0.9590986930564185,-1.0
0.9590986930564185,1.0
0.9665841576774441,-1.0
0.9665841576774441,1.0
0.9740478151012287,-1.0
0.9740478151012287,1.0
0.9814899252898241,-1.0
0.9814899252898241,1.0
0.9889107423441831,-1.0
0.9889107423441831,1.0
0.9963105146978194,-1.0
0.9963105146978194,1.0
1.0,-1.0
1.0,1.0
