dx_1
-3.141592653589793,-3.141592653589793
-3.141592653589793,3.141592653589793
-3.12421718149215,-3.141592653589793
-3.12421718149215,3.141592653589793
-3.1068411192118957,-3.141592653589793
-3.1068411192118957,3.141592653589793
-3.09199937449965,-3.141592653589793
-3.09199937449965,3.141592653589793
-3.078514149837322,-3.141592653589793
-3.078514149837322,3.141592653589793
-3.0659288718520163,-3.141592653589793
-3.0659288718520163,3.141592653589793
-3.054005353302068,-3.141592653589793
-3.054005353302068,3.141592653589793
-3.0425991213425654,-3.141592653589793
-3.0425991213425654,3.141592653589793
-3.0316140192384435,-3.141592653589793
-3.0316140192384435,3.141592653589793
-3.0209818628995224,-3.141592653589793
-3.0209818628995224,3.141592653589793
-3.0106520221317856,-3.141592653589793
-3.0106520221317856,3.141592653589793
-3.000585557848144,-3.141592653589793
-3.000585557848144,3.141592653589793
-2.9907516825856084,-3.141592653589793
-2.9907516825856084,3.141592653589793
-2.9811255035455466,-3.141592653589793
-2.9811255035455466,3.141592653589793
-2.9716865189730197,-3.141592653589793
-2.9716865189730197,3.141592653589793
-2.9624175797823202,-3.141592653589793
-2.9624175797823202,3.141592653589793
-2.953304150610325,-3.141592653589793
-2.953304150610325,3.141592653589793
-2.9443337703953194,-3.141592653589793
-2.9443337703953194,3.141592653589793
-2.9354956498816462,-3.141592653589793
-2.9354956498816462,3.141592653589793
-2.926780365533098,-3.141592653589793
-2.926780365533098,3.141592653589793
-2.9181796228405408,-3.141592653589793
-2.9181796228405408,3.141592653589793
-2.9096860705709915,-3.141592653589793
-2.9096860705709915,3.141592653589793
-2.901293153063786,-3.141592653589793
-2.901293153063786,3.141592653589793
-2.8929949913921003,-3.141592653589793
-2.8929949913921003,3.141592653589793
-2.8847862867192777,-3.141592653589793
-2.8847862867192777,3.141592653589793
-2.876662240953484,-3.141592653589793
-2.876662240953484,3.141592653589793
-2.8686184910196513,-3.141592653589793
-2.8686184910196513,3.141592653589793
-2.860651053982481,-3.141592653589793
-2.860651053982481,3.141592653589793
-2.8527562808835225,-3.141592653589793
-2.8527562808835225,3.141592653589793
-2.844930817649116,-3.141592653589793
-2.844930817649116,3.141592653589793
-2.8371715717724784,-3.141592653589793
-2.8371715717724784,3.141592653589793
-2.8294756837579413,-3.141592653589793
-2.8294756837579413,3.141592653589793
-2.821840502506005,-3.141592653589793
-2.821840502506005,3.141592653589793
-2.81426356399708,-3.141592653589793
-2.81426356399708,3.141592653589793
-2.806742572736395,-3.141592653589793
-2.806742572736395,3.141592653589793
-2.7992753855376598,-3.141592653589793
-2.7992753855376598,3.141592653589793
-2.7918599972865903,-3.141592653589793
-2.7918599972865903,3.141592653589793
-2.7844945283972726,-3.141592653589793
-2.7844945283972726,3.141592653589793
-2.7771772137203095,-3.141592653589793
-2.7771772137203095,3.141592653589793
-2.7699063926950522,-3.141592653589793
-2.7699063926950522,3.141592653589793
-2.7626805005853066,-3.141592653589793
-2.7626805005853066,3.141592653589793
-2.7554980606491566,-3.141592653589793
-2.7554980606491566,3.141592653589793
-2.7483576771259917,-3.141592653589793
-2.7483576771259917,3.141592653589793
-2.7412580289375184,-3.141592653589793
-2.7412580289375184,3.141592653589793
-2.7341978640138684,-3.141592653589793
-2.7341978640138684,3.141592653589793
-2.727175994169272,-3.141592653589793
-2.727175994169272,3.141592653589793
-2.7201912904669934,-3.141592653589793
-2.7201912904669934,3.141592653589793
-2.713242679012315,-3.141592653589793
-2.713242679012315,3.141592653589793
-2.7063291371292046,-3.141592653589793
-2.7063291371292046,3.141592653589793
-2.699449689875861,-3.141592653589793
-2.699449689875861,3.141592653589793
-2.6926034068639604,-3.141592653589793
-2.6926034068639604,3.141592653589793
-2.6857893993500404,-3.141592653589793
-2.6857893993500404,3.141592653589793
-2.6790068175703854,-3.141592653589793
-2.6790068175703854,3.141592653589793
-2.6722548482932487,-3.141592653589793
-2.6722548482932487,3.141592653589793
-2.6655327125704376,-3.141592653589793
-2.6655327125704376,3.141592653589793
-2.658839663663745,-3.141592653589793
-2.658839663663745,3.141592653589793
-2.6521749851341934,-3.141592653589793
-2.6521749851341934,3.141592653589793
-2.64553798907739,-3.141592653589793
-2.64553798907739,3.141592653589793
-2.6389280144875964,-3.141592653589793
-2.6389280144875964,3.141592653589793
-2.6323444257454365,-3.141592653589793
-2.6323444257454365,3.141592653589793
-2.625786611214554,-3.141592653589793
-2.625786611214554,3.141592653589793
-2.619253981935925,-3.141592653589793
-2.619253981935925,3.141592653589793
-2.6127459704148834,-3.141592653589793
-2.6127459704148834,3.141592653589793
-2.606262029491441,-3.141592653589793
-2.606262029491441,3.141592653589793
-2.599801631287372,-3.141592653589793
-2.599801631287372,3.141592653589793
-2.593364266221604,-3.141592653589793
-2.593364266221604,3.141592653589793
-2.5869494420938954,-3.141592653589793
-2.5869494420938954,3.141592653589793
-2.580556683222375,-3.141592653589793
-2.580556683222375,3.141592653589793
-2.574185529641002,-3.141592653589793
-2.574185529641002,3.141592653589793
-2.567835536343704,-3.141592653589793
-2.567835536343704,3.141592653589793
-2.561506272577967,-3.141592653589793
-2.561506272577967,3.141592653589793
-2.5551973211794503,-3.141592653589793
-2.5551973211794503,3.141592653589793
-2.5489082779459884,-3.141592653589793
-2.5489082779459884,3.141592653589793
-2.5426387510517117,-3.141592653589793
-2.5426387510517117,3.141592653589793
-2.536388360491972,-3.141592653589793
-2.536388360491972,3.141592653589793
-2.5301567375619283,-3.141592653589793
-2.5301567375619283,3.141592653589793
-2.523943524364078,-3.141592653589793
-2.523943524364078,3.141592653589793
-2.517748373344818,-3.141592653589793
-2.517748373344818,3.141592653589793
-2.5115709468547287,-3.141592653589793
-2.5115709468547287,3.141592653589793
-2.505410916733201,-3.141592653589793
-2.505410916733201,3.141592653589793
-2.49926796391629,-3.141592653589793
-2.49926796391629,3.141592653589793
-2.4931417780648744,-3.141592653589793
-2.4931417780648744,3.141592653589793
-2.487032057212926,-3.141592653589793
-2.487032057212926,3.141592653589793
-2.480938507432571,-3.141592653589793
-2.480938507432571,3.141592653589793
-2.474860842518227,-3.141592653589793
-2.474860842518227,3.141592653589793
-2.468798783685381,-3.141592653589793
-2.468798783685381,3.141592653589793
-2.462752059285183,-3.141592653589793
-2.462752059285183,3.141592653589793
-2.4567204045319713,-3.141592653589793
-2.4567204045319713,3.141592653589793
-2.4507035612456587,-3.141592653589793
-2.4507035612456587,3.141592653589793
-2.444701277606109,-3.141592653589793
-2.444701277606109,3.141592653589793
-2.4387133079182464,-3.141592653589793
-2.4387133079182464,3.141592653589793
-2.4327394123896005,-3.141592653589793
-2.4327394123896005,3.141592653589793
-2.426779356917311,-3.141592653589793
-2.426779356917311,3.141592653589793
-2.420832912885539,-3.141592653589793
-2.420832912885539,3.141592653589793
-2.414899856971361,-3.141592653589793
-2.414899856971361,3.141592653589793
-2.4089799709606012,-3.141592653589793
-2.4089799709606012,3.141592653589793
-2.4030730415710457,-3.141592653589793
-2.4030730415710457,3.141592653589793
-2.397178860283348,-3.141592653589793
-2.397178860283348,3.141592653589793
-2.3912972231803895,-3.141592653589793
-2.3912972231803895,3.141592653589793
-2.3854279307920234,-3.141592653589793
-2.3854279307920234,3.141592653589793
-2.3795707879477987,-3.141592653589793
-2.3795707879477987,3.141592653589793
-2.373725603635274,-3.141592653589793
-2.373725603635274,3.141592653589793
-2.367892190864825,-3.141592653589793
-2.367892190864825,3.141592653589793
-2.3620703665394642,-3.141592653589793
-2.3620703665394642,3.141592653589793
-2.356259951329757,-3.141592653589793
-2.356259951329757,3.141592653589793
-2.3504607695551436,-3.141592653589793
-2.3504607695551436,3.141592653589793
-2.3446726490687877,-3.141592653589793
-2.3446726490687877,3.141592653589793
-2.3388954211477584,-3.141592653589793
-2.3388954211477584,3.141592653589793
-2.3331289203867955,-3.141592653589793
-2.3331289203867955,3.141592653589793
-2.327372984597372,-3.141592653589793
-2.327372984597372,3.141592653589793
-2.321627454709606,-3.141592653589793
-2.321627454709606,3.141592653589793
-2.3158921746782584,-3.141592653589793
-2.3158921746782584,3.141592653589793
-2.310166991392754,-3.141592653589793
-2.310166991392754,3.141592653589793
-2.304451754589987,-3.141592653589793
-2.304451754589987,3.141592653589793
-2.2987463167711466,-3.141592653589793
-2.2987463167711466,3.141592653589793
-2.293050533120421,-3.141592653589793
-2.293050533120421,3.141592653589793
-2.2873642614279266,-3.141592653589793
-2.2873642614279266,3.141592653589793
-2.2816873620148725,-3.141592653589793
-2.2816873620148725,3.141592653589793
-2.2760196976614004,-3.141592653589793
-2.2760196976614004,3.141592653589793
-2.2703611335368556,-3.141592653589793
-2.2703611335368556,3.141592653589793
-2.2647115371333597,-3.141592653589793
-2.2647115371333597,3.141592653589793
-2.259070778200307,-3.141592653589793
-2.259070778200307,3.141592653589793
-2.253438728682596,-3.141592653589793
-2.253438728682596,3.141592653589793
-2.2478152626600862,-3.141592653589793
-2.2478152626600862,3.141592653589793
-2.2422002562893404,-3.141592653589793
-2.2422002562893404,3.141592653589793
-2.2365935877475738,-3.141592653589793
-2.2365935877475738,3.141592653589793
-2.2309951371782213,-3.141592653589793
-2.2309951371782213,3.141592653589793
-2.2254047866378612,-3.141592653589793
-2.2254047866378612,3.141592653589793
-2.2198224200465044,-3.141592653589793
-2.2198224200465044,3.141592653589793
-2.2142479231376972,-3.141592653589793
-2.2142479231376972,3.141592653589793
-2.2086811834112487,-3.141592653589793
-2.2086811834112487,3.141592653589793
-2.203122090086702,-3.141592653589793
-2.203122090086702,3.141592653589793
-2.197570534059648,-3.141592653589793
-2.197570534059648,3.141592653589793
-2.192026407858013,-3.141592653589793
-2.192026407858013,3.141592653589793
-2.186489605600453,-3.141592653589793
-2.186489605600453,3.141592653589793
-2.1809600229560533,-3.141592653589793
-2.1809600229560533,3.141592653589793
-2.1754375571045816,-3.141592653589793
-2.1754375571045816,3.141592653589793
-2.169922106699206,-3.141592653589793
-2.169922106699206,3.141592653589793
-2.1644135718293644,-3.141592653589793
-2.1644135718293644,3.141592653589793
-2.1589118539844767,-3.141592653589793
-2.1589118539844767,3.141592653589793
-2.1534168560199998,-3.141592653589793
-2.1534168560199998,3.141592653589793
-2.147928482123458,-3.141592653589793
-2.147928482123458,3.141592653589793
-2.142446637781995,-3.141592653589793
-2.142446637781995,3.141592653589793
-2.1369712297504164,-3.141592653589793
-2.1369712297504164,3.141592653589793
-2.13150216602046,-3.141592653589793
-2.13150216602046,3.141592653589793
-2.1260393557908226,-3.141592653589793
-2.1260393557908226,3.141592653589793
-2.120582709438551,-3.141592653589793
-2.120582709438551,3.141592653589793
-2.115132138490493,-3.141592653589793
-2.115132138490493,3.141592653589793
-2.1096875555956043,-3.141592653589793
-2.1096875555956043,3.141592653589793
-2.104248874498508,-3.141592653589793
-2.104248874498508,3.141592653589793
-2.0988160100139726,-3.141592653589793
-2.0988160100139726,3.141592653589793
-2.093388878001046,-3.141592653589793
-2.093388878001046,3.141592653589793
-2.0879673953386466,-3.141592653589793
-2.0879673953386466,3.141592653589793
-2.0825514799020572,-3.141592653589793
-2.0825514799020572,3.141592653589793
-2.077141050539386,-3.141592653589793
-2.077141050539386,3.141592653589793
-2.0717360270488765,-3.141592653589793
-2.0717360270488765,3.141592653589793
-2.0663363301571347,-3.141592653589793
-2.0663363301571347,3.141592653589793
-2.060941881497386,-3.141592653589793
-2.060941881497386,3.141592653589793
-2.055552603588603,-3.141592653589793
-2.055552603588603,3.141592653589793
-2.0501684198152024,-3.141592653589793
-2.0501684198152024,3.141592653589793
-2.04478925440739,-3.141592653589793
-2.04478925440739,3.141592653589793
-2.039415032421627,-3.141592653589793
-2.039415032421627,3.141592653589793
-2.0340456797215034,-3.141592653589793
-2.0340456797215034,3.141592653589793
-2.0286811229597523,-3.141592653589793
-2.0286811229597523,3.141592653589793
-2.0233212895599455,-3.141592653589793
-2.0233212895599455,3.141592653589793
-2.0179661076993436,-3.141592653589793
-2.0179661076993436,3.141592653589793
-2.012615506291433,-3.141592653589793
-2.012615506291433,3.141592653589793
-2.007269414969467,-3.141592653589793
-2.007269414969467,3.141592653589793
-2.0019277640700985,-3.141592653589793
-2.0019277640700985,3.141592653589793
-1.996590484617503,-3.141592653589793
-1.996590484617503,3.141592653589793
-1.9912575083077604,-3.141592653589793
-1.9912575083077604,3.141592653589793
-1.9859287674936272,-3.141592653589793
-1.9859287674936272,3.141592653589793
-1.9806041951700057,-3.141592653589793
-1.9806041951700057,3.141592653589793
-1.9752837249590602,-3.141592653589793
-1.9752837249590602,3.141592653589793
-1.9699672910963528,-3.141592653589793
-1.9699672910963528,3.141592653589793
-1.9646548284166923,-3.141592653589793
-1.9646548284166923,3.141592653589793
-1.9593462723409183,-3.141592653589793
-1.9593462723409183,3.141592653589793
-1.9540415588620939,-3.141592653589793
-1.9540415588620939,3.141592653589793
-1.94874062453339,-3.141592653589793
-1.94874062453339,3.141592653589793
-1.943443406454347,-3.141592653589793
-1.943443406454347,3.141592653589793
-1.938149842259333,-3.141592653589793
-1.938149842259333,3.141592653589793
-1.9328598701049717,-3.141592653589793
-1.9328598701049717,3.141592653589793
-1.9275734286581272,-3.141592653589793
-1.9275734286581272,3.141592653589793
-1.9222904570845172,-3.141592653589793
-1.9222904570845172,3.141592653589793
-1.9170108950371039,-3.141592653589793
-1.9170108950371039,3.141592653589793
-1.9117346826447394,-3.141592653589793
-1.9117346826447394,3.141592653589793
-1.9064617605015812,-3.141592653589793
-1.9064617605015812,3.141592653589793
-1.9011920696559825,-3.141592653589793
-1.9011920696559825,3.141592653589793
-1.8959255516000195,-3.141592653589793
-1.8959255516000195,3.141592653589793
-1.890662148259179,-3.141592653589793
-1.890662148259179,3.141592653589793
-1.8854018019822163,-3.141592653589793
-1.8854018019822163,3.141592653589793
-1.880144455531017,-3.141592653589793
-1.880144455531017,3.141592653589793
-1.8748900520709113,-3.141592653589793
-1.8748900520709113,3.141592653589793
-1.8696385351611398,-3.141592653589793
-1.8696385351611398,3.141592653589793
-1.8643898487452724,-3.141592653589793
-1.8643898487452724,3.141592653589793
-1.859143937141951,-3.141592653589793
-1.859143937141951,3.141592653589793
-1.8539007450360343,-3.141592653589793
-1.8539007450360343,3.141592653589793
-1.8486602174691065,-3.141592653589793
-1.8486602174691065,3.141592653589793
-1.8434222998314076,-3.141592653589793
-1.8434222998314076,3.141592653589793
-1.8381869378524915,-3.141592653589793
-1.8381869378524915,3.141592653589793
-1.8329540775931161,-3.141592653589793
-1.8329540775931161,3.141592653589793
-1.8277236654367055,-3.141592653589793
-1.8277236654367055,3.141592653589793
-1.8224956480812196,-3.141592653589793
-1.8224956480812196,3.141592653589793
-1.8172699725310408,-3.141592653589793
-1.8172699725310408,3.141592653589793
-1.8120465860888604,-3.141592653589793
-1.8120465860888604,3.141592653589793
-1.8068254363480023,-3.141592653589793
-1.8068254363480023,3.141592653589793
-1.8016064711844708,-3.141592653589793
-1.8016064711844708,3.141592653589793
-1.7963896387495943,-3.141592653589793
-1.7963896387495943,3.141592653589793
-1.791174887462306,-3.141592653589793
-1.791174887462306,3.141592653589793
-1.7859621660018645,-3.141592653589793
-1.7859621660018645,3.141592653589793
-1.780751423300376,-3.141592653589793
-1.780751423300376,3.141592653589793
-1.7755426085357042,-3.141592653589793
-1.7755426085357042,3.141592653589793
-1.7703356711244445,-3.141592653589793
-1.7703356711244445,3.141592653589793
-1.7651305607148196,-3.141592653589793
-1.7651305607148196,3.141592653589793
-1.7599272271796218,-3.141592653589793
-1.7599272271796218,3.141592653589793
-1.7547256206096964,-3.141592653589793
-1.7547256206096964,3.141592653589793
-1.7495256913068526,-3.141592653589793
-1.7495256913068526,3.141592653589793
-1.7443273897774372,-3.141592653589793
-1.7443273897774372,3.141592653589793
-1.7391306667256818,-3.141592653589793
-1.7391306667256818,3.141592653589793
-1.733935473047021,-3.141592653589793
-1.733935473047021,3.141592653589793
-1.728741759821859,-3.141592653589793
-1.728741759821859,3.141592653589793
-1.723549478309216,-3.141592653589793
-1.723549478309216,3.141592653589793
-1.7183585799401653,-3.141592653589793
-1.7183585799401653,3.141592653589793
-1.713169016311752,-3.141592653589793
-1.713169016311752,3.141592653589793
-1.7079807391809434,-3.141592653589793
-1.7079807391809434,3.141592653589793
-1.7027937004583715,-3.141592653589793
-1.7027937004583715,3.141592653589793
-1.6976078522020561,-3.141592653589793
-1.6976078522020561,3.141592653589793
-1.6924231466118713,-3.141592653589793
-1.6924231466118713,3.141592653589793
-1.687239536023115,-3.141592653589793
-1.687239536023115,3.141592653589793
-1.6820569729009172,-3.141592653589793
-1.6820569729009172,3.141592653589793
-1.6768754098343244,-3.141592653589793
-1.6768754098343244,3.141592653589793
-1.6716947995303424,-3.141592653589793
-1.6716947995303424,3.141592653589793
-1.6665150948081908,-3.141592653589793
-1.6665150948081908,3.141592653589793
-1.661336248593896,-3.141592653589793
-1.661336248593896,3.141592653589793
-1.656158213914121,-3.141592653589793
-1.656158213914121,3.141592653589793
-1.650980943890778,-3.141592653589793
-1.650980943890778,3.141592653589793
-1.6458043917353662,-3.141592653589793
-1.6458043917353662,3.141592653589793
-1.6406285107434968,-3.141592653589793
-1.6406285107434968,3.141592653589793
-1.6354532542890257,-3.141592653589793
-1.6354532542890257,3.141592653589793
-1.6302785758188774,-3.141592653589793
-1.6302785758188774,3.141592653589793
-1.6251044288472254,-3.141592653589793
-1.6251044288472254,3.141592653589793
-1.6199307669502938,-3.141592653589793
-1.6199307669502938,3.141592653589793
-1.6147575437606503,-3.141592653589793
-1.6147575437606503,3.141592653589793
-1.6095847129620506,-3.141592653589793
-1.6095847129620506,3.141592653589793
-1.6044122282837272,-3.141592653589793
-1.6044122282837272,3.141592653589793
-1.5992400434951042,-3.141592653589793
-1.5992400434951042,3.141592653589793
-1.5940681124004656,-3.141592653589793
-1.5940681124004656,3.141592653589793
-1.5888963888335632,-3.141592653589793
-1.5888963888335632,3.141592653589793
-1.5837248266522002,-3.141592653589793
-1.5837248266522002,3.141592653589793
-1.5785533797328508,-3.141592653589793
-1.5785533797328508,3.141592653589793
-1.573382001965352,-3.141592653589793
-1.573382001965352,3.141592653589793
-1.5682106472476043,-3.141592653589793
-1.5682106472476043,3.141592653589793
-1.5630392694801556,-3.141592653589793
-1.5630392694801556,3.141592653589793
-1.5578678225609188,-3.141592653589793
-1.5578678225609188,3.141592653589793
-1.5526962603796837,-3.141592653589793
-1.5526962603796837,3.141592653589793
-1.5475245368129837,-3.141592653589793
-1.5475245368129837,3.141592653589793
-1.5423526057185923,-3.141592653589793
-1.5423526057185923,3.141592653589793
-1.5371804209302806,-3.141592653589793
-1.5371804209302806,3.141592653589793
-1.5320079362521948,-3.141592653589793
-1.5320079362521948,3.141592653589793
-1.5268351054539702,-3.141592653589793
-1.5268351054539702,3.141592653589793
-1.521661882264789,-3.141592653589793
-1.521661882264789,3.141592653589793
-1.5164882203682897,-3.141592653589793
-1.5164882203682897,3.141592653589793
-1.5113140733970947,-3.141592653589793
-1.5113140733970947,3.141592653589793
-1.5061393949274402,-3.141592653589793
-1.5061393949274402,3.141592653589793
-1.5009641384735646,-3.141592653589793
-1.5009641384735646,3.141592653589793
-1.4957882574822652,-3.141592653589793
-1.4957882574822652,3.141592653589793
-1.4906117053275227,-3.141592653589793
-1.4906117053275227,3.141592653589793
-1.4854344353049038,-3.141592653589793
-1.4854344353049038,3.141592653589793
-1.4802564006258716,-3.141592653589793
-1.4802564006258716,3.141592653589793
-1.4750775544123236,-3.141592653589793
-1.4750775544123236,3.141592653589793
-1.4698978496910708,-3.141592653589793
-1.4698978496910708,3.141592653589793
-1.4647172393879293,-3.141592653589793
-1.4647172393879293,3.141592653589793
-1.4595356763222471,-3.141592653589793
-1.4595356763222471,3.141592653589793
-1.4543531132009844,-3.141592653589793
-1.4543531132009844,3.141592653589793
-1.4491695026132214,-3.141592653589793
-1.4491695026132214,3.141592653589793
-1.4439847970240403,-3.141592653589793
-1.4439847970240403,3.141592653589793
-1.4387989487688442,-3.141592653589793
-1.4387989487688442,3.141592653589793
-1.4336119100473517,-3.141592653589793
-1.4336119100473517,3.141592653589793
-1.4284236329177766,-3.141592653589793
-1.4284236329177766,3.141592653589793
-1.423234069290628,-3.141592653589793
-1.423234069290628,3.141592653589793
-1.4180431709228343,-3.141592653589793
-1.4180431709228343,3.141592653589793
-1.4128508894114753,-3.141592653589793
-1.4128508894114753,3.141592653589793
-1.407657176187742,-3.141592653589793
-1.407657176187742,3.141592653589793
-1.4024619825104794,-3.141592653589793
-1.4024619825104794,3.141592653589793
-1.397265259460095,-3.141592653589793
-1.397265259460095,3.141592653589793
-1.3920669579321574,-3.141592653589793
-1.3920669579321574,3.141592653589793
-1.38686702863089,-3.141592653589793
-1.38686702863089,3.141592653589793
-1.381665422062579,-3.141592653589793
-1.381665422062579,3.141592653589793
-1.3764620885290144,-3.141592653589793
-1.3764620885290144,3.141592653589793
-1.3712569781210158,-3.141592653589793
-1.3712569781210158,3.141592653589793
-1.3660500407114795,-3.141592653589793
-1.3660500407114795,3.141592653589793
-1.3608412259485967,-3.141592653589793
-1.3608412259485967,3.141592653589793
-1.3556304832488828,-3.141592653589793
-1.3556304832488828,3.141592653589793
-1.3504177617903146,-3.141592653589793
-1.3504177617903146,3.141592653589793
-1.3452030105049404,-3.141592653589793
-1.3452030105049404,3.141592653589793
-1.3399861780720768,-3.141592653589793
-1.3399861780720768,3.141592653589793
-1.3347672129105734,-3.141592653589793
-1.3347672129105734,3.141592653589793
-1.3295460631716935,-3.141592653589793
-1.3295460631716935,3.141592653589793
-1.3243226767315361,-3.141592653589793
-1.3243226767315361,3.141592653589793
-1.3190970011834853,-3.141592653589793
-1.3190970011834853,3.141592653589793
-1.313868983830255,-3.141592653589793
-1.313868983830255,3.141592653589793
-1.3086385716760371,-3.141592653589793
-1.3086385716760371,3.141592653589793
-1.3034057114189541,-3.141592653589793
-1.3034057114189541,3.141592653589793
-1.2981703494423633,-3.141592653589793
-1.2981703494423633,3.141592653589793
-1.2929324318070723,-3.141592653589793
-1.2929324318070723,3.141592653589793
-1.2876919042426411,-3.141592653589793
-1.2876919042426411,3.141592653589793
-1.2824487121391601,-3.141592653589793
-1.2824487121391601,3.141592653589793
-1.2772028005383478,-3.141592653589793
-1.2772028005383478,3.141592653589793
-1.2719541141249984,-3.141592653589793
-1.2719541141249984,3.141592653589793
-1.2667025972178385,-3.141592653589793
-1.2667025972178385,3.141592653589793
-1.2614481937603592,-3.141592653589793
-1.2614481937603592,3.141592653589793
-1.256190847311789,-3.141592653589793
-1.256190847311789,3.141592653589793
-1.2509305010375673,-3.141592653589793
-1.2509305010375673,3.141592653589793
-1.245667097699572,-3.141592653589793
-1.245667097699572,3.141592653589793
-1.2404005796465059,-3.141592653589793
-1.2404005796465059,3.141592653589793
-1.235130888803836,-3.141592653589793
-1.235130888803836,3.141592653589793
-1.2298579666636815,-3.141592653589793
-1.2298579666636815,3.141592653589793
-1.2245817542743986,-3.141592653589793
-1.2245817542743986,3.141592653589793
-1.2193021922299503,-3.141592653589793
-1.2193021922299503,3.141592653589793
-1.2140192206594866,-3.141592653589793
-1.2140192206594866,3.141592653589793
-1.208732779215863,-3.141592653589793
-1.208732779215863,3.141592653589793
-1.2034428070647316,-3.141592653589793
-1.2034428070647316,3.141592653589793
-1.1981492428730676,-3.141592653589793
-1.1981492428730676,3.141592653589793
-1.192852024797353,-3.141592653589793
-1.192852024797353,3.141592653589793
-1.1875510904719588,-3.141592653589793
-1.1875510904719588,3.141592653589793
-1.182246376996663,-3.141592653589793
-1.182246376996663,3.141592653589793
-1.1769378209243095,-3.141592653589793
-1.1769378209243095,3.141592653589793
-1.1716253582482323,-3.141592653589793
-1.1716253582482323,3.141592653589793
-1.1663089243891624,-3.141592653589793
-1.1663089243891624,3.141592653589793
-1.1609884541819193,-3.141592653589793
-1.1609884541819193,3.141592653589793
-1.1556638818620544,-3.141592653589793
-1.1556638818620544,3.141592653589793
-1.150335141051707,-3.141592653589793
-1.150335141051707,3.141592653589793
-1.1450021647457354,-3.141592653589793
-1.1450021647457354,3.141592653589793
-1.1396648852969837,-3.141592653589793
-1.1396648852969837,3.141592653589793
-1.1343232344015894,-3.141592653589793
-1.1343232344015894,3.141592653589793
-1.1289771430836475,-3.141592653589793
-1.1289771430836475,3.141592653589793
-1.1236265416798228,-3.141592653589793
-1.1236265416798228,3.141592653589793
-1.1182713598233376,-3.141592653589793
-1.1182713598233376,3.141592653589793
-1.1129115264277312,-3.141592653589793
-1.1129115264277312,3.141592653589793
-1.1075469696702094,-3.141592653589793
-1.1075469696702094,3.141592653589793
-1.102177616974351,-3.141592653589793
-1.102177616974351,3.141592653589793
-1.0968033949928866,-3.141592653589793
-1.0968033949928866,3.141592653589793
-1.091424229589542,-3.141592653589793
-1.091424229589542,3.141592653589793
-1.0860400458206854,-3.141592653589793
-1.0860400458206854,3.141592653589793
-1.0806507679163806,-3.141592653589793
-1.0806507679163806,3.141592653589793
-1.0752563192611417,-3.141592653589793
-1.0752563192611417,3.141592653589793
-1.069856622374008,-3.141592653589793
-1.069856622374008,3.141592653589793
-1.0644515988882874,-3.141592653589793
-1.0644515988882874,3.141592653589793
-1.059041169530445,-3.141592653589793
-1.059041169530445,3.141592653589793
-1.0536252540987663,-3.141592653589793
-1.0536252540987663,3.141592653589793
-1.0482037714413701,-3.141592653589793
-1.0482037714413701,3.141592653589793
-1.0427766394333562,-3.141592653589793
-1.0427766394333562,3.141592653589793
-1.0373437749538006,-3.141592653589793
-1.0373437749538006,3.141592653589793
-1.0319050938618681,-3.141592653589793
-1.0319050938618681,3.141592653589793
-1.0264605109721014,-3.141592653589793
-1.0264605109721014,3.141592653589793
-1.0210099400293078,-3.141592653589793
-1.0210099400293078,3.141592653589793
-1.0155532936824367,-3.141592653589793
-1.0155532936824367,3.141592653589793
-1.0100904834582793,-3.141592653589793
-1.0100904834582793,3.141592653589793
-1.004621419733699,-3.141592653589793
-1.004621419733699,3.141592653589793
-0.9991460117077264,-3.141592653589793
-0.9991460117077264,3.141592653589793
-0.9936641673719406,-3.141592653589793
-0.9936641673719406,3.141592653589793
-0.9881757934812149,-3.141592653589793
-0.9881757934812149,3.141592653589793
-0.9826807955224776,-3.141592653589793
-0.9826807955224776,3.141592653589793
-0.9771790776833458,-3.141592653589793
-0.9771790776833458,3.141592653589793
-0.9716705428193687,-3.141592653589793
-0.9716705428193687,3.141592653589793
-0.9661550924200923,-3.141592653589793
-0.9661550924200923,3.141592653589793
-0.9606326265747926,-3.141592653589793
-0.9606326265747926,3.141592653589793
-0.9551030439364895,-3.141592653589793
-0.9551030439364895,3.141592653589793
-0.9495662416851888,-3.141592653589793
-0.9495662416851888,3.141592653589793
-0.9440221154898404,-3.141592653589793
-0.9440221154898404,3.141592653589793
-0.938470559469221,-3.141592653589793
-0.938470559469221,3.141592653589793
-0.9329114661512067,-3.141592653589793
-0.9329114661512067,3.141592653589793
-0.9273447264313199,-3.141592653589793
-0.9273447264313199,3.141592653589793
-0.9217702295292374,-3.141592653589793
-0.9217702295292374,3.141592653589793
-0.9161878629447937,-3.141592653589793
-0.9161878629447937,3.141592653589793
-0.9105975124114271,-3.141592653589793
-0.9105975124114271,3.141592653589793
-0.904999061848806,-3.141592653589793
-0.904999061848806,3.141592653589793
-0.8993923933140722,-3.141592653589793
-0.8993923933140722,3.141592653589793
-0.8937773869505671,-3.141592653589793
-0.8937773869505671,3.141592653589793
-0.8881539209353532,-3.141592653589793
-0.8881539209353532,3.141592653589793
-0.8825218714250073,-3.141592653589793
-0.8825218714250073,3.141592653589793
-0.876881112499397,-3.141592653589793
-0.876881112499397,3.141592653589793
-0.8712315161034235,-3.141592653589793
-0.8712315161034235,3.141592653589793
-0.865572951986603,-3.141592653589793
-0.865572951986603,3.141592653589793
-0.8599052876408433,-3.141592653589793
-0.8599052876408433,3.141592653589793
-0.8542283882356215,-3.141592653589793
-0.8542283882356215,3.141592653589793
-0.8485421165511237,-3.141592653589793
-0.8485421165511237,3.141592653589793
-0.8428463329084416,-3.141592653589793
-0.8428463329084416,3.141592653589793
-0.8371408950976832,-3.141592653589793
-0.8371408950976832,3.141592653589793
-0.8314256583031784,-3.141592653589793
-0.8314256583031784,3.141592653589793
-0.8257004750260114,-3.141592653589793
-0.8257004750260114,3.141592653589793
-0.8199651950029919,-3.141592653589793
-0.8199651950029919,3.141592653589793
-0.8142196651236557,-3.141592653589793
-0.8142196651236557,3.141592653589793
-0.8084637293429349,-3.141592653589793
-0.8084637293429349,3.141592653589793
-0.8026972285908307,-3.141592653589793
-0.8026972285908307,3.141592653589793
-0.7969200006786903,-3.141592653589793
-0.7969200006786903,3.141592653589793
-0.7911318802013247,-3.141592653589793
-0.7911318802013247,3.141592653589793
-0.785332698435804,-3.141592653589793
-0.785332698435804,3.141592653589793
-0.7795222832353075,-3.141592653589793
-0.7795222832353075,3.141592653589793
-0.773700458919184,-3.141592653589793
-0.773700458919184,3.141592653589793
-0.7678670461582494,-3.141592653589793
-0.7678670461582494,3.141592653589793
-0.76202186185539,-3.141592653589793
-0.76202186185539,3.141592653589793
-0.7561647190209211,-3.141592653589793
-0.7561647190209211,3.141592653589793
-0.7502954266423658,-3.141592653589793
-0.7502954266423658,3.141592653589793
-0.7444137895494637,-3.141592653589793
-0.7444137895494637,3.141592653589793
-0.7385196082720441,-3.141592653589793
-0.7385196082720441,3.141592653589793
-0.7326126788927563,-3.141592653589793
-0.7326126788927563,3.141592653589793
-0.7266927928924392,-3.141592653589793
-0.7266927928924392,3.141592653589793
-0.7207597369888042,-3.141592653589793
-0.7207597369888042,3.141592653589793
-0.7148132929676626,-3.141592653589793
-0.7148132929676626,3.141592653589793
-0.7088532375063866,-3.141592653589793
-0.7088532375063866,3.141592653589793
-0.702879341988928,-3.141592653589793
-0.702879341988928,3.141592653589793
-0.6968913723124454,-3.141592653589793
-0.6968913723124454,3.141592653589793
-0.6908890886843143,-3.141592653589793
-0.6908890886843143,3.141592653589793
-0.6848722454096361,-3.141592653589793
-0.6848722454096361,3.141592653589793
-0.6788405906680788,-3.141592653589793
-0.6788405906680788,3.141592653589793
-0.6727938662796075,-3.141592653589793
-0.6727938662796075,3.141592653589793
-0.6667318074589728,-3.141592653589793
-0.6667318074589728,3.141592653589793
-0.6606541425568769,-3.141592653589793
-0.6606541425568769,3.141592653589793
-0.6545605927889822,-3.141592653589793
-0.6545605927889822,3.141592653589793
-0.6484508719495363,-3.141592653589793
-0.6484508719495363,3.141592653589793
-0.6423246861109622,-3.141592653589793
-0.6423246861109622,3.141592653589793
-0.6361817333070316,-3.141592653589793
-0.6361817333070316,3.141592653589793
-0.6300217031986795,-3.141592653589793
-0.6300217031986795,3.141592653589793
-0.6238442767220646,-3.141592653589793
-0.6238442767220646,3.141592653589793
-0.6176491257167068,-3.141592653589793
-0.6176491257167068,3.141592653589793
-0.6114359125328798,-3.141592653589793
-0.6114359125328798,3.141592653589793
-0.6052042896168208,-3.141592653589793
-0.6052042896168208,3.141592653589793
-0.5989538990712704,-3.141592653589793
-0.5989538990712704,3.141592653589793
-0.5926843721915486,-3.141592653589793
-0.5926843721915486,3.141592653589793
-0.5863953289729416,-3.141592653589793
-0.5863953289729416,3.141592653589793
-0.5800863775892455,-3.141592653589793
-0.5800863775892455,3.141592653589793
-0.5737571138391178,-3.141592653589793
-0.5737571138391178,3.141592653589793
-0.5674071205575748,-3.141592653589793
-0.5674071205575748,3.141592653589793
-0.561035966991831,-3.141592653589793
-0.561035966991831,3.141592653589793
-0.5546432081363852,-3.141592653589793
-0.5546432081363852,3.141592653589793
-0.5482283840248566,-3.141592653589793
-0.5482283840248566,3.141592653589793
-0.5417910189759942,-3.141592653589793
-0.5417910189759942,3.141592653589793
-0.5353306207887444,-3.141592653589793
-0.5353306207887444,3.141592653589793
-0.528846679882536,-3.141592653589793
-0.528846679882536,3.141592653589793
-0.5223386683789288,-3.141592653589793
-0.5223386683789288,3.141592653589793
-0.5158060391181057,-3.141592653589793
-0.5158060391181057,3.141592653589793
-0.5092482246055448,-3.141592653589793
-0.5092482246055448,3.141592653589793
-0.5026646358820998,-3.141592653589793
-0.5026646358820998,3.141592653589793
-0.49605466131104914,-3.141592653589793
-0.49605466131104914,3.141592653589793
-0.4894176652733928,-3.141592653589793
-0.4894176652733928,3.141592653589793
-0.4827529867639183,-3.141592653589793
-0.4827529867639183,3.141592653589793
-0.4760599378774086,-3.141592653589793
-0.4760599378774086,3.141592653589793
-0.46933780217523513,-3.141592653589793
-0.46933780217523513,3.141592653589793
-0.46258583291939864,-3.141592653589793
-0.46258583291939864,3.141592653589793
-0.45580325116125414,-3.141592653589793
-0.45580325116125414,3.141592653589793
-0.4489892436693923,-3.141592653589793
-0.4489892436693923,3.141592653589793
-0.44214296067985986,-3.141592653589793
-0.44214296067985986,3.141592653589793
-0.43526351344936987,-3.141592653589793
-0.43526351344936987,3.141592653589793
-0.42834997158970506,-3.141592653589793
-0.42834997158970506,3.141592653589793
-0.42140136015898383,-3.141592653589793
-0.42140136015898383,3.141592653589793
-0.41441665648099313,-3.141592653589793
-0.41441665648099313,3.141592653589793
-0.4073947866612959,-3.141592653589793
-0.4073947866612959,3.141592653589793
-0.4003346217630854,-3.141592653589793
-0.4003346217630854,3.141592653589793
-0.393234973601194,-3.141592653589793
-0.393234973601194,3.141592653589793
-0.3860945901051507,-3.141592653589793
-0.3860945901051507,3.141592653589793
-0.37891215019651625,-3.141592653589793
-0.37891215019651625,3.141592653589793
-0.3716862581149214,-3.141592653589793
-0.3716862581149214,3.141592653589793
-0.36441543711873686,-3.141592653589793
-0.36441543711873686,3.141592653589793
-0.35709812247159994,-3.141592653589793
-0.35709812247159994,3.141592653589793
-0.3497326536132613,-3.141592653589793
-0.3497326536132613,3.141592653589793
-0.34231726539364743,-3.141592653589793
-0.34231726539364743,3.141592653589793
-0.3348500782275107,-3.141592653589793
-0.3348500782275107,3.141592653589793
-0.32732908700050445,-3.141592653589793
-0.32732908700050445,3.141592653589793
-0.31975214852606937,-3.141592653589793
-0.31975214852606937,3.141592653589793
-0.3121169673097321,-3.141592653589793
-0.3121169673097321,3.141592653589793
-0.30442107933165163,-3.141592653589793
-0.30442107933165163,3.141592653589793
-0.29666183349303693,-3.141592653589793
-0.29666183349303693,3.141592653589793
-0.28883637029764053,-3.141592653589793
-0.28883637029764053,3.141592653589793
-0.2809415972392109,-3.141592653589793
-0.2809415972392109,3.141592653589793
-0.2729741602436266,-3.141592653589793
-0.2729741602436266,3.141592653589793
-0.26493041035307036,-3.141592653589793
-0.26493041035307036,3.141592653589793
-0.25680636463208745,-3.141592653589793
-0.25680636463208745,3.141592653589793
-0.24859766000619068,-3.141592653589793
-0.24859766000619068,3.141592653589793
-0.24029949838274797,-3.141592653589793
-0.24029949838274797,3.141592653589793
-0.2319065809260676,-3.141592653589793
-0.2319065809260676,3.141592653589793
-0.22341302870877752,-3.141592653589793
-0.22341302870877752,3.141592653589793
-0.2148122860710232,-3.141592653589793
-0.2148122860710232,3.141592653589793
-0.20609700177968096,-3.141592653589793
-0.20609700177968096,3.141592653589793
-0.19725888132572325,-3.141592653589793
-0.19725888132572325,3.141592653589793
-0.18828850117322654,-3.141592653589793
-0.18828850117322654,3.141592653589793
-0.1791750720672939,-3.141592653589793
-0.1791750720672939,3.141592653589793
-0.16990613294566664,-3.141592653589793
-0.16990613294566664,3.141592653589793
-0.16046714844626261,-3.141592653589793
-0.16046714844626261,3.141592653589793
-0.15084096948315429,-3.141592653589793
-0.15084096948315429,3.141592653589793
-0.1410070943027996,-3.141592653589793
-0.1410070943027996,3.141592653589793
-0.13094063010634818,-3.141592653589793
-0.13094063010634818,3.141592653589793
-0.1206107894320107,-3.141592653589793
-0.1206107894320107,3.141592653589793
-0.10997863319222108,-3.141592653589793
-0.10997863319222108,3.141592653589793
-0.09899353119468962,-3.141592653589793
-0.09899353119468962,3.141592653589793
-0.08758729934927623,-3.141592653589793
-0.08758729934927623,3.141592653589793
-0.07566378092258245,-3.141592653589793
-0.07566378092258245,3.141592653589793
-0.06307850307181181,-3.141592653589793
-0.06307850307181181,3.141592653589793
-0.049593278555135525,-3.141592653589793
-0.049593278555135525,3.141592653589793
-0.03475153400322256,-3.141592653589793
-0.03475153400322256,3.141592653589793
-0.01737547190963381,-3.141592653589793
-0.01737547190963381,3.141592653589793
0.01737547190962375,-3.141592653589793
0.01737547190962375,3.141592653589793
0.03475153400321208,-3.141592653589793
0.03475153400321208,3.141592653589793
0.049593278555162656,-3.141592653589793
0.049593278555162656,3.141592653589793
0.06307850307185374,-3.141592653589793
0.06307850307185374,3.141592653589793
0.07566378092257844,-3.141592653589793
0.07566378092257844,3.141592653589793
0.08758729934928182,-3.141592653589793
0.08758729934928182,3.141592653589793
0.09899353119466305,-3.141592653589793
0.09899353119466305,3.141592653589793
0.10997863319214359,-3.141592653589793
0.10997863319214359,3.141592653589793
0.12061078943191246,-3.141592653589793
0.12061078943191246,3.141592653589793
0.13094063010623846,-3.141592653589793
0.13094063010623846,3.141592653589793
0.1410070943026989,-3.141592653589793
0.1410070943026989,3.141592653589793
0.1508409694830884,-3.141592653589793
0.1508409694830884,3.141592653589793
0.1604671484461827,-3.141592653589793
0.1604671484461827,3.141592653589793
0.1699061329455428,-3.141592653589793
0.1699061329455428,3.141592653589793
0.17917507206711233,-3.141592653589793
0.17917507206711233,3.141592653589793
0.18828850117302703,-3.141592653589793
0.18828850117302703,3.141592653589793
0.1972588813255244,-3.141592653589793
0.1972588813255244,3.141592653589793
0.2060970017795442,-3.141592653589793
0.2060970017795442,3.141592653589793
0.21481228607090638,-3.141592653589793
0.21481228607090638,3.141592653589793
0.2234130287086073,-3.141592653589793
0.2234130287086073,3.141592653589793
0.2319065809258917,-3.141592653589793
0.2319065809258917,3.141592653589793
0.24029949838256484,-3.141592653589793
0.24029949838256484,3.141592653589793
0.24859766000601302,-3.141592653589793
0.24859766000601302,3.141592653589793
0.25680636463190226,-3.141592653589793
0.25680636463190226,3.141592653589793
0.2649304103528164,-3.141592653589793
0.2649304103528164,3.141592653589793
0.2729741602433561,-3.141592653589793
0.2729741602433561,3.141592653589793
0.2809415972389612,-3.141592653589793
0.2809415972389612,3.141592653589793
0.288836370297447,-3.141592653589793
0.288836370297447,3.141592653589793
0.29666183349292385,-3.141592653589793
0.29666183349292385,3.141592653589793
0.30442107933142726,-3.141592653589793
0.30442107933142726,3.141592653589793
0.3121169673095279,-3.141592653589793
0.3121169673095279,3.141592653589793
0.3197521485258288,-3.141592653589793
0.3197521485258288,3.141592653589793
0.3273290870002326,-3.141592653589793
0.3273290870002326,3.141592653589793
0.33485007822720353,-3.141592653589793
0.33485007822720353,3.141592653589793
0.3423172653934401,-3.141592653589793
0.3423172653934401,3.141592653589793
0.3497326536130019,-3.141592653589793
0.3497326536130019,3.141592653589793
0.357098122471286,-3.141592653589793
0.357098122471286,3.141592653589793
0.3644154371184094,-3.141592653589793
0.3644154371184094,3.141592653589793
0.3716862581146197,-3.141592653589793
0.3716862581146197,3.141592653589793
0.37891215019622676,-3.141592653589793
0.37891215019622676,3.141592653589793
0.3860945901049185,-3.141592653589793
0.3860945901049185,3.141592653589793
0.3932349736009436,-3.141592653589793
0.3932349736009436,3.141592653589793
0.4003346217629048,-3.141592653589793
0.4003346217629048,3.141592653589793
0.407394786661143,-3.141592653589793
0.407394786661143,3.141592653589793
0.4144166564809077,-3.141592653589793
0.4144166564809077,3.141592653589793
0.4214013601589,-3.141592653589793
0.4214013601589,3.141592653589793
0.42834997158965943,-3.141592653589793
0.42834997158965943,3.141592653589793
0.4352635134493175,-3.141592653589793
0.4352635134493175,3.141592653589793
0.44214296067984543,-3.141592653589793
0.44214296067984543,3.141592653589793
0.4489892436693913,-3.141592653589793
0.4489892436693913,3.141592653589793
0.45580325116122117,-3.141592653589793
0.45580325116122117,3.141592653589793
0.4625858329194458,-3.141592653589793
0.4625858329194458,3.141592653589793
0.4693378021752901,-3.141592653589793
0.4693378021752901,3.141592653589793
0.4760599378775106,-3.141592653589793
0.4760599378775106,3.141592653589793
0.4827529867639857,-3.141592653589793
0.4827529867639857,3.141592653589793
0.48941766527351743,-3.141592653589793
0.48941766527351743,3.141592653589793
0.49605466131116105,-3.141592653589793
0.49605466131116105,3.141592653589793
0.5026646358822406,-3.141592653589793
0.5026646358822406,3.141592653589793
0.5092482246055937,-3.141592653589793
0.5092482246055937,3.141592653589793
0.5158060391181261,-3.141592653589793
0.5158060391181261,3.141592653589793
0.5223386683789839,-3.141592653589793
0.5223386683789839,3.141592653589793
0.5288466798825673,-3.141592653589793
0.5288466798825673,3.141592653589793
0.5353306207886932,-3.141592653589793
0.5353306207886932,3.141592653589793
0.5417910189759179,-3.141592653589793
0.5417910189759179,3.141592653589793
0.5482283840247456,-3.141592653589793
0.5482283840247456,3.141592653589793
0.5546432081363205,-3.141592653589793
0.5546432081363205,3.141592653589793
0.5610359669917416,-3.141592653589793
0.5610359669917416,3.141592653589793
0.567407120557502,-3.141592653589793
0.567407120557502,3.141592653589793
0.5737571138390659,-3.141592653589793
0.5737571138390659,3.141592653589793
0.5800863775892758,-3.141592653589793
0.5800863775892758,3.141592653589793
0.5863953289728634,-3.141592653589793
0.5863953289728634,3.141592653589793
0.5926843721913788,-3.141592653589793
0.5926843721913788,3.141592653589793
0.5989538990710599,-3.141592653589793
0.5989538990710599,3.141592653589793
0.6052042896165982,-3.141592653589793
0.6052042896165982,3.141592653589793
0.6114359125327472,-3.141592653589793
0.6114359125327472,3.141592653589793
0.6176491257165023,-3.141592653589793
0.6176491257165023,3.141592653589793
0.6238442767218136,-3.141592653589793
0.6238442767218136,3.141592653589793
0.6300217031983292,-3.141592653589793
0.6300217031983292,3.141592653589793
0.6361817333067596,-3.141592653589793
0.6361817333067596,3.141592653589793
0.6423246861107063,-3.141592653589793
0.6423246861107063,3.141592653589793
0.6484508719492794,-3.141592653589793
0.6484508719492794,3.141592653589793
0.6545605927888526,-3.141592653589793
0.6545605927888526,3.141592653589793
0.6606541425568849,-3.141592653589793
0.6606541425568849,3.141592653589793
0.666731807458933,-3.141592653589793
0.666731807458933,3.141592653589793
0.6727938662796804,-3.141592653589793
0.6727938662796804,3.141592653589793
0.6788405906681075,-3.141592653589793
0.6788405906681075,3.141592653589793
0.6848722454096245,-3.141592653589793
0.6848722454096245,3.141592653589793
0.6908890886843388,-3.141592653589793
0.6908890886843388,3.141592653589793
0.6968913723123555,-3.141592653589793
0.6968913723123555,3.141592653589793
0.7028793419889577,-3.141592653589793
0.7028793419889577,3.141592653589793
0.7088532375065267,-3.141592653589793
0.7088532375065267,3.141592653589793
0.7148132929678358,-3.141592653589793
0.7148132929678358,3.141592653589793
0.7207597369890305,-3.141592653589793
0.7207597369890305,3.141592653589793
0.7266927928926508,-3.141592653589793
0.7266927928926508,3.141592653589793
0.732612678893041,-3.141592653589793
0.732612678893041,3.141592653589793
0.7385196082723116,-3.141592653589793
0.7385196082723116,3.141592653589793
0.74441378954971,-3.141592653589793
0.74441378954971,3.141592653589793
0.7502954266426756,-3.141592653589793
0.7502954266426756,3.141592653589793
0.7561647190211993,-3.141592653589793
0.7561647190211993,3.141592653589793
0.7620218618557429,-3.141592653589793
0.7620218618557429,3.141592653589793
0.7678670461584925,-3.141592653589793
0.7678670461584925,3.141592653589793
0.7737004589193429,-3.141592653589793
0.7737004589193429,3.141592653589793
0.7795222832354843,-3.141592653589793
0.7795222832354843,3.141592653589793
0.7853326984359522,-3.141592653589793
0.7853326984359522,3.141592653589793
0.7911318802014442,-3.141592653589793
0.7911318802014442,3.141592653589793
0.7969200006787304,-3.141592653589793
0.7969200006787304,3.141592653589793
0.8026972285908746,-3.141592653589793
0.8026972285908746,3.141592653589793
0.8084637293430043,-3.141592653589793
0.8084637293430043,3.141592653589793
0.8142196651237359,-3.141592653589793
0.8142196651237359,3.141592653589793
0.8199651950030161,-3.141592653589793
0.8199651950030161,3.141592653589793
0.8257004750260155,-3.141592653589793
0.8257004750260155,3.141592653589793
0.8314256583032466,-3.141592653589793
0.8314256583032466,3.141592653589793
0.8371408950977497,-3.141592653589793
0.8371408950977497,3.141592653589793
0.8428463329085136,-3.141592653589793
0.8428463329085136,3.141592653589793
0.848542116551245,-3.141592653589793
0.848542116551245,3.141592653589793
0.8542283882357585,-3.141592653589793
0.8542283882357585,3.141592653589793
0.8599052876409322,-3.141592653589793
0.8599052876409322,3.141592653589793
0.8655729519866002,-3.141592653589793
0.8655729519866002,3.141592653589793
0.871231516103415,-3.141592653589793
0.871231516103415,3.141592653589793
0.8768811124994098,-3.141592653589793
0.8768811124994098,3.141592653589793
0.882521871425103,-3.141592653589793
0.882521871425103,3.141592653589793
0.8881539209354125,-3.141592653589793
0.8881539209354125,3.141592653589793
0.8937773869507064,-3.141592653589793
0.8937773869507064,3.141592653589793
0.8993923933142661,-3.141592653589793
0.8993923933142661,3.141592653589793
0.9049990618490341,-3.141592653589793
0.9049990618490341,3.141592653589793
0.9105975124115433,-3.141592653589793
0.9105975124115433,3.141592653589793
0.9161878629449639,-3.141592653589793
0.9161878629449639,3.141592653589793
0.9217702295294932,-3.141592653589793
0.9217702295294932,3.141592653589793
0.9273447264315116,-3.141592653589793
0.9273447264315116,3.141592653589793
0.9329114661514392,-3.141592653589793
0.9329114661514392,3.141592653589793
0.9384705594694683,-3.141592653589793
0.9384705594694683,3.141592653589793
0.9440221154901314,-3.141592653589793
0.9440221154901314,3.141592653589793
0.949566241685418,-3.141592653589793
0.949566241685418,3.141592653589793
0.9551030439366753,-3.141592653589793
0.9551030439366753,3.141592653589793
0.9606326265749139,-3.141592653589793
0.9606326265749139,3.141592653589793
0.9661550924202305,-3.141592653589793
0.9661550924202305,3.141592653589793
0.971670542819462,-3.141592653589793
0.971670542819462,3.141592653589793
0.977179077683477,-3.141592653589793
0.977179077683477,3.141592653589793
0.9826807955225302,-3.141592653589793
0.9826807955225302,3.141592653589793
0.9881757934812507,-3.141592653589793
0.9881757934812507,3.141592653589793
0.9936641673720268,-3.141592653589793
0.9936641673720268,3.141592653589793
0.999146011707888,-3.141592653589793
0.999146011707888,3.141592653589793
1.0046214197339354,-3.141592653589793
1.0046214197339354,3.141592653589793
1.0100904834584545,-3.141592653589793
1.0100904834584545,3.141592653589793
1.0155532936825729,-3.141592653589793
1.0155532936825729,3.141592653589793
1.0210099400294008,-3.141592653589793
1.0210099400294008,3.141592653589793
1.026460510972229,-3.141592653589793
1.026460510972229,3.141592653589793
1.0319050938619487,-3.141592653589793
1.0319050938619487,3.141592653589793
1.0373437749538648,-3.141592653589793
1.0373437749538648,3.141592653589793
1.0427766394333233,-3.141592653589793
1.0427766394333233,3.141592653589793
1.0482037714413015,-3.141592653589793
1.0482037714413015,3.141592653589793
1.0536252540987794,-3.141592653589793
1.0536252540987794,3.141592653589793
1.0590411695303636,-3.141592653589793
1.0590411695303636,3.141592653589793
1.0644515988881886,-3.141592653589793
1.0644515988881886,3.141592653589793
1.0698566223738053,-3.141592653589793
1.0698566223738053,3.141592653589793
1.075256319260891,-3.141592653589793
1.075256319260891,3.141592653589793
1.0806507679160453,-3.141592653589793
1.0806507679160453,3.141592653589793
1.0860400458203405,-3.141592653589793
1.0860400458203405,3.141592653589793
1.0914242295892822,-3.141592653589793
1.0914242295892822,3.141592653589793
1.096803394992629,-3.141592653589793
1.096803394992629,3.141592653589793
1.1021776169740651,-3.141592653589793
1.1021776169740651,3.141592653589793
1.1075469696698692,-3.141592653589793
1.1075469696698692,3.141592653589793
1.1129115264274654,-3.141592653589793
1.1129115264274654,3.141592653589793
1.1182713598230765,-3.141592653589793
1.1182713598230765,3.141592653589793
1.123626541679547,-3.141592653589793
1.123626541679547,3.141592653589793
1.1289771430834137,-3.141592653589793
1.1289771430834137,3.141592653589793
1.134323234401301,-3.141592653589793
1.134323234401301,3.141592653589793
1.1396648852966893,-3.141592653589793
1.1396648852966893,3.141592653589793
1.1450021647454403,-3.141592653589793
1.1450021647454403,3.141592653589793
1.1503351410513805,-3.141592653589793
1.1503351410513805,3.141592653589793
1.1556638818616882,-3.141592653589793
1.1556638818616882,3.141592653589793
1.1609884541816042,-3.141592653589793
1.1609884541816042,3.141592653589793
1.166308924388875,-3.141592653589793
1.166308924388875,3.141592653589793
1.1716253582479614,-3.141592653589793
1.1716253582479614,3.141592653589793
1.1769378209239811,-3.141592653589793
1.1769378209239811,3.141592653589793
1.1822463769963467,-3.141592653589793
1.1822463769963467,3.141592653589793
1.1875510904716842,-3.141592653589793
1.1875510904716842,3.141592653589793
1.1928520247970313,-3.141592653589793
1.1928520247970313,3.141592653589793
1.1981492428726952,-3.141592653589793
1.1981492428726952,3.141592653589793
1.2034428070644498,-3.141592653589793
1.2034428070644498,3.141592653589793
1.2087327792156448,-3.141592653589793
1.2087327792156448,3.141592653589793
1.214019220659276,-3.141592653589793
1.214019220659276,3.141592653589793
1.2193021922297718,-3.141592653589793
1.2193021922297718,3.141592653589793
1.2245817542741617,-3.141592653589793
1.2245817542741617,3.141592653589793
1.2298579666634633,-3.141592653589793
1.2298579666634633,3.141592653589793
1.2351308888036063,-3.141592653589793
1.2351308888036063,3.141592653589793
1.2404005796462716,-3.141592653589793
1.2404005796462716,3.141592653589793
1.2456670976993145,-3.141592653589793
1.2456670976993145,3.141592653589793
1.2509305010372855,-3.141592653589793
1.2509305010372855,3.141592653589793
1.256190847311458,-3.141592653589793
1.256190847311458,3.141592653589793
1.2614481937600226,-3.141592653589793
1.2614481937600226,3.141592653589793
1.2667025972174488,-3.141592653589793
1.2667025972174488,3.141592653589793
1.271954114124663,-3.141592653589793
1.271954114124663,3.141592653589793
1.2772028005380094,-3.141592653589793
1.2772028005380094,3.141592653589793
1.2824487121387966,-3.141592653589793
1.2824487121387966,3.141592653589793
1.28769190424223,-3.141592653589793
1.28769190424223,3.141592653589793
1.2929324318066293,-3.141592653589793
1.2929324318066293,3.141592653589793
1.2981703494419834,-3.141592653589793
1.2981703494419834,3.141592653589793
1.303405711418572,-3.141592653589793
1.303405711418572,3.141592653589793
1.30863857167571,-3.141592653589793
1.30863857167571,3.141592653589793
1.3138689838298752,-3.141592653589793
1.3138689838298752,3.141592653589793
1.3190970011831513,-3.141592653589793
1.3190970011831513,3.141592653589793
1.3243226767312286,-3.141592653589793
1.3243226767312286,3.141592653589793
1.3295460631713418,-3.141592653589793
1.3295460631713418,3.141592653589793
1.3347672129102433,-3.141592653589793
1.3347672129102433,3.141592653589793
1.3399861780717708,-3.141592653589793
1.3399861780717708,3.141592653589793
1.3452030105047046,-3.141592653589793
1.3452030105047046,3.141592653589793
1.3504177617900592,-3.141592653589793
1.3504177617900592,3.141592653589793
1.3556304832486588,-3.141592653589793
1.3556304832486588,3.141592653589793
1.3608412259483482,-3.141592653589793
1.3608412259483482,3.141592653589793
1.3660500407112357,-3.141592653589793
1.3660500407112357,3.141592653589793
1.3712569781207857,-3.141592653589793
1.3712569781207857,3.141592653589793
1.3764620885287269,-3.141592653589793
1.3764620885287269,3.141592653589793
1.381665422062311,-3.141592653589793
1.381665422062311,3.141592653589793
1.3868670286306704,-3.141592653589793
1.3868670286306704,3.141592653589793
1.3920669579319156,-3.141592653589793
1.3920669579319156,3.141592653589793
1.3972652594598423,-3.141592653589793
1.3972652594598423,3.141592653589793
1.4024619825101832,-3.141592653589793
1.4024619825101832,3.141592653589793
1.407657176187456,-3.141592653589793
1.407657176187456,3.141592653589793
1.41285088941124,-3.141592653589793
1.41285088941124,3.141592653589793
1.4180431709226404,-3.141592653589793
1.4180431709226404,3.141592653589793
1.4232340692904875,-3.141592653589793
1.4232340692904875,3.141592653589793
1.4284236329176354,-3.141592653589793
1.4284236329176354,3.141592653589793
1.4336119100472715,-3.141592653589793
1.4336119100472715,3.141592653589793
1.438798948768784,-3.141592653589793
1.438798948768784,3.141592653589793
1.4439847970239899,-3.141592653589793
1.4439847970239899,3.141592653589793
1.449169502613153,-3.141592653589793
1.449169502613153,3.141592653589793
1.4543531132008842,-3.141592653589793
1.4543531132008842,3.141592653589793
1.459535676322077,-3.141592653589793
1.459535676322077,3.141592653589793
1.4647172393877697,-3.141592653589793
1.4647172393877697,3.141592653589793
1.4698978496908919,-3.141592653589793
1.4698978496908919,3.141592653589793
1.4750775544121841,-3.141592653589793
1.4750775544121841,3.141592653589793
1.4802564006256849,-3.141592653589793
1.4802564006256849,3.141592653589793
1.4854344353047313,-3.141592653589793
1.4854344353047313,3.141592653589793
1.4906117053274142,-3.141592653589793
1.4906117053274142,3.141592653589793
1.4957882574820949,-3.141592653589793
1.4957882574820949,3.141592653589793
1.5009641384733534,-3.141592653589793
1.5009641384733534,3.141592653589793
1.5061393949272284,-3.141592653589793
1.5061393949272284,3.141592653589793
1.5113140733968566,-3.141592653589793
1.5113140733968566,3.141592653589793
1.5164882203680132,-3.141592653589793
1.5164882203680132,3.141592653589793
1.52166188226449,-3.141592653589793
1.52166188226449,3.141592653589793
1.5268351054537181,-3.141592653589793
1.5268351054537181,3.141592653589793
1.5320079362519425,-3.141592653589793
1.5320079362519425,3.141592653589793
1.5371804209299522,-3.141592653589793
1.5371804209299522,3.141592653589793
1.542352605718324,-3.141592653589793
1.542352605718324,3.141592653589793
1.5475245368127213,-3.141592653589793
1.5475245368127213,3.141592653589793
1.5526962603794525,-3.141592653589793
1.5526962603794525,3.141592653589793
1.5578678225606442,-3.141592653589793
1.5578678225606442,3.141592653589793
1.5630392694799036,-3.141592653589793
1.5630392694799036,3.141592653589793
1.5682106472473374,-3.141592653589793
1.5682106472473374,3.141592653589793
1.573382001965082,-3.141592653589793
1.573382001965082,3.141592653589793
1.578553379732502,-3.141592653589793
1.578553379732502,3.141592653589793
1.5837248266518449,-3.141592653589793
1.5837248266518449,3.141592653589793
1.5888963888332248,-3.141592653589793
1.5888963888332248,3.141592653589793
1.5940681124001232,-3.141592653589793
1.5940681124001232,3.141592653589793
1.5992400434947052,-3.141592653589793
1.5992400434947052,3.141592653589793
1.6044122282833064,-3.141592653589793
1.6044122282833064,3.141592653589793
1.6095847129616445,-3.141592653589793
1.6095847129616445,3.141592653589793
1.6147575437602377,-3.141592653589793
1.6147575437602377,3.141592653589793
1.6199307669498355,-3.141592653589793
1.6199307669498355,3.141592653589793
1.6251044288468037,-3.141592653589793
1.6251044288468037,3.141592653589793
1.6302785758184049,-3.141592653589793
1.6302785758184049,3.141592653589793
1.6354532542885438,-3.141592653589793
1.6354532542885438,3.141592653589793
1.6406285107429617,-3.141592653589793
1.6406285107429617,3.141592653589793
1.6458043917348244,-3.141592653589793
1.6458043917348244,3.141592653589793
1.6509809438902012,-3.141592653589793
1.6509809438902012,3.141592653589793
1.6561582139135271,-3.141592653589793
1.6561582139135271,3.141592653589793
1.6613362485933056,-3.141592653589793
1.6613362485933056,3.141592653589793
1.6665150948076446,-3.141592653589793
1.6665150948076446,3.141592653589793
1.6716947995297335,-3.141592653589793
1.6716947995297335,3.141592653589793
1.676875409833784,-3.141592653589793
1.676875409833784,3.141592653589793
1.6820569729004056,-3.141592653589793
1.6820569729004056,3.141592653589793
1.6872395360225325,-3.141592653589793
1.6872395360225325,3.141592653589793
1.6924231466112778,-3.141592653589793
1.6924231466112778,3.141592653589793
1.6976078522015132,-3.141592653589793
1.6976078522015132,3.141592653589793
1.7027937004578027,-3.141592653589793
1.7027937004578027,3.141592653589793
1.7079807391804276,-3.141592653589793
1.7079807391804276,3.141592653589793
1.7131690163111393,-3.141592653589793
1.7131690163111393,3.141592653589793
1.7183585799394472,-3.141592653589793
1.7183585799394472,3.141592653589793
1.7235494783084744,-3.141592653589793
1.7235494783084744,3.141592653589793
1.7287417598210895,-3.141592653589793
1.7287417598210895,3.141592653589793
1.7339354730462022,-3.141592653589793
1.7339354730462022,3.141592653589793
1.7391306667248467,-3.141592653589793
1.7391306667248467,3.141592653589793
1.7443273897765719,-3.141592653589793
1.7443273897765719,3.141592653589793
1.7495256913059405,-3.141592653589793
1.7495256913059405,3.141592653589793
1.7547256206087516,-3.141592653589793
1.7547256206087516,3.141592653589793
1.7599272271786714,-3.141592653589793
1.7599272271786714,3.141592653589793
1.765130560713838,-3.141592653589793
1.765130560713838,3.141592653589793
1.7703356711234997,-3.141592653589793
1.7703356711234997,3.141592653589793
1.775542608534721,-3.141592653589793
1.775542608534721,3.141592653589793
1.780751423299372,-3.141592653589793
1.780751423299372,3.141592653589793
1.7859621660008875,-3.141592653589793
1.7859621660008875,3.141592653589793
1.791174887461293,-3.141592653589793
1.791174887461293,3.141592653589793
1.7963896387485643,-3.141592653589793
1.7963896387485643,3.141592653589793
1.8016064711834643,-3.141592653589793
1.8016064711834643,3.141592653589793
1.8068254363469411,-3.141592653589793
1.8068254363469411,3.141592653589793
1.812046586087812,-3.141592653589793
1.812046586087812,3.141592653589793
1.8172699725299957,-3.141592653589793
1.8172699725299957,3.141592653589793
1.8224956480802201,-3.141592653589793
1.8224956480802201,3.141592653589793
1.8277236654356521,-3.141592653589793
1.8277236654356521,3.141592653589793
1.8329540775920135,-3.141592653589793
1.8329540775920135,3.141592653589793
1.8381869378513573,-3.141592653589793
1.8381869378513573,3.141592653589793
1.843422299830257,-3.141592653589793
1.843422299830257,3.141592653589793
1.848660217468015,-3.141592653589793
1.848660217468015,3.141592653589793
1.8539007450348313,-3.141592653589793
1.8539007450348313,3.141592653589793
1.8591439371407457,-3.141592653589793
1.8591439371407457,3.141592653589793
1.864389848744032,-3.141592653589793
1.864389848744032,3.141592653589793
1.8696385351599039,-3.141592653589793
1.8696385351599039,3.141592653589793
1.8748900520696752,-3.141592653589793
1.8748900520696752,3.141592653589793
1.8801444555298157,-3.141592653589793
1.8801444555298157,3.141592653589793
1.8854018019810475,-3.141592653589793
1.8854018019810475,3.141592653589793
1.8906621482580717,-3.141592653589793
1.8906621482580717,3.141592653589793
1.8959255515988267,-3.141592653589793
1.8959255515988267,3.141592653589793
1.90119206965472,-3.141592653589793
1.90119206965472,3.141592653589793
1.9064617605002931,-3.141592653589793
1.9064617605002931,3.141592653589793
1.911734682643452,-3.141592653589793
1.911734682643452,3.141592653589793
1.9170108950358058,-3.141592653589793
1.9170108950358058,3.141592653589793
1.922290457083241,-3.141592653589793
1.922290457083241,3.141592653589793
1.9275734286569022,-3.141592653589793
1.9275734286569022,3.141592653589793
1.9328598701037607,-3.141592653589793
1.9328598701037607,3.141592653589793
1.9381498422580807,-3.141592653589793
1.9381498422580807,3.141592653589793
1.9434434064530588,-3.141592653589793
1.9434434064530588,3.141592653589793
1.9487406245320311,-3.141592653589793
1.9487406245320311,3.141592653589793
1.9540415588607825,-3.141592653589793
1.9540415588607825,3.141592653589793
1.9593462723395625,-3.141592653589793
1.9593462723395625,3.141592653589793
1.9646548284153378,-3.141592653589793
1.9646548284153378,3.141592653589793
1.9699672910950157,-3.141592653589793
1.9699672910950157,3.141592653589793
1.9752837249577246,-3.141592653589793
1.9752837249577246,3.141592653589793
1.9806041951686812,-3.141592653589793
1.9806041951686812,3.141592653589793
1.9859287674922559,-3.141592653589793
1.9859287674922559,3.141592653589793
1.991257508306374,-3.141592653589793
1.991257508306374,3.141592653589793
1.9965904846161877,-3.141592653589793
1.9965904846161877,3.141592653589793
2.001927764068745,-3.141592653589793
2.001927764068745,3.141592653589793
2.007269414968081,-3.141592653589793
2.007269414968081,3.141592653589793
2.012615506290008,-3.141592653589793
2.012615506290008,3.141592653589793
2.017966107697959,-3.141592653589793
2.017966107697959,3.141592653589793
2.0233212895585764,-3.141592653589793
2.0233212895585764,3.141592653589793
2.028681122958394,-3.141592653589793
2.028681122958394,3.141592653589793
2.034045679720153,-3.141592653589793
2.034045679720153,3.141592653589793
2.0394150324203,-3.141592653589793
2.0394150324203,3.141592653589793
2.044789254406166,-3.141592653589793
2.044789254406166,3.141592653589793
2.050168419813945,-3.141592653589793
2.050168419813945,3.141592653589793
2.055552603587276,-3.141592653589793
2.055552603587276,3.141592653589793
2.0609418814961717,-3.141592653589793
2.0609418814961717,3.141592653589793
2.0663363301559476,-3.141592653589793
2.0663363301559476,3.141592653589793
2.071736027047675,-3.141592653589793
2.071736027047675,3.141592653589793
2.077141050538134,-3.141592653589793
2.077141050538134,3.141592653589793
2.08255147990079,-3.141592653589793
2.08255147990079,3.141592653589793
2.0879673953373414,-3.141592653589793
2.0879673953373414,3.141592653589793
2.093388877999638,-3.141592653589793
2.093388877999638,3.141592653589793
2.0988160100126856,-3.141592653589793
2.0988160100126856,3.141592653589793
2.104248874497214,-3.141592653589793
2.104248874497214,3.141592653589793
2.1096875555942134,-3.141592653589793
2.1096875555942134,3.141592653589793
2.1151321384890838,-3.141592653589793
2.1151321384890838,3.141592653589793
2.1205827094372776,-3.141592653589793
2.1205827094372776,3.141592653589793
2.126039355789362,-3.141592653589793
2.126039355789362,3.141592653589793
2.131502166018992,-3.141592653589793
2.131502166018992,3.141592653589793
2.1369712297489607,-3.141592653589793
2.1369712297489607,3.141592653589793
2.1424466377806524,-3.141592653589793
2.1424466377806524,3.141592653589793
2.147928482122153,-3.141592653589793
2.147928482122153,3.141592653589793
2.153416856018595,-3.141592653589793
2.153416856018595,3.141592653589793
2.1589118539831706,-3.141592653589793
2.1589118539831706,3.141592653589793
2.16441357182819,-3.141592653589793
2.16441357182819,3.141592653589793
2.169922106698156,-3.141592653589793
2.169922106698156,3.141592653589793
2.175437557103374,-3.141592653589793
2.175437557103374,3.141592653589793
2.180960022954821,-3.141592653589793
2.180960022954821,3.141592653589793
2.1864896055991734,-3.141592653589793
2.1864896055991734,3.141592653589793
2.1920264078566625,-3.141592653589793
2.1920264078566625,3.141592653589793
2.1975705340582468,-3.141592653589793
2.1975705340582468,3.141592653589793
2.203122090085231,-3.141592653589793
2.203122090085231,3.141592653589793
2.208681183409737,-3.141592653589793
2.208681183409737,3.141592653589793
2.214247923136274,-3.141592653589793
2.214247923136274,3.141592653589793
2.2198224200450176,-3.141592653589793
2.2198224200450176,3.141592653589793
2.2254047866362785,-3.141592653589793
2.2254047866362785,3.141592653589793
2.2309951371765133,-3.141592653589793
2.2309951371765133,3.141592653589793
2.2365935877459555,-3.141592653589793
2.2365935877459555,3.141592653589793
2.2422002562877266,-3.141592653589793
2.2422002562877266,3.141592653589793
2.247815262658281,-3.141592653589793
2.247815262658281,3.141592653589793
2.253438728680739,-3.141592653589793
2.253438728680739,3.141592653589793
2.2590707781982946,-3.141592653589793
2.2590707781982946,3.141592653589793
2.2647115371313737,-3.141592653589793
2.2647115371313737,3.141592653589793
2.270361133534971,-3.141592653589793
2.270361133534971,3.141592653589793
2.276019697659406,-3.141592653589793
2.276019697659406,3.141592653589793
2.2816873620128977,-3.141592653589793
2.2816873620128977,3.141592653589793
2.2873642614257665,-3.141592653589793
2.2873642614257665,3.141592653589793
2.293050533118179,-3.141592653589793
2.293050533118179,3.141592653589793
2.298746316769012,-3.141592653589793
2.298746316769012,3.141592653589793
2.3044517545879764,-3.141592653589793
2.3044517545879764,3.141592653589793
2.310166991390581,-3.141592653589793
2.310166991390581,3.141592653589793
2.315892174676206,-3.141592653589793
2.315892174676206,3.141592653589793
2.3216274547076186,-3.141592653589793
2.3216274547076186,3.141592653589793
2.3273729845955065,-3.141592653589793
2.3273729845955065,3.141592653589793
2.333128920384858,-3.141592653589793
2.333128920384858,3.141592653589793
2.3388954211457675,-3.141592653589793
2.3388954211457675,3.141592653589793
2.3446726490667533,-3.141592653589793
2.3446726490667533,3.141592653589793
2.350460769553062,-3.141592653589793
2.350460769553062,3.141592653589793
2.3562599513277425,-3.141592653589793
2.3562599513277425,3.141592653589793
2.362070366537337,-3.141592653589793
2.362070366537337,3.141592653589793
2.3678921908627566,-3.141592653589793
2.3678921908627566,3.141592653589793
2.3737256036330363,-3.141592653589793
2.3737256036330363,3.141592653589793
2.3795707879455468,-3.141592653589793
2.3795707879455468,3.141592653589793
2.38542793078981,-3.141592653589793
2.38542793078981,3.141592653589793
2.391297223178313,-3.141592653589793
2.391297223178313,3.141592653589793
2.397178860281387,-3.141592653589793
2.397178860281387,3.141592653589793
2.403073041569037,-3.141592653589793
2.403073041569037,3.141592653589793
2.4089799709585886,-3.141592653589793
2.4089799709585886,3.141592653589793
2.414899856969368,-3.141592653589793
2.414899856969368,3.141592653589793
2.4208329128834847,-3.141592653589793
2.4208329128834847,3.141592653589793
2.426779356915332,-3.141592653589793
2.426779356915332,3.141592653589793
2.432739412387616,-3.141592653589793
2.432739412387616,3.141592653589793
2.4387133079162546,-3.141592653589793
2.4387133079162546,3.141592653589793
2.4447012776038726,-3.141592653589793
2.4447012776038726,3.141592653589793
2.450703561243376,-3.141592653589793
2.450703561243376,3.141592653589793
2.4567204045296624,-3.141592653589793
2.4567204045296624,3.141592653589793
2.4627520592829963,-3.141592653589793
2.4627520592829963,3.141592653589793
2.468798783683293,-3.141592653589793
2.468798783683293,3.141592653589793
2.474860842516124,-3.141592653589793
2.474860842516124,3.141592653589793
2.480938507430494,-3.141592653589793
2.480938507430494,3.141592653589793
2.487032057210772,-3.141592653589793
2.487032057210772,3.141592653589793
2.4931417780627605,-3.141592653589793
2.4931417780627605,3.141592653589793
2.4992679639143063,-3.141592653589793
2.4992679639143063,3.141592653589793
2.5054109167311376,-3.141592653589793
2.5054109167311376,3.141592653589793
2.5115709468529603,-3.141592653589793
2.5115709468529603,3.141592653589793
2.517748373343133,-3.141592653589793
2.517748373343133,3.141592653589793
2.5239435243622976,-3.141592653589793
2.5239435243622976,3.141592653589793
2.530156737559939,-3.141592653589793
2.530156737559939,3.141592653589793
2.5363883604901964,-3.141592653589793
2.5363883604901964,3.141592653589793
2.542638751049879,-3.141592653589793
2.542638751049879,3.141592653589793
2.548908277944231,-3.141592653589793
2.548908277944231,3.141592653589793
2.555197321177273,-3.141592653589793
2.555197321177273,3.141592653589793
2.561506272576009,-3.141592653589793
2.561506272576009,3.141592653589793
2.5678355363417373,-3.141592653589793
2.5678355363417373,3.141592653589793
2.5741855296388585,-3.141592653589793
2.5741855296388585,3.141592653589793
2.580556683220561,-3.141592653589793
2.580556683220561,3.141592653589793
2.586949442092239,-3.141592653589793
2.586949442092239,3.141592653589793
2.593364266220012,-3.141592653589793
2.593364266220012,3.141592653589793
2.5998016312854184,-3.141592653589793
2.5998016312854184,3.141592653589793
2.606262029489701,-3.141592653589793
2.606262029489701,3.141592653589793
2.612745970413124,-3.141592653589793
2.612745970413124,3.141592653589793
2.619253981934327,-3.141592653589793
2.619253981934327,3.141592653589793
2.625786611212987,-3.141592653589793
2.625786611212987,3.141592653589793
2.632344425744031,-3.141592653589793
2.632344425744031,3.141592653589793
2.638928014486173,-3.141592653589793
2.638928014486173,3.141592653589793
2.6455379890763417,-3.141592653589793
2.6455379890763417,3.141592653589793
2.6521749851332532,-3.141592653589793
2.6521749851332532,3.141592653589793
2.6588396636623304,-3.141592653589793
2.6588396636623304,3.141592653589793
2.6655327125688077,-3.141592653589793
2.6655327125688077,3.141592653589793
2.672254848291448,-3.141592653589793
2.672254848291448,3.141592653589793
2.6790068175679993,-3.141592653589793
2.6790068175679993,3.141592653589793
2.68578939934772,-3.141592653589793
2.68578939934772,3.141592653589793
2.6926034068614904,-3.141592653589793
2.6926034068614904,3.141592653589793
2.699449689873352,-3.141592653589793
2.699449689873352,3.141592653589793
2.7063291371265543,-3.141592653589793
2.7063291371265543,3.141592653589793
2.713242679009441,-3.141592653589793
2.713242679009441,3.141592653589793
2.7201912904637924,-3.141592653589793
2.7201912904637924,3.141592653589793
2.727175994166063,-3.141592653589793
2.727175994166063,3.141592653589793
2.734197864011054,-3.141592653589793
2.734197864011054,3.141592653589793
2.741258028934929,-3.141592653589793
2.741258028934929,3.141592653589793
2.74835767712311,-3.141592653589793
2.74835767712311,3.141592653589793
2.7554980606463393,-3.141592653589793
2.7554980606463393,3.141592653589793
2.76268050058285,-3.141592653589793
2.76268050058285,3.141592653589793
2.7699063926929486,-3.141592653589793
2.7699063926929486,3.141592653589793
2.777177213718489,-3.141592653589793
2.777177213718489,3.141592653589793
2.784494528395347,-3.141592653589793
2.784494528395347,3.141592653589793
2.791859997284201,-3.141592653589793
2.791859997284201,3.141592653589793
2.799275385535223,-3.141592653589793
2.799275385535223,3.141592653589793
2.8067425727336817,-3.141592653589793
2.8067425727336817,3.141592653589793
2.8142635639943294,-3.141592653589793
2.8142635639943294,3.141592653589793
2.8218405025031648,-3.141592653589793
2.8218405025031648,3.141592653589793
2.829475683755193,-3.141592653589793
2.829475683755193,3.141592653589793
2.8371715717701407,-3.141592653589793
2.8371715717701407,3.141592653589793
2.8449308176464463,-3.141592653589793
2.8449308176464463,3.141592653589793
2.8527562808812172,-3.141592653589793
2.8527562808812172,3.141592653589793
2.8606510539797507,-3.141592653589793
2.8606510539797507,3.141592653589793
2.8686184910172483,-3.141592653589793
2.8686184910172483,3.141592653589793
2.8766622409510476,-3.141592653589793
2.8766622409510476,3.141592653589793
2.884786286716563,-3.141592653589793
2.884786286716563,3.141592653589793
2.8929949913892665,-3.141592653589793
2.8929949913892665,3.141592653589793
2.901293153060758,-3.141592653589793
2.901293153060758,3.141592653589793
2.9096860705681507,-3.141592653589793
2.9096860705681507,3.141592653589793
2.9181796228382746,-3.141592653589793
2.9181796228382746,3.141592653589793
2.926780365530748,-3.141592653589793
2.926780365530748,3.141592653589793
2.9354956498795426,-3.141592653589793
2.9354956498795426,3.141592653589793
2.944333770393117,-3.141592653589793
2.944333770393117,3.141592653589793
2.9533041506081417,-3.141592653589793
2.9533041506081417,3.141592653589793
2.9624175797794914,-3.141592653589793
2.9624175797794914,3.141592653589793
2.971686518970898,-3.141592653589793
2.971686518970898,3.141592653589793
2.9811255035436175,-3.141592653589793
2.9811255035436175,3.141592653589793
2.9907516825844582,-3.141592653589793
2.9907516825844582,3.141592653589793
3.0005855578473346,-3.141592653589793
3.0005855578473346,3.141592653589793
3.0106520221309143,-3.141592653589793
3.0106520221309143,3.141592653589793
3.020981862898267,-3.141592653589793
3.020981862898267,3.141592653589793
3.0316140192380945,-3.141592653589793
3.0316140192380945,3.141592653589793
3.042599121341529,-3.141592653589793
3.042599121341529,3.141592653589793
3.0540053533015694,-3.141592653589793
3.0540053533015694,3.141592653589793
3.0659288718511943,-3.141592653589793
3.0659288718511943,3.141592653589793
3.078514149836269,-3.141592653589793
3.078514149836269,3.141592653589793
3.0919993744989136,-3.141592653589793
3.0919993744989136,3.141592653589793
3.106841119210513,-3.141592653589793
3.106841119210513,3.141592653589793
3.124217181492798,-3.141592653589793
3.124217181492798,3.141592653589793
3.141592653589793,-3.141592653589793
3.141592653589793,3.141592653589793
