dx_1
-3.141592653589793,-3.141592653589793
-3.141592653589793,3.141592653589793
-3.112382822283255,-3.141592653589793
-3.112382822283255,3.141592653589793
-3.0831701867623407,-3.141592653589793
-3.0831701867623407,3.141592653589793
-3.05821574014428,-3.141592653589793
-3.05821574014428,3.141592653589793
-3.0355392121984694,-3.141592653589793
-3.0355392121984694,3.141592653589793
-3.014372847194002,-3.141592653589793
-3.014372847194002,3.141592653589793
-2.994316055407135,-3.141592653589793
-2.994316055407135,3.141592653589793
-2.9751258145233916,-3.141592653589793
-2.9751258145233916,3.141592653589793
-2.9566403434368134,-3.141592653589793
-2.9566403434368134,3.141592653589793
-2.938744898479797,-3.141592653589793
-2.938744898479797,3.141592653589793
-2.921354255591806,-3.141592653589793
-2.921354255591806,3.141592653589793
-2.904402852370329,-3.141592653589793
-2.904402852370329,3.141592653589793
-2.887838836397145,-3.141592653589793
-2.887838836397145,3.141592653589793
-2.8716202699639575,-3.141592653589793
-2.8716202699639575,3.141592653589793
-2.8557126014976597,-3.141592653589793
-2.8557126014976597,3.141592653589793
-2.8400869192760627,-3.141592653589793
-2.8400869192760627,3.141592653589793
-2.824718708655258,-3.141592653589793
-2.824718708655258,3.141592653589793
-2.8095869448063002,-3.141592653589793
-2.8095869448063002,3.141592653589793
-2.7946734157216895,-3.141592653589793
-2.7946734157216895,3.141592653589793
-2.7799622073459322,-3.141592653589793
-2.7799622073459322,3.141592653589793
-2.765439305414066,-3.141592653589793
-2.765439305414066,3.141592653589793
-2.7510922829649966,-3.141592653589793
-2.7510922829649966,3.141592653589793
-2.736910051845719,-3.141592653589793
-2.736910051845719,3.141592653589793
-2.7228826627620193,-3.141592653589793
-2.7228826627620193,3.141592653589793
-2.7090011426699747,-3.141592653589793
-2.7090011426699747,3.141592653589793
-2.6952573612518624,-3.141592653589793
-2.6952573612518624,3.141592653589793
-2.6816439203120024,-3.141592653589793
-2.6816439203120024,3.141592653589793
-2.668154061415968,-3.141592653589793
-2.668154061415968,3.141592653589793
-2.6547815881958234,-3.141592653589793
-2.6547815881958234,3.141592653589793
-2.6415208005460404,-3.141592653589793
-2.6415208005460404,3.141592653589793
-2.628366438539522,-3.141592653589793
-2.628366438539522,3.141592653589793
-2.6153136343492633,-3.141592653589793
-2.6153136343492633,3.141592653589793
-2.602357870809063,-3.141592653589793
-2.602357870809063,3.141592653589793
-2.589494945515083,-3.141592653589793
-2.589494945515083,3.141592653589793
-2.5767209395825588,-3.141592653589793
-2.5767209395825588,3.141592653589793
-2.5640321903305665,-3.141592653589793
-2.5640321903305665,3.141592653589793
-2.551425267304728,-3.141592653589793
-2.551425267304728,3.141592653589793
-2.538896951146356,-3.141592653589793
-2.538896951146356,3.141592653589793
-2.5264442149009327,-3.141592653589793
-2.5264442149009327,3.141592653589793
-2.5140642074288806,-3.141592653589793
-2.5140642074288806,3.141592653589793
-2.501754238631555,-3.141592653589793
-2.501754238631555,3.141592653589793
-2.4895117662556783,-3.141592653589793
-2.4895117662556783,3.141592653589793
-2.47733438406934,-3.141592653589793
-2.47733438406934,3.141592653589793
-2.465219811240514,-3.141592653589793
-2.465219811240514,3.141592653589793
-2.4531658827687366,-3.141592653589793
-2.4531658827687366,3.141592653589793
-2.4411705408438653,-3.141592653589793
-2.4411705408438653,3.141592653589793
-2.429231827023315,-3.141592653589793
-2.429231827023315,3.141592653589793
-2.417347875134211,-3.141592653589793
-2.417347875134211,3.141592653589793
-2.4055169048186924,-3.141592653589793
-2.4055169048186924,3.141592653589793
-2.3937372156514636,-3.141592653589793
-2.3937372156514636,3.141592653589793
-2.382007181768617,-3.141592653589793
-2.382007181768617,3.141592653589793
-2.370325246953296,-3.141592653589793
-2.370325246953296,3.141592653589793
-2.3586899201314195,-3.141592653589793
-2.3586899201314195,3.141592653589793
-2.3470997712353365,-3.141592653589793
-2.3470997712353365,3.141592653589793
-2.3355534273988825,-3.141592653589793
-2.3355534273988825,3.141592653589793
-2.324049569452059,-3.141592653589793
-2.324049569452059,3.141592653589793
-2.31258692868594,-3.141592653589793
-2.31258692868594,3.141592653589793
-2.301164283862126,-3.141592653589793
-2.301164283862126,3.141592653589793
-2.289780458445713,-3.141592653589793
-2.289780458445713,3.141592653589793
-2.278434318039033,-3.141592653589793
-2.278434318039033,3.141592653589793
-2.2671247680002247,-3.141592653589793
-2.2671247680002247,3.141592653589793
-2.2558507512293815,-3.141592653589793
-2.2558507512293815,3.141592653589793
-2.2446112461082093,-3.141592653589793
-2.2446112461082093,3.141592653589793
-2.2334052645795293,-3.141592653589793
-2.2334052645795293,3.141592653589793
-2.2222318503558975,-3.141592653589793
-2.2222318503558975,3.141592653589793
-2.2110900772454385,-3.141592653589793
-2.2110900772454385,3.141592653589793
-2.199979047586518,-3.141592653589793
-2.199979047586518,3.141592653589793
-2.188897890781853,-3.141592653589793
-2.188897890781853,3.141592653589793
-2.1778457619243796,-3.141592653589793
-2.1778457619243796,3.141592653589793
-2.166821840507809,-3.141592653589793
-2.166821840507809,3.141592653589793
-2.1558253292151215,-3.141592653589793
-2.1558253292151215,3.141592653589793
-2.1448554527798542,-3.141592653589793
-2.1448554527798542,3.141592653589793
-2.133911456913261,-3.141592653589793
-2.133911456913261,3.141592653589793
-2.1229926072944525,-3.141592653589793
-2.1229926072944525,3.141592653589793
-2.1120981886169217,-3.141592653589793
-2.1120981886169217,3.141592653589793
-2.101227503689348,-3.141592653589793
-2.101227503689348,3.141592653589793
-2.0903798725849843,-3.141592653589793
-2.0903798725849843,3.141592653589793
-2.0795546318376092,-3.141592653589793
-2.0795546318376092,3.141592653589793
-2.068751133680114,-3.141592653589793
-2.068751133680114,3.141592653589793
-2.0579687453231874,-3.141592653589793
-2.0579687453231874,3.141592653589793
-2.0472068482708115,-3.141592653589793
-2.0472068482708115,3.141592653589793
-2.036464837670856,-3.141592653589793
-2.036464837670856,3.141592653589793
-2.025742121697855,-3.141592653589793
-2.025742121697855,3.141592653589793
-2.0150381209661057,-3.141592653589793
-2.0150381209661057,3.141592653589793
-2.004352267970867,-3.141592653589793
-2.004352267970867,3.141592653589793
-1.9936840065565657,-3.141592653589793
-1.9936840065565657,3.141592653589793
-1.9830327914090178,-3.141592653589793
-1.9830327914090178,3.141592653589793
-1.9723980875714786,-3.141592653589793
-1.9723980875714786,3.141592653589793
-1.9617793699820816,-3.141592653589793
-1.9617793699820816,3.141592653589793
-1.9511761230319304,-3.141592653589793
-1.9511761230319304,3.141592653589793
-1.9405878401419434,-3.141592653589793
-1.9405878401419434,3.141592653589793
-1.9300140233579979,-3.141592653589793
-1.9300140233579979,3.141592653589793
-1.9194541829626308,-3.141592653589793
-1.9194541829626308,3.141592653589793
-1.9089078371027184,-3.141592653589793
-1.9089078371027184,3.141592653589793
-1.8983745114319266,-3.141592653589793
-1.8983745114319266,3.141592653589793
-1.8878537387671084,-3.141592653589793
-1.8878537387671084,3.141592653589793
-1.877345058757672,-3.141592653589793
-1.877345058757672,3.141592653589793
-1.866848017567614,-3.141592653589793
-1.866848017567614,3.141592653589793
-1.856362167568574,-3.141592653589793
-1.856362167568574,3.141592653589793
-1.8458870670442433,-3.141592653589793
-1.8458870670442433,3.141592653589793
-1.835422279904597,-3.141592653589793
-1.835422279904597,3.141592653589793
-1.8249673754100102,-3.141592653589793
-1.8249673754100102,3.141592653589793
-1.8145219279040385,-3.141592653589793
-1.8145219279040385,3.141592653589793
-1.804085516554908,-3.141592653589793
-1.804085516554908,3.141592653589793
-1.7936577251047858,-3.141592653589793
-1.7936577251047858,3.141592653589793
-1.7832381416264231,-3.141592653589793
-1.7832381416264231,3.141592653589793
-1.7728263582868815,-3.141592653589793
-1.7728263582868815,3.141592653589793
-1.7624219711176063,-3.141592653589793
-1.7624219711176063,3.141592653589793
-1.7520245797906242,-3.141592653589793
-1.7520245797906242,3.141592653589793
-1.7416337874004268,-3.141592653589793
-1.7416337874004268,3.141592653589793
-1.7312492002510116,-3.141592653589793
-1.7312492002510116,3.141592653589793
-1.7208704276480173,-3.141592653589793
-1.7208704276480173,3.141592653589793
-1.71049708169523,-3.141592653589793
-1.71049708169523,3.141592653589793
-1.700128777095394,-3.141592653589793
-1.700128777095394,3.141592653589793
-1.6897651309547874,-3.141592653589793
-1.6897651309547874,3.141592653589793
-1.6794057625915335,-3.141592653589793
-1.6794057625915335,3.141592653589793
-1.6690502933470248,-3.141592653589793
-1.6690502933470248,3.141592653589793
-1.658698346400392,-3.141592653589793
-1.658698346400392,3.141592653589793
-1.6483495465854665,-3.141592653589793
-1.6483495465854665,3.141592653589793
-1.6380035202104848,-3.141592653589793
-1.6380035202104848,3.141592653589793
-1.627659894879593,-3.141592653589793
-1.627659894879593,3.141592653589793
-1.6173182993163875,-3.141592653589793
-1.6173182993163875,3.141592653589793
-1.6069783631889734,-3.141592653589793
-1.6069783631889734,3.141592653589793
-1.5966397169363773,-3.141592653589793
-1.5966397169363773,3.141592653589793
-1.5863019915962238,-3.141592653589793
-1.5863019915962238,3.141592653589793
-1.575964818633005,-3.141592653589793
-1.575964818633005,3.141592653589793
-1.565627829767091,-3.141592653589793
-1.565627829767091,3.141592653589793
-1.5552906568041749,-3.141592653589793
-1.5552906568041749,3.141592653589793
-1.5449529314645765,-3.141592653589793
-1.5449529314645765,3.141592653589793
-1.5346142852128297,-3.141592653589793
-1.5346142852128297,3.141592653589793
-1.5242743490865052,-3.141592653589793
-1.5242743490865052,3.141592653589793
-1.513932753524696,-3.141592653589793
-1.513932753524696,3.141592653589793
-1.5035891281954907,-3.141592653589793
-1.5035891281954907,3.141592653589793
-1.4932431018224817,-3.141592653589793
-1.4932431018224817,3.141592653589793
-1.4828943020098142,-3.141592653589793
-1.4828943020098142,3.141592653589793
-1.4725423550656964,-3.141592653589793
-1.4725423550656964,3.141592653589793
-1.4621868858240192,-3.141592653589793
-1.4621868858240192,3.141592653589793
-1.4518275174638817,-3.141592653589793
-1.4518275174638817,3.141592653589793
-1.4414638713266628,-3.141592653589793
-1.4414638713266628,3.141592653589793
-1.4310955667304714,-3.141592653589793
-1.4310955667304714,3.141592653589793
-1.4207222207816435,-3.141592653589793
-1.4207222207816435,3.141592653589793
-1.410343448182901,-3.141592653589793
-1.410343448182901,3.141592653589793
-1.3999588610380203,-3.141592653589793
-1.3999588610380203,3.141592653589793
-1.3895680686526561,-3.141592653589793
-1.3895680686526561,3.141592653589793
-1.379170677330793,-3.141592653589793
-1.379170677330793,3.141592653589793
-1.368766290166951,-3.141592653589793
-1.368766290166951,3.141592653589793
-1.3583545068331642,-3.141592653589793
-1.3583545068331642,3.141592653589793
-1.34793492336084,-3.141592653589793
-1.34793492336084,3.141592653589793
-1.3375071319170118,-3.141592653589793
-1.3375071319170118,3.141592653589793
-1.3270707205744825,-3.141592653589793
-1.3270707205744825,3.141592653589793
-1.3166252730754142,-3.141592653589793
-1.3166252730754142,3.141592653589793
-1.306170368588061,-3.141592653589793
-1.306170368588061,3.141592653589793
-1.2957055814559688,-3.141592653589793
-1.2957055814559688,3.141592653589793
-1.2852304809394701,-3.141592653589793
-1.2852304809394701,3.141592653589793
-1.274744630948557,-3.141592653589793
-1.274744630948557,3.141592653589793
-1.2642475897669712,-3.141592653589793
-1.2642475897669712,3.141592653589793
-1.2537389097663196,-3.141592653589793
-1.2537389097663196,3.141592653589793
-1.2432181371105748,-3.141592653589793
-1.2432181371105748,3.141592653589793
-1.2326848114491746,-3.141592653589793
-1.2326848114491746,3.141592653589793
-1.222138465599004,-3.141592653589793
-1.222138465599004,3.141592653589793
-1.2115786252137024,-3.141592653589793
-1.2115786252137024,3.141592653589793
-1.2010048084401523,-3.141592653589793
-1.2010048084401523,3.141592653589793
-1.1904165255608827,-3.141592653589793
-1.1904165255608827,3.141592653589793
-1.1798132786217952,-3.141592653589793
-1.1798132786217952,3.141592653589793
-1.1691945610438375,-3.141592653589793
-1.1691945610438375,3.141592653589793
-1.1585598572180278,-3.141592653589793
-1.1585598572180278,3.141592653589793
-1.1479086420825897,-3.141592653589793
-1.1479086420825897,3.141592653589793
-1.1372403806807554,-3.141592653589793
-1.1372403806807554,3.141592653589793
-1.126554527698391,-3.141592653589793
-1.126554527698391,3.141592653589793
-1.1158505269798034,-3.141592653589793
-1.1158505269798034,3.141592653589793
-1.1051278110203953,-3.141592653589793
-1.1051278110203953,3.141592653589793
-1.094385800434399,-3.141592653589793
-1.094385800434399,3.141592653589793
-1.08362390339634,-3.141592653589793
-1.08362390339634,3.141592653589793
-1.0728415150540904,-3.141592653589793
-1.0728415150540904,3.141592653589793
-1.0620380169116879,-3.141592653589793
-1.0620380169116879,3.141592653589793
-1.0512127761797652,-3.141592653589793
-1.0512127761797652,3.141592653589793
-1.0403651450912612,-3.141592653589793
-1.0403651450912612,3.141592653589793
-1.029494460179986,-3.141592653589793
-1.029494460179986,3.141592653589793
-1.018600041519211,-3.141592653589793
-1.018600041519211,3.141592653589793
-1.0076811919175073,-3.141592653589793
-1.0076811919175073,3.141592653589793
-0.9967371960684532,-3.141592653589793
-0.9967371960684532,3.141592653589793
-0.9857673196511809,-3.141592653589793
-0.9857673196511809,3.141592653589793
-0.9747708083769872,-3.141592653589793
-0.9747708083769872,3.141592653589793
-0.9637468869792819,-3.141592653589793
-0.9637468869792819,3.141592653589793
-0.952694758141179,-3.141592653589793
-0.952694758141179,3.141592653589793
-0.9416136013563514,-3.141592653589793
-0.9416136013563514,3.141592653589793
-0.9305025717177718,-3.141592653589793
-0.9305025717177718,3.141592653589793
-0.9193607986281365,-3.141592653589793
-0.9193607986281365,3.141592653589793
-0.9081873844258114,-3.141592653589793
-0.9081873844258114,3.141592653589793
-0.8969814029190544,-3.141592653589793
-0.8969814029190544,3.141592653589793
-0.8857418978202628,-3.141592653589793
-0.8857418978202628,3.141592653589793
-0.8744678810723301,-3.141592653589793
-0.8744678810723301,3.141592653589793
-0.8631583310569579,-3.141592653589793
-0.8631583310569579,3.141592653589793
-0.851812190674297,-3.141592653589793
-0.851812190674297,3.141592653589793
-0.8404283652825258,-3.141592653589793
-0.8404283652825258,3.141592653589793
-0.8290057204840012,-3.141592653589793
-0.8290057204840012,3.141592653589793
-0.8175430797436735,-3.141592653589793
-0.8175430797436735,3.141592653589793
-0.8060392218233646,-3.141592653589793
-0.8060392218233646,3.141592653589793
-0.794492878014084,-3.141592653589793
-0.794492878014084,3.141592653589793
-0.7829027291457745,-3.141592653589793
-0.7829027291457745,3.141592653589793
-0.771267402352353,-3.141592653589793
-0.771267402352353,3.141592653589793
-0.7595854675661458,-3.141592653589793
-0.7595854675661458,3.141592653589793
-0.7478554337131509,-3.141592653589793
-0.7478554337131509,3.141592653589793
-0.7360757445765753,-3.141592653589793
-0.7360757445765753,3.141592653589793
-0.724244774292526,-3.141592653589793
-0.724244774292526,3.141592653589793
-0.7123608224357763,-3.141592653589793
-0.7123608224357763,3.141592653589793
-0.7004221086483247,-3.141592653589793
-0.7004221086483247,3.141592653589793
-0.6884267667573641,-3.141592653589793
-0.6884267667573641,3.141592653589793
-0.6763728383204113,-3.141592653589793
-0.6763728383204113,3.141592653589793
-0.6642582655273973,-3.141592653589793
-0.6642582655273973,3.141592653589793
-0.6520808833778048,-3.141592653589793
-0.6520808833778048,3.141592653589793
-0.6398384110396793,-3.141592653589793
-0.6398384110396793,3.141592653589793
-0.6275284422812902,-3.141592653589793
-0.6275284422812902,3.141592653589793
-0.6151484348490873,-3.141592653589793
-0.6151484348490873,3.141592653589793
-0.6026956986447584,-3.141592653589793
-0.6026956986447584,3.141592653589793
-0.5901673825286805,-3.141592653589793
-0.5901673825286805,3.141592653589793
-0.5775604595464731,-3.141592653589793
-0.5775604595464731,3.141592653589793
-0.5648717103393158,-3.141592653589793
-0.5648717103393158,3.141592653589793
-0.5520977044529046,-3.141592653589793
-0.5520977044529046,3.141592653589793
-0.5392347792065704,-3.141592653589793
-0.5392347792065704,3.141592653589793
-0.5262790157154451,-3.141592653589793
-0.5262790157154451,3.141592653589793
-0.5132262115759739,-3.141592653589793
-0.5132262115759739,3.141592653589793
-0.5000718496218678,-3.141592653589793
-0.5000718496218678,3.141592653589793
-0.48681106202624447,-3.141592653589793
-0.48681106202624447,3.141592653589793
-0.4734385888621536,-3.141592653589793
-0.4734385888621536,3.141592653589793
-0.4599487300240862,-3.141592653589793
-0.4599487300240862,3.141592653589793
-0.44633528914428183,-3.141592653589793
-0.44633528914428183,3.141592653589793
-0.43259150778855654,-3.141592653589793
-0.43259150778855654,3.141592653589793
-0.4187099877612495,-3.141592653589793
-0.4187099877612495,3.141592653589793
-0.4046825987451027,-3.141592653589793
-0.4046825987451027,3.141592653589793
-0.39050036769589036,-3.141592653589793
-0.39050036769589036,3.141592653589793
-0.37615334531984124,-3.141592653589793
-0.37615334531984124,3.141592653589793
-0.36163044346453443,-3.141592653589793
-0.36163044346453443,3.141592653589793
-0.3469192351686415,-3.141592653589793
-0.3469192351686415,3.141592653589793
-0.33200570616752034,-3.141592653589793
-0.33200570616752034,3.141592653589793
-0.3168739424062388,-3.141592653589793
-0.3168739424062388,3.141592653589793
-0.30150573187773133,-3.141592653589793
-0.30150573187773133,3.141592653589793
-0.2858800497531443,-3.141592653589793
-0.2858800497531443,3.141592653589793
-0.2699723813891942,-3.141592653589793
-0.2699723813891942,3.141592653589793
-0.25375381506456396,-3.141592653589793
-0.25375381506456396,3.141592653589793
-0.237189799206193,-3.141592653589793
-0.237189799206193,3.141592653589793
-0.22023839610689014,-3.141592653589793
-0.22023839610689014,3.141592653589793
-0.20284775334907038,-3.141592653589793
-0.20284775334907038,3.141592653589793
-0.18495230853165198,-3.141592653589793
-0.18495230853165198,3.141592653589793
-0.1664668375947476,-3.141592653589793
-0.1664668375947476,3.141592653589793
-0.14727659687226044,-3.141592653589793
-0.14727659687226044,3.141592653589793
-0.1272198052594417,-3.141592653589793
-0.1272198052594417,3.141592653589793
-0.10605344044295958,-3.141592653589793
-0.10605344044295958,3.141592653589793
-0.08337691270113455,-3.141592653589793
-0.08337691270113455,3.141592653589793
-0.05842246630699736,-3.141592653589793
-0.05842246630699736,3.141592653589793
-0.02920983104712107,-3.141592653589793
-0.02920983104712107,3.141592653589793
0.02920983104709687,-3.141592653589793
0.02920983104709687,3.141592653589793
0.05842246630696738,-3.141592653589793
0.05842246630696738,3.141592653589793
0.08337691270108215,-3.141592653589793
0.08337691270108215,3.141592653589793
0.10605344044291057,-3.141592653589793
0.10605344044291057,3.141592653589793
0.1272198052593865,-3.141592653589793
0.1272198052593865,3.141592653589793
0.14727659687220424,-3.141592653589793
0.14727659687220424,3.141592653589793
0.16646683759465494,-3.141592653589793
0.16646683759465494,3.141592653589793
0.18495230853154349,-3.141592653589793
0.18495230853154349,3.141592653589793
0.2028477533489687,-3.141592653589793
0.2028477533489687,3.141592653589793
0.22023839610679968,-3.141592653589793
0.22023839610679968,3.141592653589793
0.23718979920610314,-3.141592653589793
0.23718979920610314,3.141592653589793
0.25375381506447797,-3.141592653589793
0.25375381506447797,3.141592653589793
0.2699723813891483,-3.141592653589793
0.2699723813891483,3.141592653589793
0.2858800497531655,-3.141592653589793
0.2858800497531655,3.141592653589793
0.3015057318777254,-3.141592653589793
0.3015057318777254,3.141592653589793
0.31687394240621636,-3.141592653589793
0.31687394240621636,3.141592653589793
0.3320057061675501,-3.141592653589793
0.3320057061675501,3.141592653589793
0.3469192351686995,-3.141592653589793
0.3469192351686995,3.141592653589793
0.3616304434646422,-3.141592653589793
0.3616304434646422,3.141592653589793
0.37615334531997735,-3.141592653589793
0.37615334531997735,3.141592653589793
0.3905003676960189,-3.141592653589793
0.3905003676960189,3.141592653589793
0.4046825987452639,-3.141592653589793
0.4046825987452639,3.141592653589793
0.418709987761413,-3.141592653589793
0.418709987761413,3.141592653589793
0.43259150778874983,-3.141592653589793
0.43259150778874983,3.141592653589793
0.4463352891444681,-3.141592653589793
0.4463352891444681,3.141592653589793
0.4599487300242714,-3.141592653589793
0.4599487300242714,3.141592653589793
0.47343858886234497,-3.141592653589793
0.47343858886234497,3.141592653589793
0.48681106202645874,-3.141592653589793
0.48681106202645874,3.141592653589793
0.5000718496220898,-3.141592653589793
0.5000718496220898,3.141592653589793
0.5132262115761795,-3.141592653589793
0.5132262115761795,3.141592653589793
0.526279015715689,-3.141592653589793
0.526279015715689,3.141592653589793
0.5392347792068244,-3.141592653589793
0.5392347792068244,3.141592653589793
0.552097704453147,-3.141592653589793
0.552097704453147,3.141592653589793
0.5648717103395118,-3.141592653589793
0.5648717103395118,3.141592653589793
0.5775604595466445,-3.141592653589793
0.5775604595466445,3.141592653589793
0.5901673825288348,-3.141592653589793
0.5901673825288348,3.141592653589793
0.6026956986449638,-3.141592653589793
0.6026956986449638,3.141592653589793
0.6151484348493192,-3.141592653589793
0.6151484348493192,3.141592653589793
0.6275284422815887,-3.141592653589793
0.6275284422815887,3.141592653589793
0.6398384110400396,-3.141592653589793
0.6398384110400396,3.141592653589793
0.6520808833781611,-3.141592653589793
0.6520808833781611,3.141592653589793
0.6642582655277905,-3.141592653589793
0.6642582655277905,3.141592653589793
0.6763728383208009,-3.141592653589793
0.6763728383208009,3.141592653589793
0.6884267667577386,-3.141592653589793
0.6884267667577386,3.141592653589793
0.7004221086487277,-3.141592653589793
0.7004221086487277,3.141592653589793
0.7123608224361844,-3.141592653589793
0.7123608224361844,3.141592653589793
0.7242447742929804,-3.141592653589793
0.7242447742929804,3.141592653589793
0.7360757445769692,-3.141592653589793
0.7360757445769692,3.141592653589793
0.7478554337135584,-3.141592653589793
0.7478554337135584,3.141592653589793
0.759585467566545,-3.141592653589793
0.759585467566545,3.141592653589793
0.7712674023527045,-3.141592653589793
0.7712674023527045,3.141592653589793
0.7829027291460939,-3.141592653589793
0.7829027291460939,3.141592653589793
0.794492878014381,-3.141592653589793
0.794492878014381,3.141592653589793
0.8060392218237047,-3.141592653589793
0.8060392218237047,3.141592653589793
0.8175430797439761,-3.141592653589793
0.8175430797439761,3.141592653589793
0.8290057204843289,-3.141592653589793
0.8290057204843289,3.141592653589793
0.8404283652828906,-3.141592653589793
0.8404283652828906,3.141592653589793
0.8518121906746677,-3.141592653589793
0.8518121906746677,3.141592653589793
0.863158331057323,-3.141592653589793
0.863158331057323,3.141592653589793
0.8744678810726874,-3.141592653589793
0.8744678810726874,3.141592653589793
0.8857418978205798,-3.141592653589793
0.8857418978205798,3.141592653589793
0.896981402919388,-3.141592653589793
0.896981402919388,3.141592653589793
0.9081873844261755,-3.141592653589793
0.9081873844261755,3.141592653589793
0.9193607986284732,-3.141592653589793
0.9193607986284732,3.141592653589793
0.9305025717181543,-3.141592653589793
0.9305025717181543,3.141592653589793
0.9416136013567427,-3.141592653589793
0.9416136013567427,3.141592653589793
0.9526947581415346,-3.141592653589793
0.9526947581415346,3.141592653589793
0.9637468869796135,-3.141592653589793
0.9637468869796135,3.141592653589793
0.974770808377297,-3.141592653589793
0.974770808377297,3.141592653589793
0.9857673196514978,-3.141592653589793
0.9857673196514978,3.141592653589793
0.9967371960688338,-3.141592653589793
0.9967371960688338,3.141592653589793
1.0076811919178519,-3.141592653589793
1.0076811919178519,3.141592653589793
1.01860004151959,-3.141592653589793
1.01860004151959,3.141592653589793
1.0294944601803597,-3.141592653589793
1.0294944601803597,3.141592653589793
1.0403651450916278,-3.141592653589793
1.0403651450916278,3.141592653589793
1.0512127761800962,-3.141592653589793
1.0512127761800962,3.141592653589793
1.0620380169119974,-3.141592653589793
1.0620380169119974,3.141592653589793
1.072841515054358,-3.141592653589793
1.072841515054358,3.141592653589793
1.0836239033966413,-3.141592653589793
1.0836239033966413,3.141592653589793
1.0943858004347087,-3.141592653589793
1.0943858004347087,3.141592653589793
1.105127811020714,-3.141592653589793
1.105127811020714,3.141592653589793
1.1158505269801335,-3.141592653589793
1.1158505269801335,3.141592653589793
1.1265545276987132,-3.141592653589793
1.1265545276987132,3.141592653589793
1.1372403806810771,-3.141592653589793
1.1372403806810771,3.141592653589793
1.1479086420829525,-3.141592653589793
1.1479086420829525,3.141592653589793
1.1585598572184135,-3.141592653589793
1.1585598572184135,3.141592653589793
1.1691945610442103,-3.141592653589793
1.1691945610442103,3.141592653589793
1.1798132786221738,-3.141592653589793
1.1798132786221738,3.141592653589793
1.1904165255612713,-3.141592653589793
1.1904165255612713,3.141592653589793
1.201004808440492,-3.141592653589793
1.201004808440492,3.141592653589793
1.2115786252140381,-3.141592653589793
1.2115786252140381,3.141592653589793
1.2221384655993475,-3.141592653589793
1.2221384655993475,3.141592653589793
1.2326848114495028,-3.141592653589793
1.2326848114495028,3.141592653589793
1.243218137110854,-3.141592653589793
1.243218137110854,3.141592653589793
1.2537389097666005,-3.141592653589793
1.2537389097666005,3.141592653589793
1.2642475897672405,-3.141592653589793
1.2642475897672405,3.141592653589793
1.27474463094886,-3.141592653589793
1.27474463094886,3.141592653589793
1.285230480939764,-3.141592653589793
1.285230480939764,3.141592653589793
1.2957055814562894,-3.141592653589793
1.2957055814562894,3.141592653589793
1.3061703685884127,-3.141592653589793
1.3061703685884127,3.141592653589793
1.3166252730757881,-3.141592653589793
1.3166252730757881,3.141592653589793
1.32707072057483,-3.141592653589793
1.32707072057483,3.141592653589793
1.3375071319173715,-3.141592653589793
1.3375071319173715,3.141592653589793
1.3479349233611837,-3.141592653589793
1.3479349233611837,3.141592653589793
1.3583545068335439,-3.141592653589793
1.3583545068335439,3.141592653589793
1.3687662901673465,-3.141592653589793
1.3687662901673465,3.141592653589793
1.3791706773311811,-3.141592653589793
1.3791706773311811,3.141592653589793
1.3895680686530367,-3.141592653589793
1.3895680686530367,3.141592653589793
1.3999588610383928,-3.141592653589793
1.3999588610383928,3.141592653589793
1.4103434481832655,-3.141592653589793
1.4103434481832655,3.141592653589793
1.4207222207820205,-3.141592653589793
1.4207222207820205,3.141592653589793
1.4310955667308518,-3.141592653589793
1.4310955667308518,3.141592653589793
1.4414638713270171,-3.141592653589793
1.4414638713270171,3.141592653589793
1.4518275174642212,-3.141592653589793
1.4518275174642212,3.141592653589793
1.462186885824342,-3.141592653589793
1.462186885824342,3.141592653589793
1.4725423550660044,-3.141592653589793
1.4725423550660044,3.141592653589793
1.4828943020101222,-3.141592653589793
1.4828943020101222,3.141592653589793
1.4932431018227947,-3.141592653589793
1.4932431018227947,3.141592653589793
1.5035891281958107,-3.141592653589793
1.5035891281958107,3.141592653589793
1.5139327535249925,-3.141592653589793
1.5139327535249925,3.141592653589793
1.5242743490867918,-3.141592653589793
1.5242743490867918,3.141592653589793
1.5346142852131115,-3.141592653589793
1.5346142852131115,3.141592653589793
1.5449529314648323,-3.141592653589793
1.5449529314648323,3.141592653589793
1.5552906568043978,-3.141592653589793
1.5552906568043978,3.141592653589793
1.565627829767322,-3.141592653589793
1.565627829767322,3.141592653589793
1.575964818633233,-3.141592653589793
1.575964818633233,3.141592653589793
1.5863019915964238,-3.141592653589793
1.5863019915964238,3.141592653589793
1.596639716936555,-3.141592653589793
1.596639716936555,3.141592653589793
1.6069783631891341,-3.141592653589793
1.6069783631891341,3.141592653589793
1.6173182993165747,-3.141592653589793
1.6173182993165747,3.141592653589793
1.6276598948797654,-3.141592653589793
1.6276598948797654,3.141592653589793
1.638003520210632,-3.141592653589793
1.638003520210632,3.141592653589793
1.6483495465855882,-3.141592653589793
1.6483495465855882,3.141592653589793
1.6586983464005127,-3.141592653589793
1.6586983464005127,3.141592653589793
1.6690502933471483,-3.141592653589793
1.6690502933471483,3.141592653589793
1.6794057625916194,-3.141592653589793
1.6794057625916194,3.141592653589793
1.6897651309548727,-3.141592653589793
1.6897651309548727,3.141592653589793
1.7001287770954552,-3.141592653589793
1.7001287770954552,3.141592653589793
1.7104970816952856,-3.141592653589793
1.7104970816952856,3.141592653589793
1.7208704276480482,-3.141592653589793
1.7208704276480482,3.141592653589793
1.7312492002510538,-3.141592653589793
1.7312492002510538,3.141592653589793
1.7416337874004815,-3.141592653589793
1.7416337874004815,3.141592653589793
1.7520245797906737,-3.141592653589793
1.7520245797906737,3.141592653589793
1.7624219711176383,-3.141592653589793
1.7624219711176383,3.141592653589793
1.7728263582868977,-3.141592653589793
1.7728263582868977,3.141592653589793
1.7832381416264016,-3.141592653589793
1.7832381416264016,3.141592653589793
1.7936577251047594,-3.141592653589793
1.7936577251047594,3.141592653589793
1.8040855165549057,-3.141592653589793
1.8040855165549057,3.141592653589793
1.814521927904015,-3.141592653589793
1.814521927904015,3.141592653589793
1.824967375409983,-3.141592653589793
1.824967375409983,3.141592653589793
1.8354222799045623,-3.141592653589793
1.8354222799045623,3.141592653589793
1.8458870670441963,-3.141592653589793
1.8458870670441963,3.141592653589793
1.8563621675684834,-3.141592653589793
1.8563621675684834,3.141592653589793
1.8668480175674944,-3.141592653589793
1.8668480175674944,3.141592653589793
1.8773450587575233,-3.141592653589793
1.8773450587575233,3.141592653589793
1.887853738766949,-3.141592653589793
1.887853738766949,3.141592653589793
1.898374511431758,-3.141592653589793
1.898374511431758,3.141592653589793
1.9089078371025294,-3.141592653589793
1.9089078371025294,3.141592653589793
1.9194541829624516,-3.141592653589793
1.9194541829624516,3.141592653589793
1.9300140233578527,-3.141592653589793
1.9300140233578527,3.141592653589793
1.9405878401418049,-3.141592653589793
1.9405878401418049,3.141592653589793
1.9511761230317899,-3.141592653589793
1.9511761230317899,3.141592653589793
1.9617793699818966,-3.141592653589793
1.9617793699818966,3.141592653589793
1.9723980875712557,-3.141592653589793
1.9723980875712557,3.141592653589793
1.9830327914088142,-3.141592653589793
1.9830327914088142,3.141592653589793
1.9936840065563814,-3.141592653589793
1.9936840065563814,3.141592653589793
2.004352267970711,-3.141592653589793
2.004352267970711,3.141592653589793
2.0150381209659307,-3.141592653589793
2.0150381209659307,3.141592653589793
2.0257421216977374,-3.141592653589793
2.0257421216977374,3.141592653589793
2.0364648376707577,-3.141592653589793
2.0364648376707577,3.141592653589793
2.0472068482706995,-3.141592653589793
2.0472068482706995,3.141592653589793
2.0579687453230897,-3.141592653589793
2.0579687453230897,3.141592653589793
2.068751133680056,-3.141592653589793
2.068751133680056,3.141592653589793
2.0795546318375298,-3.141592653589793
2.0795546318375298,3.141592653589793
2.090379872584899,-3.141592653589793
2.090379872584899,3.141592653589793
2.10122750368922,-3.141592653589793
2.10122750368922,3.141592653589793
2.1120981886167796,-3.141592653589793
2.1120981886167796,3.141592653589793
2.1229926072942953,-3.141592653589793
2.1229926072942953,3.141592653589793
2.1339114569130917,-3.141592653589793
2.1339114569130917,3.141592653589793
2.144855452779638,-3.141592653589793
2.144855452779638,3.141592653589793
2.1558253292149634,-3.141592653589793
2.1558253292149634,3.141592653589793
2.16682184050763,-3.141592653589793
2.16682184050763,3.141592653589793
2.1778457619242104,-3.141592653589793
2.1778457619242104,3.141592653589793
2.1888978907817207,-3.141592653589793
2.1888978907817207,3.141592653589793
2.199979047586362,-3.141592653589793
2.199979047586362,3.141592653589793
2.2110900772452657,-3.141592653589793
2.2110900772452657,3.141592653589793
2.222231850355764,-3.141592653589793
2.222231850355764,3.141592653589793
2.2334052645793476,-3.141592653589793
2.2334052645793476,3.141592653589793
2.2446112461079664,-3.141592653589793
2.2446112461079664,3.141592653589793
2.2558507512291324,-3.141592653589793
2.2558507512291324,3.141592653589793
2.26712476799999,-3.141592653589793
2.26712476799999,3.141592653589793
2.2784343180388054,-3.141592653589793
2.2784343180388054,3.141592653589793
2.2897804584455197,-3.141592653589793
2.2897804584455197,3.141592653589793
2.3011642838619872,-3.141592653589793
2.3011642838619872,3.141592653589793
2.312586928685766,-3.141592653589793
2.312586928685766,3.141592653589793
2.3240495694518937,-3.141592653589793
2.3240495694518937,3.141592653589793
2.3355534273986778,-3.141592653589793
2.3355534273986778,3.141592653589793
2.3470997712351482,-3.141592653589793
2.3470997712351482,3.141592653589793
2.358689920131272,-3.141592653589793
2.358689920131272,3.141592653589793
2.3703252469531058,-3.141592653589793
2.3703252469531058,3.141592653589793
2.382007181768465,-3.141592653589793
2.382007181768465,3.141592653589793
2.393737215651389,-3.141592653589793
2.393737215651389,3.141592653589793
2.405516904818697,-3.141592653589793
2.405516904818697,3.141592653589793
2.4173478751341952,-3.141592653589793
2.4173478751341952,3.141592653589793
2.429231827023257,-3.141592653589793
2.429231827023257,3.141592653589793
2.441170540843865,-3.141592653589793
2.441170540843865,3.141592653589793
2.4531658827687415,-3.141592653589793
2.4531658827687415,3.141592653589793
2.465219811240568,-3.141592653589793
2.465219811240568,3.141592653589793
2.4773343840694353,-3.141592653589793
2.4773343840694353,3.141592653589793
2.4895117662557693,-3.141592653589793
2.4895117662557693,3.141592653589793
2.501754238631685,-3.141592653589793
2.501754238631685,3.141592653589793
2.514064207428829,-3.141592653589793
2.514064207428829,3.141592653589793
2.5264442149008937,-3.141592653589793
2.5264442149008937,3.141592653589793
2.5388969511462,-3.141592653589793
2.5388969511462,3.141592653589793
2.5514252673046376,-3.141592653589793
2.5514252673046376,3.141592653589793
2.564032190330205,-3.141592653589793
2.564032190330205,3.141592653589793
2.576720939582082,-3.141592653589793
2.576720939582082,3.141592653589793
2.5894949455147174,-3.141592653589793
2.5894949455147174,3.141592653589793
2.602357870808556,-3.141592653589793
2.602357870808556,3.141592653589793
2.6153136343487633,-3.141592653589793
2.6153136343487633,3.141592653589793
2.6283664385389667,-3.141592653589793
2.6283664385389667,3.141592653589793
2.6415208005454067,-3.141592653589793
2.6415208005454067,3.141592653589793
2.6547815881951022,-3.141592653589793
2.6547815881951022,3.141592653589793
2.6681540614151915,-3.141592653589793
2.6681540614151915,3.141592653589793
2.681643920311264,-3.141592653589793
2.681643920311264,3.141592653589793
2.6952573612512394,-3.141592653589793
2.6952573612512394,3.141592653589793
2.7090011426694827,-3.141592653589793
2.7090011426694827,3.141592653589793
2.7228826627616614,-3.141592653589793
2.7228826627616614,3.141592653589793
2.736910051845272,-3.141592653589793
2.736910051845272,3.141592653589793
2.7510922829646516,-3.141592653589793
2.7510922829646516,3.141592653589793
2.7654393054137802,-3.141592653589793
2.7654393054137802,3.141592653589793
2.77996220734543,-3.141592653589793
2.77996220734543,3.141592653589793
2.7946734157213178,-3.141592653589793
2.7946734157213178,3.141592653589793
2.8095869448062047,-3.141592653589793
2.8095869448062047,3.141592653589793
2.824718708655099,-3.141592653589793
2.824718708655099,3.141592653589793
2.8400869192758895,-3.141592653589793
2.8400869192758895,3.141592653589793
2.8557126014974554,-3.141592653589793
2.8557126014974554,3.141592653589793
2.871620269963883,-3.141592653589793
2.871620269963883,3.141592653589793
2.887838836396959,-3.141592653589793
2.887838836396959,3.141592653589793
2.9044028523701906,-3.141592653589793
2.9044028523701906,3.141592653589793
2.921354255591535,-3.141592653589793
2.921354255591535,3.141592653589793
2.93874489847952,-3.141592653589793
2.93874489847952,3.141592653589793
2.9566403434364967,-3.141592653589793
2.9566403434364967,3.141592653589793
2.975125814523041,-3.141592653589793
2.975125814523041,3.141592653589793
2.9943160554065695,-3.141592653589793
2.9943160554065695,3.141592653589793
3.014372847193342,-3.141592653589793
3.014372847193342,3.141592653589793
3.035539212198392,-3.141592653589793
3.035539212198392,3.141592653589793
3.0582157401443695,-3.141592653589793
3.0582157401443695,3.141592653589793
3.0831701867628216,-3.141592653589793
3.0831701867628216,3.141592653589793
3.112382822283236,-3.141592653589793
3.112382822283236,3.141592653589793
3.141592653589793,-3.141592653589793
3.141592653589793,3.141592653589793
